-10.121484
-8.052226
-8.839049
-7.949944
-6.262319
-2.979174
-1.091826
-2.258843
-3.747494
-6.770618
-6.451638
-5.575296
-5.495502
-6.277277
-6.896552
-8.298298
-8.385198
-7.500505
-5.828272
-2.393148
-0.681810
-2.355579
-5.023664
-6.042021
-3.956058
-2.863292
-2.807663
-3.916886
-5.722324
-2.819750
-0.799396
2.225497
2.820076
1.687636
2.841113
5.386568
6.495690
5.807276
4.082494
-0.145007
-3.043487
-3.268979
-3.804942
-4.525923
-2.531181
-1.688971
-3.345205
-4.121466
-3.206859
-0.332814
0.442434
1.757721
1.775617
-0.265550
-1.676015
-1.055345
0.491015
1.373052
1.791705
-1.065692
-2.499860
-1.179559
-0.119158
0.212184
1.605771
3.005812
1.580818
-1.004001
-3.602390
-5.330617
-4.141510
-3.500893
-5.230409
-8.765865
-8.325562
-6.434207
-4.101643
-2.523677
-1.830731
-0.287765
-0.749923
-0.802769
-0.889118
-1.496953
-2.314966
-4.285577
-5.333972
-5.254018
-3.557076
-3.390246
-3.570716
-3.735138
-4.436510
-5.643897
-6.078465
-5.249108
-3.912493
-3.878356
-5.964128
-4.685517
-3.058812
0.205453
2.548617
2.859746
2.797639
2.553227
2.921753
1.585328
0.054013
-2.841797
-3.049649
-2.061544
-1.605597
-1.087774
-1.405280
-1.706288
-0.458903
0.148143
-0.407776
-3.011027
-4.040887
-4.663016
-5.836258
-6.804464
-8.266526
-7.897726
-5.858083
-5.169247
-4.887002
-5.413834
-4.641162
-5.657108
-7.828545
-8.955823
-7.853558
-5.755909
-5.735539
-6.348096
-5.299978
-4.398478
-3.206621
-4.065227
-5.759698
-5.143776
-5.267001
-5.551397
-6.095863
-5.964177
-5.593551
-4.715280
-7.094187
-7.499578
-5.740314
-5.691497
-6.377097
-5.966599
-4.263965
-1.183054
1.174328
0.768834
-1.276696
-1.571969
-3.173655
-3.740445
-0.997375
0.957947
0.849260
1.765166
1.765008
-0.374499
-2.595710
-1.754207
0.498527
1.165117
-0.262534
-1.616613
-1.548771
-1.014753
-2.311630
-7.742626
-10.162110
-9.214602
-7.357282
-6.219901
-5.984366
-6.299228
-5.748938
-6.742308
-9.191233
-8.864788
-8.261966
-7.457240
-6.865164
-5.746268
-5.643887
-5.496919
-6.634300
-5.966480
-6.627099
-6.204577
-5.147993
-4.249854
-4.012329
-3.495028
-4.353590
-5.943679
-6.656779
-6.963432
-5.281964
-3.836139
-2.629039
-2.645279
-3.953565
-6.305374
-7.307127
-7.232416
-7.339931
-6.965388
-6.545953
-7.594603
-5.599315
-4.891516
-5.117083
-4.079053
-2.827324
-3.704299
-6.210746
-8.743144
-9.674955
-5.709944
-4.300849
-2.900752
-2.494639
-2.588653
-2.872256
-2.256795
-1.877482
-3.437790
-5.559643
-7.098631
-6.136502
-5.063518
-3.503938
-2.014862
-2.199288
-2.723323
-3.916965
-5.537536
-6.389015
-6.637085
-5.872529
-6.101827
-6.415713
-7.459702
-7.427201
-8.276669
-6.343708
-3.654286
-1.185505
3.031703
2.788951
2.127672
-0.036846
-2.317569
-5.116683
-5.984183
-2.888207
-0.620318
0.413944
1.861982
2.547108
1.926965
0.226579
-1.070078
-0.026671
1.739704
1.134495
-0.001693
-0.570232
-3.560666
-2.503826
-0.572839
0.290721
0.884913
0.836239
-0.525275
-2.005415
-3.662310
-3.002114
-1.097824
-1.075059
-2.079354
-3.849607
-5.701601
-5.168923
-3.153373
-1.119188
-1.051281
-3.833608
-9.329227
-9.624521
-9.448827
-9.743547
-10.290947
-10.639873
-11.277274
-12.287584
-10.858166
-9.135003
-8.998417
-8.791340
-8.133989
-8.132633
-10.471993
-11.271405
-10.237627
-9.296925
-8.995113
-8.670935
-6.514256
-5.434528
-5.067604
-6.528130
-8.421280
-9.731368
-10.190905
-8.261689
-6.333207
-6.293504
-6.801835
-7.647161
-8.673332
-9.271542
-8.314179
-8.537928
-7.945089
-6.107611
-4.904300
-4.212871
-2.157097
-2.903047
-1.312045
-1.020616
-3.427271
-6.787066
-8.925972
-8.102561
-7.315664
-7.043639
-6.339597
-5.762211
-3.058780
-1.861098
-1.630139
-2.441279
-2.995572
-3.964966
-4.168472
-3.528474
-2.084492
-1.757960
-1.529855
-2.518124
-3.303245
-1.456649
-0.416347
-0.135868
-1.176921
-2.379551
-3.389680
-2.047396
0.130994
0.270743
-1.058333
-3.005613
-6.098156
-7.203617
-6.386208
-4.965101
-5.320430
-4.753147
-4.629001
-4.369405
-2.737261
-1.431311
-1.180543
-1.020377
-2.744542
-4.644870
-1.040491
1.821522
3.767554
4.413449
4.115892
3.428763
3.786312
2.006756
0.559589
0.841183
0.508304
2.089882
1.715414
-1.207752
-4.279526
-4.826959
-3.649166
-1.216940
0.917499
2.130741
1.151460
1.626180
-1.371472
-5.203944
-6.576012
-5.577474
-4.378505
-2.508410
-1.851321
0.306444
-0.664325
-1.731463
-2.524998
-3.865732
-4.363076
-3.630384
-1.837063
-0.086127
0.179789
0.889953
-1.437063
-2.552341
-4.653951
-5.263540
-4.980054
-3.316095
-2.230155
-1.219770
-0.590578
-2.469094
-4.702586
-4.425787
-2.785290
-2.225644
-1.474622
0.576620
2.025361
2.014335
1.604478
1.640644
1.171654
0.318085
0.872421
-0.056668
-0.900102
-0.140322
0.752037
0.571103
0.186592
-0.149234
3.010589
2.891738
0.476827
-0.819199
-0.984718
-1.492939
-1.395299
0.591767
2.071996
1.331046
-1.869865
-4.885550
-5.457433
-5.393075
-5.768244
-4.833419
-2.907531
-1.513884
-1.032602
-1.292798
0.534204
2.633028
3.164437
2.233244
1.656503
1.175998
0.615614
-0.612599
0.203582
2.082393
3.235046
4.145946
3.032514
1.934019
2.356296
3.237460
5.184648
6.628807
7.479515
7.270408
4.937207
2.168452
-0.754699
-1.223118
0.543001
3.839641
4.398405
2.320348
-0.903818
-1.082455
-3.536745
-6.279500
-5.940794
-1.909260
0.883274
1.975484
1.805852
1.395874
2.297976
5.216159
12.588451
17.249049
20.755365
26.171257
34.162777
42.076144
46.535739
50.145188
54.722310
59.371275
65.632549
73.508164
84.254995
93.876539
101.710945
111.171469
118.356685
124.991929
132.094718
140.437517
146.879342
153.355960
160.560355
169.010604
178.806927
189.404380
198.948267
206.121624
213.537264
226.413530
240.192480
253.950040
266.137289
275.307113
282.276819
290.605022
300.362329
310.987144
322.149309
329.945085
338.331832
349.866807
358.807124
367.413809
375.752407
384.365754
391.806677
396.283570
400.873570
409.639581
421.137609
435.992596
451.116710
465.687860
479.010799
493.484049
508.352038
525.684371
543.854968
561.806849
575.149818
584.758189
594.437637
604.246253
614.693747
625.853574
636.108601
644.541590
652.304580
661.285627
673.431521
686.330558
700.648354
714.665697
724.746631
733.013149
743.387389
755.803783
768.878137
781.275241
792.290871
799.257055
805.542762
811.813660
817.855347
825.594694
834.924708
841.054899
845.374500
849.962235
853.388645
855.722212
856.677812
856.993908
854.427619
848.686564
841.255109
835.297536
830.101386
824.837301
824.630264
823.961591
826.070567
827.524126
826.044343
820.684495
812.504945
802.574686
791.782315
779.585629
767.400545
755.447780
745.658835
739.542217
735.060376
728.119955
715.702989
699.557759
682.868074
668.980843
660.685981
647.049215
634.415865
624.146990
614.310353
605.699463
596.391118
584.487930
572.368350
561.482573
551.857095
542.542607
530.973432
518.272713
505.916249
495.187980
488.179249
483.557749
481.122101
480.150233
479.115914
475.538601
468.222825
458.339602
447.660774
436.962350
429.588823
425.070301
422.786792
421.499650
426.398508
436.001469
450.141604
465.734126
477.790787
486.207763
493.795368
504.118448
512.050436
512.763546
503.339752
488.850725
474.816575
462.402824
453.466650
446.214652
439.607395
436.482013
440.719130
448.914307
454.273457
458.573779
459.251539
455.317319
444.962604
429.244574
411.329101
394.019637
377.046081
358.537654
340.176913
325.577812
311.997614
294.265123
276.326577
263.276936
254.112023
245.995168
232.402782
211.000089
182.346391
158.298567
136.159892
110.341709
82.391062
57.900085
41.783581
33.287774
30.424535
27.425473
20.598319
16.497734
16.629094
18.425342
18.303213
17.455249
15.527849
13.375874
12.328820
10.845845
10.451328
10.582172
11.567516
14.728193
17.225606
19.909546
22.365669
24.001782
24.047394
25.047627
26.588495
27.040605
27.116732
27.943789
28.246255
28.001390
27.277408
26.914859
27.103496
27.851873
26.966205
27.326733
26.974281
27.813908
28.045425
27.194839
29.694821
33.446522
37.957135
41.923373
46.804114
48.633934
49.225440
47.811870
44.774288
42.556506
39.600693
39.767007
42.415949
45.313622
45.929008
48.624068
56.659354
76.815477
108.680450
153.466504
210.083958
278.103739
361.613885
471.598882
617.887245
768.439998
898.969660
982.554476
1015.147194
1012.535232
1000.781326
995.850760
999.913211
1003.515676
998.168721
985.415232
976.157038
973.977253
971.391238
959.742225
940.582827
920.311843
905.381713
892.438284
879.225251
860.448842
845.309176
843.075125
860.111282
893.742472
925.552716
936.064825
922.381806
896.493207
864.963164
839.241547
814.993535
796.935297
793.067233
810.498690
838.584773
858.667818
857.744362
837.940960
811.082990
782.943926
749.469550
712.387136
685.058546
686.735409
731.003998
812.653639
908.603042
993.250363
1047.802035
1060.756903
1041.477569
1011.018574
988.442453
985.314969
995.882766
1004.996466
997.202614
966.576236
924.806010
892.801259
876.557199
878.886177
896.784734
916.968322
921.551662
902.632041
868.371215
833.840757
810.396253
801.304886
791.353285
762.899062
714.187735
673.124957
683.805006
766.009434
875.560237
927.655388
880.362366
781.878596
700.781839
675.055704
694.017208
733.754202
775.442964
812.837538
852.306833
897.415099
943.662748
988.197791
1024.608214
1042.602071
1035.760772
1010.387863
979.367948
955.993346
943.066382
936.755596
944.388112
966.391535
992.885686
1010.555405
1008.002656
985.252596
950.082286
917.723836
902.253161
905.805410
925.998762
949.358920
962.169903
960.366493
944.671559
920.682352
896.569981
879.613720
875.539355
877.757246
866.298539
827.569412
771.964108
740.984884
779.334186
881.586826
977.670328
988.858910
904.034477
784.684310
697.429931
663.774854
665.833079
676.053887
678.711798
679.843599
697.236829
748.374093
832.088389
928.933361
1012.865072
1067.522611
1080.459793
1056.165535
1010.277792
963.930636
932.411206
922.728635
933.533832
953.495633
973.840497
982.977295
986.740093
994.587701
1008.259151
1016.311224
1004.735688
976.126242
943.993178
915.040943
888.475215
867.930499
862.939607
878.403496
904.615076
925.957078
937.223033
943.823335
948.648620
947.874665
931.198291
900.353931
859.713137
814.313979
771.931569
742.099889
730.841723
735.744295
743.388784
740.155355
725.057034
710.628404
705.353422
711.350919
718.713055
715.732663
703.965132
705.407049
734.883258
790.881910
855.057710
911.282490
953.512492
982.794246
1001.667555
1016.233836
1025.832598
1025.985994
1020.112494
1011.951291
1005.119514
1000.635325
995.447338
991.776643
988.311948
983.203271
975.169497
967.766476
961.512444
959.088203
954.714596
931.233465
884.303127
822.525181
766.671462
745.777319
771.647531
819.484189
849.797063
839.210317
801.082503
756.643960
724.096150
695.903118
665.776027
637.031700
629.099186
672.026680
780.454220
923.572050
1041.925967
1098.884804
1092.463930
1044.150832
972.506397
906.128732
867.979208
869.053443
903.686102
951.846474
998.789339
1024.722939
1025.796101
1005.419274
974.756940
947.781652
934.797867
938.056807
956.434357
980.779976
1002.479566
1008.395186
1001.657072
993.994050
990.975983
990.662348
997.425071
1009.672940
1017.472231
1013.385668
990.227190
958.120942
927.683314
906.435581
891.560476
882.957085
871.997096
855.567598
836.905475
819.848163
807.848212
800.694328
782.048193
747.966853
708.839347
683.617794
686.019449
716.983189
772.373881
834.265110
882.848940
905.958573
912.199062
920.564579
941.737308
970.284542
990.965235
987.760363
965.372678
947.181586
949.374961
965.512886
986.523060
999.384114
1000.944910
992.956322
977.881145
961.420821
952.435783
953.448741
959.795832
966.610077
975.013306
987.534346
1000.201287
1007.026652
1001.113754
989.719366
980.947300
975.464835
974.484227
981.159918
986.818172
978.530377
959.475609
939.730547
930.306399
937.764902
954.346130
955.226857
914.645242
853.233747
817.883845
836.073930
877.084146
882.565505
833.456672
766.177018
722.983501
705.320438
695.111525
685.511472
691.340887
736.793138
830.582263
947.843323
1042.725042
1085.568984
1086.758414
1068.759272
1042.197264
1014.225873
993.442822
991.165856
1008.513440
1029.643643
1031.355735
1003.223125
957.200554
916.452615
896.853819
893.469069
901.914182
912.323025
918.582729
921.035291
924.376623
941.511212
977.816415
1021.659835
1048.748055
1049.550937
1028.158616
1000.896960
970.890059
941.304383
914.573378
896.833986
897.321945
913.910413
934.171358
941.713688
915.452878
867.247425
829.941881
828.541868
863.097229
904.500642
914.862747
877.741654
809.237675
746.554088
710.782132
695.882445
690.477248
714.431305
785.828850
892.119572
991.685126
1048.109317
1057.597548
1049.048651
1041.343112
1042.168660
1049.909631
1058.425319
1061.760285
1065.946943
1068.216709
1063.279212
1051.371955
1027.399033
999.125574
968.617238
936.107828
904.642603
876.707585
856.294630
852.799101
869.905320
899.970485
924.521856
935.805468
938.334051
948.009131
970.651246
999.385119
1033.173037
1073.920437
1108.237129
1129.079225
1117.780930
1068.843790
982.842629
884.028833
809.566213
793.994341
845.533534
922.865713
959.825015
920.023331
835.436237
756.532005
708.196177
681.780234
678.290088
712.746388
787.837380
881.805076
967.777227
1038.383756
1077.011314
1090.552146
1076.606691
1035.417227
977.254054
922.915474
886.150362
864.885847
855.889236
854.192475
852.644695
856.793208
864.861288
881.270454
904.327776
921.357015
925.357538
923.208288
926.717099
942.348518
963.257087
978.975726
991.415658
1003.286663
1017.535185
1036.501726
1061.336840
1079.990394
1080.665583
1060.044213
1037.090226
1018.378718
1014.167890
1027.709334
1046.601315
1056.024404
1050.767844
1022.323750
966.069819
897.538919
845.471529
842.120432
895.567381
959.027028
971.220113
910.246893
814.566190
748.671032
725.293248
723.393626
728.985468
740.468293
774.332482
836.185796
913.200256
982.107964
1016.186915
1016.510944
997.142431
968.301468
961.596041
976.204237
994.637062
996.890992
980.986838
964.530340
954.817157
957.780283
968.307477
984.105818
996.955924
1002.997429
998.672973
983.595033
957.887716
929.488671
909.946440
906.412861
923.246319
952.209711
984.774892
1007.874712
1023.251309
1035.178936
1043.230008
1048.201064
1044.362392
1034.643477
1023.119948
1009.029769
987.388670
953.571103
917.117326
896.081054
898.491790
905.863522
898.544715
874.066442
842.785997
817.590308
798.216510
770.761714
736.176227
709.499812
718.611339
765.993828
824.373371
866.324590
885.383641
884.254942
875.898212
863.714694
859.094742
877.476099
917.773634
962.586901
992.295305
1000.275322
991.699399
968.439235
935.866414
896.744577
857.030567
831.183091
824.254086
841.143407
880.714680
928.972191
967.193377
977.623614
950.262251
901.760885
857.482398
836.831910
843.114861
873.118417
918.928455
967.114629
1010.768512
1046.850869
1069.232603
1073.717633
1062.819451
1047.669093
1032.999600
1014.620393
985.563514
948.606043
912.289829
883.307511
865.781777
858.348958
854.799451
850.101024
843.294941
836.232405
830.283900
823.682630
812.811166
796.293696
784.828500
790.870100
810.459261
837.470163
866.630925
902.357483
940.442497
973.733639
998.593617
1023.508460
1046.911360
1061.337469
1048.557619
1002.944942
943.803648
902.157933
900.760344
943.355613
1004.729110
1048.508378
1051.872688
1022.878915
987.789486
971.798655
983.080450
1001.683937
1008.159307
997.550317
977.361870
959.172284
947.090861
927.853248
891.131264
847.513789
819.493302
818.498990
821.751136
808.393007
770.392668
726.785922
689.733396
669.001743
668.453891
680.903962
701.184114
727.915481
760.046394
792.175232
815.409102
836.891667
860.509502
883.819234
893.051992
880.518957
852.623491
821.335418
797.009502
796.026424
818.085237
849.410714
874.288429
883.878529
881.261301
872.795383
865.877079
872.644477
899.093429
934.685324
957.432570
954.100510
926.107122
890.134062
860.572952
852.686871
864.552736
884.598734
900.045084
910.163070
923.264825
946.191917
967.976099
986.882166
997.697679
988.129996
955.473463
916.538354
890.001095
880.426787
881.679887
890.208768
901.497630
908.365586
899.024561
866.922781
826.290771
808.122179
840.097281
900.531273
937.698841
907.819077
830.557028
749.296988
700.927090
682.339316
668.233618
649.192917
639.428307
657.805870
712.879313
778.764440
834.025447
863.967243
891.861819
928.483800
964.872098
978.089269
960.633429
929.779232
900.109845
884.817871
884.547475
898.441635
916.254320
923.526619
920.345538
909.284442
895.049868
883.561732
879.719001
885.645049
899.414975
910.179100
918.110043
925.874980
935.568893
940.955423
931.718144
909.336822
888.002627
883.292731
887.222890
896.199170
912.211266
937.049728
972.277076
1012.401271
1047.981777
1067.256267
1062.921583
1032.066758
987.886164
944.499419
906.688314
872.484656
846.169330
836.579616
848.662656
882.742703
927.283204
957.602872
954.269224
912.501735
843.620967
777.384296
741.230760
738.660116
761.718899
790.232945
800.429567
785.874314
756.750169
729.054357
705.399280
681.808325
659.184310
642.221496
642.324268
673.221148
730.969819
801.427026
863.206120
902.435183
918.442628
920.707128
915.985589
906.424459
894.870987
879.437950
867.049926
870.639072
901.106567
947.830237
978.862811
966.367918
913.153846
842.830726
783.438148
756.539733
768.575320
812.631484
873.707726
934.034307
972.030114
977.320602
942.420060
876.175330
805.455922
763.243918
759.988300
779.487870
815.575463
852.535346
882.888713
909.778233
933.448792
946.567849
947.537196
934.937553
919.999642
915.710339
908.995089
892.620830
866.230515
852.519804
874.738405
930.931086
979.913362
982.124520
927.011785
847.208627
789.777651
789.892973
837.082991
883.497676
884.969175
837.816895
774.918834
728.416530
696.119339
667.141714
644.421186
636.365355
651.188553
686.509882
724.947437
748.623535
763.930834
795.166458
846.187993
885.170998
885.871223
833.518920
757.049349
702.290219
691.626369
721.319281
773.163144
824.581446
849.822867
840.839447
816.053986
787.365870
767.702755
765.870056
784.524296
813.895742
843.083934
860.507988
859.133034
855.435522
852.162091
861.132904
874.192786
879.806588
873.763355
869.419864
878.573382
898.105760
916.295001
928.987955
936.402910
940.549907
934.049567
918.747619
910.009293
907.043939
907.921394
906.231332
896.936237
882.260907
868.129272
858.614944
854.462167
848.309718
827.992368
785.553761
732.857224
697.694297
717.197233
781.448758
824.914024
812.429477
744.032145
664.690008
623.413932
611.781559
614.899283
640.615349
692.849083
776.288989
871.220373
951.771583
1003.988027
1027.540836
1024.254229
1001.018763
963.811584
923.707124
897.904808
892.400372
902.804759
922.937384
937.611228
941.635455
936.410286
924.860270
916.833327
915.020108
913.097166
905.398172
892.229808
887.172119
888.245116
888.048949
875.395189
856.565622
848.944343
860.370979
877.753388
890.732741
901.445219
914.805356
928.762695
939.024577
943.411847
936.829068
909.397159
870.534709
834.140766
809.405144
792.624176
768.962805
747.173239
744.553095
761.943719
781.001666
782.214125
755.462770
700.241799
638.789634
600.353080
583.663880
582.693470
597.774281
634.740308
691.987451
756.468650
804.867509
827.393590
837.974460
855.995519
872.635081
870.226064
846.967738
823.362110
817.311563
828.715761
845.127765
854.579827
856.990330
850.338181
837.089490
823.761129
811.800089
799.100968
786.375431
779.929358
791.201891
824.123162
864.622970
879.702697
852.468596
789.372213
725.324582
692.670917
696.780537
727.720418
766.152152
803.987535
844.611427
888.819020
925.005693
944.596378
944.550842
930.434764
910.903671
893.058941
878.252315
870.893507
862.630907
858.525661
858.237136
861.480130
867.818456
870.477399
863.867529
846.733839
824.209273
798.146873
775.124953
749.778937
724.918503
705.898840
700.759812
708.623612
725.126081
742.556484
761.467428
788.895127
810.714964
821.371513
835.469342
865.506067
905.734652
938.671826
951.026308
938.854802
909.985102
881.646183
866.605283
870.287735
894.676790
925.526096
936.899740
923.650708
900.744868
885.721469
882.742390
882.830254
874.607436
858.785011
847.699042
845.885137
850.648601
853.713780
856.206159
868.771249
893.266439
925.403676
952.003115
959.943554
947.332438
925.901994
906.206167
902.163068
912.631162
931.683564
953.609797
981.414594
1005.139817
1007.568319
984.888614
940.834292
894.665306
866.936396
859.906127
865.187952
872.865977
862.902611
819.039191
745.724446
661.272646
599.288767
579.937251
610.205211
676.114288
740.308260
776.305008
783.566792
780.868736
802.344607
851.401026
916.979416
978.499878
1005.261932
986.753128
943.701313
908.445428
898.592248
916.488342
948.034975
973.694255
986.775975
983.909556
973.517766
969.558037
975.622550
976.829957
961.134425
930.760510
889.024734
852.831173
835.456621
833.248608
841.577502
864.493319
902.405548
945.385986
975.084594
982.931653
984.313955
982.212241
970.840909
937.678960
885.337859
834.518868
806.203099
807.505624
833.745501
883.340256
935.164344
971.267747
978.915465
957.148406
920.734387
889.790252
876.430899
882.094317
891.362339
891.377274
863.647815
807.971595
733.565698
660.806950
605.005397
573.773026
583.060752
629.829186
693.282437
761.907669
813.065933
839.741554
849.045701
849.575494
853.050756
866.736850
887.508743
907.652358
917.281551
916.696692
910.221588
895.496060
870.895570
846.858640
833.001388
829.057185
830.171588
833.109683
835.428631
834.983445
835.608395
842.984011
866.303776
908.864352
949.565044
966.981657
949.587190
912.455690
875.724554
858.756962
861.317287
871.333477
882.398457
882.905102
881.817628
890.206304
907.897768
927.654135
941.476233
937.469673
912.194122
873.306986
849.230036
857.999801
876.897279
882.388855
853.468883
789.360613
715.593233
653.157639
606.763012
568.857153
553.867664
578.136666
642.477909
727.281691
796.994565
831.583623
829.514739
813.166315
797.623642
782.931385
778.718643
786.962008
802.543493
818.680667
831.762033
844.012362
860.822662
868.934030
860.961276
838.421209
819.782060
820.252153
842.004919
877.657626
915.217151
945.258069
953.537063
934.277110
898.631173
860.107161
828.764243
814.518583
817.298055
818.047563
798.557913
745.337176
677.157513
629.354907
626.057586
663.342011
711.308918
742.871433
748.731154
745.045187
753.262864
780.013397
804.554654
800.418165
757.086895
696.364561
660.238539
674.022034
736.519556
809.667908
850.729792
842.244273
784.305620
721.463404
684.271435
680.105707
706.192694
764.197923
836.779821
896.203344
923.400974
917.782594
900.666284
889.485622
884.378052
880.291426
883.579444
900.746611
930.579036
957.490274
969.646924
969.504179
965.972833
965.765991
961.802031
947.799141
927.699817
909.808753
898.568316
891.313634
881.968872
870.180191
856.965665
836.817115
809.908587
785.772740
772.978883
761.689121
737.736315
697.428558
658.864529
639.392966
645.490609
667.931201
701.095770
746.524533
804.560178
863.603958
909.503079
922.742239
895.006802
837.491135
777.338154
746.653066
747.834927
768.041690
798.786113
831.263470
857.642544
871.900960
866.302851
845.936251
812.951172
781.225242
759.189618
756.059430
767.179051
789.740088
826.892676
872.820273
914.694720
945.135831
957.098264
956.148069
949.985801
940.047111
914.117875
870.880070
827.424346
804.524644
805.485561
817.920977
826.400935
826.547505
818.843713
806.627164
793.951295
779.297409
755.871418
721.405207
684.152228
650.438871
624.774853
606.715162
602.877173
619.053844
654.710560
704.526410
761.958429
813.706495
846.258081
854.146142
837.662328
810.603520
793.972171
778.958797
753.255955
716.312790
682.096504
671.246367
689.566576
734.143733
788.762232
835.915022
864.355049
871.574621
859.445271
842.395189
824.864367
801.042437
776.164568
762.279456
773.282266
812.252925
848.276404
863.261036
853.823116
830.291865
807.305260
800.316827
814.273960
847.113683
882.322743
904.942850
906.244133
894.142143
885.895778
889.228807
896.148050
897.957955
889.225813
877.363081
867.116699
856.746490
846.532983
834.509358
826.054265
824.131368
826.097526
823.836500
809.287377
782.998398
748.003203
707.918891
664.743180
633.813277
618.028960
617.216473
635.926840
665.332042
705.771950
753.950653
801.968937
842.891588
866.701307
868.341483
857.042391
846.871046
849.413721
867.450555
887.409694
887.021957
868.708059
852.631632
838.826361
826.128647
810.656158
799.156241
798.639001
795.102983
778.051113
748.420457
728.261615
722.845223
731.376164
748.959769
770.482229
792.555864
808.809542
816.028654
819.613195
826.198265
830.066643
816.751774
790.719786
762.481012
747.106432
746.531401
764.252231
799.503545
846.323456
896.707577
933.077840
941.023596
918.876149
872.441939
823.074893
804.698031
822.523750
854.510422
876.649934
876.087889
860.491412
847.601431
827.543177
795.230409
749.211868
688.021809
631.845335
603.042636
600.215496
607.643882
608.657482
606.427041
625.147481
674.258359
742.646592
806.212424
847.213904
845.747176
809.033910
764.660808
739.069952
746.814577
777.168041
809.190895
828.094368
836.870360
846.205773
854.054209
859.381821
869.468745
879.110324
871.980799
841.970170
802.974717
766.681570
741.089834
719.795967
702.738638
697.410379
724.985440
776.746146
824.565084
851.204688
844.606056
815.786033
791.719197
791.291897
809.530087
827.110717
830.064869
825.036781
820.250583
822.141426
818.328533
806.164368
794.630747
787.835162
790.765449
798.262527
799.809063
799.011289
796.653708
793.800985
786.614545
773.743718
753.006667
731.766685
713.226163
695.190599
676.046303
664.295947
666.362342
690.309983
733.000237
777.708438
804.578368
802.323412
784.138768
777.293044
801.083320
835.241466
855.358745
844.368534
804.941141
759.093245
724.453418
713.115120
736.685548
783.801218
825.276095
837.569839
822.612108
789.313307
760.387587
747.242636
755.372092
773.335559
799.808418
838.449868
889.963432
943.700418
966.726494
932.949019
866.755397
801.042891
764.743387
763.121284
791.022569
841.851860
891.971571
925.122308
922.592180
887.735649
845.602049
816.449304
806.034050
818.346290
843.868670
869.628815
880.448261
867.050983
832.347490
791.255714
754.719901
723.998804
695.941170
670.892566
653.384945
641.562097
650.334830
680.342487
722.439932
782.226257
843.977861
892.844549
924.126769
930.858790
914.119577
879.170906
835.952728
796.839104
775.390040
768.075137
775.069287
799.598781
845.883496
899.772375
940.551582
957.186589
946.237341
913.341280
869.873566
826.322371
793.431544
784.368517
797.071313
814.274776
822.113807
823.146508
819.640361
816.467131
813.760415
809.984546
815.614595
839.482067
873.528857
903.240807
909.705132
893.471181
871.085433
852.536918
839.834514
832.400386
824.473170
815.989300
808.407978
809.270637
820.295348
834.773971
842.806842
836.669987
819.440411
803.268618
796.844422
796.026946
792.007168
779.767115
759.103059
731.168819
703.399208
691.419046
693.815012
698.211312
689.970373
684.305583
703.892062
753.444609
809.401042
838.392200
841.085555
838.687886
839.524989
852.566822
871.915132
885.110390
884.211024
863.056351
837.961771
827.917668
828.057305
835.552496
828.674308
820.790426
814.628954
808.901563
800.834095
795.939722
798.152751
805.146848
811.444057
817.264328
827.828012
841.847293
855.074658
859.685992
851.745270
835.487105
815.476098
806.008978
814.977581
837.218787
863.429733
879.976916
881.215090
871.331412
859.768903
846.287055
837.967938
843.481773
858.494021
870.388380
868.949241
861.900473
864.622563
890.465959
926.072758
943.824964
922.327141
874.371507
826.789272
797.768444
788.132580
781.690525
763.459710
728.280270
677.351525
628.519622
605.415408
624.504986
679.311652
747.720678
807.925742
841.491957
858.664470
873.377067
888.786292
897.490662
893.093043
881.133806
877.346606
894.988041
917.753028
927.495137
905.993467
851.906275
788.966076
739.339915
713.785825
712.745051
737.562570
777.699237
820.019044
854.635003
882.810096
899.758351
909.100102
913.564239
918.569757
921.835930
917.661845
904.125742
881.342610
849.498804
821.792489
814.706224
819.522704
818.735216
806.513548
775.224990
737.685795
707.981168
689.919683
679.807057
680.124841
683.594609
683.193657
679.927448
680.419253
693.629886
726.981729
777.377826
829.882687
876.082689
903.817434
902.682353
875.918538
831.404305
785.271753
747.169409
720.712622
709.222198
716.032577
745.153352
785.254927
829.788533
865.348682
878.688953
861.110486
821.916961
774.126625
736.485133
728.705101
751.593556
786.497421
819.216722
850.615769
874.914469
891.741060
903.197849
906.671205
903.104255
890.705373
873.508348
860.028056
865.481564
884.949434
902.397794
908.235663
904.229508
890.098571
862.759245
824.406477
782.574243
737.509705
703.301084
691.719274
704.612550
732.987109
754.277236
756.611664
744.922261
723.734268
708.992442
699.281210
698.787300
702.734061
706.091749
707.005539
720.351789
759.951514
818.856525
878.038803
916.285895
922.426329
896.796242
844.727213
780.342858
725.729195
698.707556
720.691439
785.324723
863.140251
910.497653
917.575356
901.818983
890.311478
883.290039
866.543028
827.201068
779.295116
753.057822
764.056203
793.309549
831.487856
876.455278
915.823377
935.718510
930.769843
910.288217
894.286961
889.437108
900.306551
917.458820
938.164485
956.242044
967.724694
973.250065
975.364572
968.508680
948.551343
917.939846
889.565893
875.895264
877.359181
885.668679
892.854745
886.283952
859.546178
816.714737
772.405611
738.699496
728.204281
738.207280
759.561216
782.324484
797.959756
801.494910
789.096473
766.570539
737.939359
720.440101
721.401236
745.400721
774.245710
801.576030
819.499687
829.478129
828.747879
814.027724
794.933418
790.513351
802.389345
838.308497
871.368088
876.094425
860.187452
837.828438
820.140125
820.476395
833.226732
844.714136
839.253787
814.962493
781.028451
752.600761
737.832213
744.076909
773.754266
822.861718
877.454959
912.581429
921.758249
907.623817
876.769953
839.228087
804.290263
778.024710
763.304050
760.211513
767.821612
785.874743
809.870265
822.696914
820.581215
801.983510
777.501652
761.797581
759.027302
768.909175
785.875750
810.017556
834.201734
838.104146
813.980380
769.967502
733.093685
718.396720
725.366419
746.754782
771.431425
796.152863
822.972287
844.533131
856.279691
842.151418
810.774418
789.188310
795.787736
831.812236
874.249974
898.245407
895.586958
870.531807
837.003036
807.518679
785.622833
774.344144
782.569646
817.037359
866.004702
902.896709
902.979714
866.208012
822.249867
809.688017
835.264167
880.127807
916.177064
922.375918
906.301868
888.327194
880.089245
893.908229
912.543306
926.275857
929.652143
919.055240
889.631525
855.021370
827.670860
816.254958
814.254817
813.971220
811.211805
813.075002
824.141354
833.257211
827.589591
804.662721
777.999034
763.292418
771.625643
807.377847
843.836178
858.726727
847.487607
822.339870
804.039999
801.618236
800.071768
784.421630
762.541600
749.679980
766.160095
803.966718
843.685301
875.127884
888.545738
874.774373
855.519800
863.501496
904.990436
948.011365
959.934825
922.914652
855.148495
795.067550
775.747692
802.849537
853.620782
899.798020
921.323095
912.881428
884.481710
851.885490
828.260847
819.953640
820.298516
818.296582
805.439697
787.738292
777.161739
772.998152
769.255593
762.515807
754.551404
755.983679
759.935420
759.629824
754.048137
751.452148
752.981983
762.043687
775.278307
792.468082
809.789717
817.662977
808.619895
780.071654
757.477690
764.741394
804.359315
846.417539
855.011551
835.571813
808.994110
789.029860
784.537597
797.134376
823.246168
852.840003
878.372888
883.600951
866.647719
841.417305
815.739810
792.434352
779.404693
785.510250
814.808765
859.068334
915.385064
964.221506
978.734368
946.180851
884.819993
825.401924
775.636341
744.838024
749.132721
796.994152
871.428199
925.603034
930.381005
892.684326
844.224342
805.842940
783.368989
775.134190
768.740678
762.117987
760.126224
753.773912
738.090894
723.387641
712.802721
701.044297
684.596971
673.994867
678.535428
692.572189
703.112944
704.548768
699.429455
698.607833
705.059471
709.838711
709.360557
712.352630
726.394404
737.010622
736.244022
728.952820
714.021646
692.001725
675.844427
684.345576
712.123346
736.556464
744.022028
736.915179
725.982032
722.206296
730.603938
751.966887
784.899540
820.689771
835.091607
814.515881
771.766972
734.216515
719.650518
722.838779
733.471092
752.023530
772.912787
787.673943
793.712800
794.743927
791.813355
786.931408
781.913017
778.932511
781.276417
783.759724
779.619657
770.397354
760.670829
754.279312
753.801358
759.509135
762.549099
755.777464
755.086378
777.765179
813.119740
838.012806
840.453309
822.549592
791.834390
756.233643
728.184966
722.868342
748.423502
797.818284
853.053090
895.240172
914.988050
913.131471
888.294252
845.995679
799.114860
760.869928
758.338425
742.486564
752.817446
782.537994
815.862676
840.262154
852.287772
854.954631
854.667466
853.873871
848.794353
835.409413
818.060590
805.412586
801.154291
802.407588
809.792881
821.116352
828.854331
831.526470
837.301217
851.927857
868.996716
877.993903
872.030670
854.529491
842.044289
836.946483
832.939006
828.685510
828.673347
837.424604
851.071993
861.997374
862.689829
848.965403
827.634917
812.301811
805.998291
809.288091
819.503323
824.324185
813.162527
788.877517
764.331118
759.333460
776.168428
793.854287
791.247078
772.187777
753.528744
743.890764
744.165903
753.272972
772.275085
796.520338
822.293028
851.597265
875.228667
874.874894
842.079870
793.476077
757.514641
753.408588
777.510188
809.662366
828.068164
823.040296
803.545405
790.933158
787.566184
776.946235
747.869561
711.497246
706.023607
749.460368
811.607089
846.854935
831.695326
781.736966
728.392087
696.705153
704.005272
749.271920
796.414191
818.289595
825.534206
840.128515
860.721754
867.567899
848.882915
807.002060
752.333566
706.989306
702.605832
742.501269
794.072293
818.467597
819.440312
821.114843
831.351656
840.467596
839.078619
837.428206
843.128616
835.036714
798.465532
752.054183
715.475975
701.505009
717.539737
764.793117
809.473978
820.315172
786.479882
739.294197
714.928580
721.322405
747.744845
779.677695
819.594111
854.529913
855.856119
858.252884
858.252884
858.252884
839.269370
838.004559
801.521097
780.824310
785.962203
781.904580
757.532540
747.671644
775.524931
822.953122
854.512703
851.303739
840.083364
835.883943
820.098597
793.904517
761.403770
749.148554
758.603573
753.633797
743.511215
744.833138
788.763085
859.052105
891.930100
859.327482
794.447357
746.946331
737.619635
748.525294
760.232210
773.484590
798.301916
838.782241
875.950199
868.332427
822.729873
766.905370
739.154785
768.493931
819.062795
847.752139
849.904671
837.635759
835.654476
867.007789
908.863458
925.481485
894.569935
838.051170
797.672436
780.100011
779.742682
762.113569
741.742656
751.110495
808.749272
892.849999
950.273824
955.186864
918.296147
879.708158
854.979111
844.102992
840.781457
806.366133
764.320289
761.066674
799.536994
858.974070
899.570573
902.865907
871.952999
818.803876
769.430743
755.124246
776.985359
814.215203
869.299236
927.785066
975.509674
994.711107
971.763592
920.479263
860.908868
814.041633
795.919501
799.595332
821.075947
843.865927
852.395269
845.867778
841.059642
846.463347
849.907035
837.931919
819.116357
815.519832
833.865246
859.606097
878.614087
892.017720
891.539268
868.429725
833.621882
810.135938
810.458716
827.906760
856.306545
880.826360
892.010375
883.902393
862.099601
843.858886
836.095121
834.011392
834.011392
832.122924
829.668354
819.873041
804.681346
791.003850
783.643722
783.743212
796.175174
814.936540
824.240263
815.694395
804.683561
805.762123
814.634825
823.310091
828.212411
839.207191
859.000280
879.214967
886.572719
878.245883
864.351570
854.674692
854.674692
846.136983
836.669530
829.261833
815.433221
797.306975
773.202607
738.588098
715.158139
722.140577
765.446493
832.462956
893.007185
926.707515
925.710459
893.878740
849.942303
808.892917
778.698719
766.790579
769.473064
780.739718
791.266287
793.023036
792.553183
807.283020
835.520506
860.586439
870.145940
863.395572
850.563927
839.351817
830.278867
821.857930
809.914030
800.346092
792.140368
790.076224
810.405560
838.335583
854.598543
859.007508
855.333832
857.028522
859.022654
853.863805
840.766544
829.004504
827.910787
839.623435
864.162043
893.352914
912.821586
916.009475
904.338151
882.944472
859.416345
835.988602
814.152111
799.124943
794.972405
792.151395
786.140778
784.233777
792.141439
811.386302
836.418774
854.467275
859.051854
852.328479
839.125384
827.569264
815.407964
811.551738
829.967555
867.435190
909.374684
931.534554
914.396856
874.346501
836.360442
819.088621
821.048869
824.255655
828.091834
826.557970
823.682804
818.984310
807.988737
799.509773
804.422307
823.791750
846.476050
863.946573
880.054118
901.430297
930.474554
951.039306
955.823841
951.405872
936.392239
923.786999
916.894071
913.766771
914.301640
915.302128
908.275241
901.086429
901.806145
912.631879
929.820962
937.131281
920.001884
887.660306
855.937466
839.590844
848.935194
867.677063
877.978147
879.288810
873.330992
855.073226
839.115230
833.584338
829.520042
832.601694
837.484509
853.748805
860.853671
853.300057
850.401323
823.609301
787.108467
769.995239
791.267275
831.495516
865.421464
886.104178
917.108440
949.349064
951.108976
938.568166
906.166515
892.744348
913.348702
950.891176
972.651160
962.320835
927.620471
881.360703
832.554796
794.891021
775.668599
775.670290
798.026112
835.317441
882.950869
932.121216
956.711392
954.421060
932.340576
890.593013
850.487675
830.169010
828.073214
827.590348
818.517960
813.268943
824.270088
840.933205
840.780728
819.525202
789.875370
766.693625
757.748184
778.226655
822.924974
862.997040
878.977182
851.053854
792.316192
743.694779
728.470930
736.572259
753.042833
770.720276
777.973355
776.299187
778.326389
793.865939
817.481648
826.246755
813.555979
797.680407
785.647656
783.905429
795.525786
814.653201
840.973299
858.779934
836.673820
782.645478
731.340722
713.295819
733.723526
776.746119
822.005700
859.094316
887.730018
892.754969
914.791345
925.815707
923.808816
908.715668
890.077456
873.143819
869.734222
881.943451
888.562900
875.343348
849.661490
830.514338
821.038224
811.689325
798.919686
779.992636
757.848272
753.235894
772.864678
797.287834
816.134078
830.786496
835.189317
810.394941
774.003708
754.997764
763.012667
794.172537
833.130850
866.036024
903.032310
941.983202
976.837891
995.463685
982.898860
942.478121
896.012078
864.916408
860.909365
889.688370
936.776682
958.749597
939.022803
897.932138
877.690913
904.698046
946.252754
963.073824
956.189340
922.944113
864.252819
810.441576
781.350347
773.871190
778.506490
778.833185
766.658012
752.371838
750.947445
775.170636
819.546622
856.455897
864.493403
848.942690
810.986877
779.628646
787.302419
830.178835
881.716785
904.976339
885.092117
848.304834
828.431634
832.097661
847.000700
857.554503
841.690194
789.873802
731.402416
695.243556
691.363225
704.833875
729.077847
762.806101
812.237564
861.187606
891.996492
885.060264
846.796385
797.255979
762.016072
748.276250
752.940360
776.979185
815.180038
847.524687
868.181563
889.947110
896.150328
860.674342
780.824136
692.901213
624.524422
603.721171
628.149714
688.882414
756.300041
819.768255
868.312202
894.134237
897.064497
890.438669
891.250602
901.194126
906.758102
890.654128
862.385457
840.302291
829.095365
826.473046
836.796143
858.054086
879.097872
893.294803
892.784204
871.882993
832.289114
792.568907
768.973475
764.830118
767.516280
761.076698
743.663682
727.371414
722.537366
725.033597
727.757798
725.737762
720.775080
717.854146
718.954425
725.950373
737.492218
751.245089
768.469952
787.021459
801.472549
805.526189
798.649921
780.426887
758.749482
741.473359
737.802264
750.854284
781.034015
820.770568
873.908031
930.759525
974.423031
985.562731
994.724872
967.623540
913.654463
857.348556
814.054545
776.601067
730.250896
662.093403
584.097909
519.956578
487.480740
490.548102
522.446162
576.887330
645.220834
701.310398
720.301104
713.507524
707.008534
720.348428
757.162397
801.866746
844.714293
878.548609
882.254811
851.168215
817.174128
801.503773
797.500995
793.380708
780.388190
759.764651
749.670831
772.789245
822.694098
871.499287
893.137378
871.453844
829.979609
806.756086
807.791566
814.991356
808.226255
789.130621
774.223710
771.376017
780.811729
809.701614
863.081514
926.241513
954.338400
916.432232
831.518141
741.554996
690.298273
709.076910
782.711349
845.897439
846.993622
802.118932
775.991532
790.841416
813.660828
812.080682
783.740942
738.930766
700.739812
698.197210
736.372462
784.643883
792.973038
802.659991
802.930944
798.799974
795.354769
795.358836
799.991324
808.742221
817.061776
820.608738
818.088053
811.453476
802.650345
793.478255
784.871341
776.125407
765.389355
753.353878
743.648056
740.610382
745.947169
759.174476
779.246143
803.764024
830.988996
858.894332
885.204148
905.901392
914.507848
905.190821
876.192131
832.697091
784.513086
743.445849
718.929692
713.334349
720.292025
730.875050
732.666964
748.850225
772.377494
801.894277
822.189388
818.440718
782.673872
727.651029
670.604785
637.478347
632.569590
649.099789
670.228566
690.513132
702.771914
705.397209
702.257556
703.497798
712.645618
723.049415
733.812703
755.390781
782.222988
801.042138
805.650466
804.126587
809.291435
828.969741
863.622626
913.718060
962.747411
998.082048
1013.665829
1008.849667
979.217488
926.020086
858.971367
789.814965
758.090399
773.682725
818.538646
851.280617
855.921474
842.116934
832.807570
833.422706
840.278154
853.662382
873.175985
892.111979
911.562725
925.193689
920.712106
886.702462
839.649484
793.752305
760.110352
748.517395
759.221632
788.466217
826.226252
864.854397
890.736148
890.011817
860.518107
824.353413
794.903855
787.634612
799.393711
812.336323
811.690898
803.863091
797.804827
796.475610
800.423903
809.384458
821.629986
832.586476
841.880955
860.088318
890.452206
925.269295
953.073592
955.879743
935.053427
902.577340
880.224981
879.032729
898.960047
929.614323
962.659835
975.339156
944.814967
858.237483
755.692541
672.865285
645.372378
667.660608
720.788757
777.725012
826.708268
856.116541
860.800709
844.197436
810.907951
774.961207
740.725441
709.698097
682.724601
667.538608
673.653244
701.355074
731.652901
747.083660
747.666613
749.151327
762.195351
794.330748
834.677274
869.450527
893.945112
913.191467
932.827899
953.336413
973.030635
987.783230
991.161909
977.588633
946.003083
909.950563
883.130336
862.065740
842.141409
826.314629
817.196125
811.276033
809.877124
816.771770
826.567094
834.826928
840.265705
844.802732
848.561011
854.232942
872.375232
906.063506
936.991017
929.781096
861.594703
741.130301
598.124988
458.931110
341.151038
249.967964
185.273874
143.095629
119.962813
115.464383
128.191637
168.822709
241.751897
339.876652
453.368812
554.885263
626.551808
671.505965
709.625301
745.817308
765.703399
765.926607
757.493568
759.677110
795.583643
862.810496
928.656384
961.854100
952.816870
908.656945
859.296423
842.909371
868.664531
910.516340
939.764695
942.290862
931.905578
924.742888
926.200470
928.793716
926.092393
917.088741
905.540426
898.192800
900.243150
901.173433
913.914136
928.370789
931.412747
917.472555
890.640145
854.932465
816.962338
786.405694
769.156580
764.953461
771.813416
786.948606
804.214573
816.485983
823.001646
827.705920
832.101515
832.055109
821.165307
797.535585
763.419091
727.393426
694.507442
660.387726
633.319988
636.277582
676.803212
735.519892
782.115655
808.548425
822.340656
823.992046
820.107356
825.341012
844.390161
872.079305
897.176253
909.417204
906.680531
890.260519
865.806552
840.261104
819.554451
812.012475
821.886515
839.346463
850.707061
852.007439
843.473282
825.225832
802.009686
779.028878
762.235301
759.042643
770.550724
792.130548
818.688391
843.983300
861.289858
868.658340
870.932319
869.534233
865.554432
861.902622
864.829221
877.584061
897.277850
921.058269
947.837374
967.891636
975.566040
977.051197
977.614999
976.805351
967.932335
945.081952
912.307796
875.774188
843.630634
820.375630
801.201107
780.763296
757.473819
729.345519
727.372171
703.136780
681.293706
659.799696
641.250456
626.579846
614.775071
608.396573
607.878527
611.967763
619.389905
628.794172
637.961872
646.045143
654.843478
665.474283
677.882456
694.095903
714.767937
736.661232
757.444988
775.126221
791.702115
807.770808
819.006589
822.736857
822.118589
820.821864
816.563503
811.734341
815.352695
830.289685
851.523556
871.842727
880.515613
873.378404
849.970525
807.588752
752.225244
695.601206
642.609141
591.624650
541.348567
489.872963
434.357105
377.836359
329.065462
290.387977
260.277699
243.828036
248.288651
275.953248
322.509854
384.158048
456.795858
535.498413
616.517379
695.840441
769.700036
835.051706
887.553374
922.427106
940.658848
950.099341
956.354503
963.333100
974.814877
988.685059
1001.147841
1008.374918
1011.047882
1008.708105
1001.025504
988.454787
973.271437
958.906718
947.991550
940.792642
936.417786
934.831612
934.912155
936.559243
941.380485
947.140176
946.970657
937.863839
922.619926
905.834204
891.302593
882.430231
879.357655
869.959515
843.906343
797.905581
739.726511
682.524614
638.028157
613.897269
619.331990
661.456670
734.362240
817.715791
890.082875
942.196927
976.522675
1002.669790
1029.203574
1048.847778
1058.028510
1060.972602
1059.275953
1057.402108
1056.583521
1053.509081
1046.472388
1042.829206
1047.496519
1057.633014
1066.180315
1067.181598
1059.387764
1044.936083
1025.812015
1006.440568
990.190468
978.956747
974.781654
978.016389
983.319884
981.571934
981.343331
966.655050
928.691023
862.109622
764.341887
641.178231
507.542872
381.999149
282.566248
218.188782
191.928992
209.010014
288.937930
428.705328
591.783175
726.429015
798.479858
808.379067
779.064083
746.831500
742.780472
774.827127
819.707660
854.799823
872.566104
873.161879
856.697361
821.647909
773.799277
727.657085
696.693567
683.648135
685.499630
697.983176
712.793075
714.855794
685.017832
609.700984
493.787239
362.962471
248.875914
170.394338
133.388713
138.200981
204.708691
363.073193
606.581456
871.657381
1071.653746
1166.322058
1187.339793
1202.919101
1238.154947
1266.354554
1262.862209
1236.557742
1204.830165
1169.111722
1118.989765
1044.528905
950.939260
854.652532
765.837320
693.844178
647.006243
646.340744
621.306262
611.300084
612.218084
617.807722
627.914241
642.510359
653.214198
667.822666
691.232401
724.713053
763.873536
797.398788
804.352951
768.743267
699.476842
620.031293
552.318526
503.348366
474.051937
463.087074
468.350100
487.250970
517.483588
552.932434
586.077036
606.164878
606.248255
590.481980
564.548254
541.724906
543.848913
580.962166
642.128841
704.080121
749.211367
775.222308
783.425534
773.666125
748.104432
713.854917
679.521220
652.209977
639.250421
640.354831
644.474162
647.730112
652.407644
654.381347
656.698172
670.836514
697.577344
726.779346
749.121307
763.354127
770.667566
764.365207
735.674005
685.175635
631.228729
589.571402
553.411725
506.684581
448.067765
390.867323
348.800532
318.374203
293.740895
279.764116
278.590252
288.798186
307.573549
326.423821
342.072828
355.932835
369.501124
389.404347
414.605207
442.001730
472.087594
500.122112
520.728602
531.414675
535.970610
538.528873
541.553595
543.877241
543.771620
539.701116
534.510329
531.400436
530.361476
530.355362
530.489872
530.900763
525.663133
512.424850
500.903991
494.502416
492.788102
495.128383
498.038408
497.710077
492.440598
483.405666
475.685351
470.394928
464.341976
461.014343
459.916114
458.817709
453.541574
443.905778
433.917487
425.937915
419.904613
415.957411
414.489511
416.565176
423.725917
435.905552
450.183079
460.000968
463.967814
461.818255
450.901000
434.012215
412.638883
390.660911
371.756740
357.114601
342.080801
327.095020
312.500208
297.213333
296.981298
281.206758
267.595756
258.949731
251.391293
241.182282
228.938907
215.128495
199.827254
185.982239
170.994491
151.644900
133.100376
116.044490
102.412384
94.542915
89.224655
83.144018
78.162717
76.011318
74.813620
71.337626
68.985603
65.736900
62.956156
61.072390
58.668445
55.302233
51.367885
49.132515
46.097476
43.555368
43.223170
42.816246
42.446682
40.162276
38.188804
35.923487
34.760115
37.540569
42.525424
46.879953
47.355694
44.909324
43.341091
43.714880
44.860655
47.947282
50.856283
52.394219
52.717950
51.776568
50.528933
49.302639
46.437106
44.026540
43.567348
44.980035
48.459183
51.317723
50.892401
47.747620
44.689194
41.610143
38.075313
34.247232
31.065047
30.044921
31.439385
33.335131
32.202713
27.952802
20.821599
15.907476
15.164825
15.776504
15.687193
12.228557
9.046759
7.154677
5.015898
2.781900
4.080142
8.549096
10.837744
7.364025
0.540297
-6.045357
-9.025339
-9.736417
-10.282195
-9.726310
-6.778156
-3.462304
-3.588444
-5.904845
-7.820398
-5.530832
-1.608634
0.727397
1.090207
-0.136338
-3.936311
-6.792112
-6.211209
-8.014699
-10.667054
-12.126472
-14.825787
-16.920838
-15.947295
-12.895770
-12.228385
-11.891470
-11.325463
-11.011550
-9.037330
-8.067659
-7.943582
-8.641066
-7.435917
-3.368316
-1.719189
-3.400594
-6.019721
-9.754813
-12.283622
-13.979517
-15.742301
-16.011859
-13.773643
-11.603514
-10.015471
-8.099345
-6.406594
-5.257681
-6.086985
-5.812781
-5.536827
-3.870137
-3.082202
-2.887959
-1.660846
-4.358692
-8.809213
-10.848904
-10.998888
-13.312421
-16.908894
-18.069949
-17.644278
-16.618097
-14.930639
-13.148777
-10.564915
-8.808723
-7.317111
-5.730840
-5.012171
-3.771041
-2.859994
-3.409932
-3.400497
-5.255113
-9.259655
-11.140762
-9.192682
-5.805516
-4.052278
-5.662672
-9.454511
-10.376978
-8.226903
-6.173677
-4.905109
-4.929106
-5.603872
-6.359029
-7.538083
-9.682549
-10.903232
-9.939043
-8.791981
-8.685135
-9.679072
-10.339272
-8.327911
-3.621517
-1.229321
-3.746617
-7.875247
-9.743581
-10.212479
-9.395179
-9.247465
-7.251829
-5.263647
-5.156429
-5.625540
-6.989175
-8.006456
-9.243406
-10.058022
-10.661488
-11.493888
-11.389723
-10.596905
-8.852210
-8.616605
-8.150637
-6.258732
-5.601977
-6.737064
-8.196542
-9.940651
-10.709184
-9.701059
-10.274105
-11.673072
-10.759321
-9.581007
-10.424930
-11.578991
-11.426346
-9.188760
-8.727315
-10.210457
-10.448252
-10.372325
-11.416965
-12.202556
-11.544595
-10.362601
-6.763335
-4.082989
-3.873411
-3.913689
-3.579759
-4.906043
-7.181329
-10.202125
-13.480376
-13.318562
-11.498544
-9.752925
-6.897674
-6.402828
-5.890566
-3.707831
-4.349408
-7.082224
-8.835404
-9.375999
-10.502252
-10.721701
-9.908145
-10.685518
-11.903747
-11.774695
-11.699862
-10.557717
-7.569027
-8.615579
-10.601672
-10.220128
-8.552820
-7.428946
-6.460356
-7.780832
-9.932271
-12.044923
-13.282735
-12.583588
-11.793701
-12.338753
-14.038085
-13.542730
-12.093973
-12.445832
-12.518290
-11.266156
-12.492855
-13.935250
-12.434050
-9.134840
-5.499401
-3.833624
-5.582017
-10.694070
-13.761438
-14.912648
-14.690210
-16.139385
-18.432906
-19.673721
-17.786153
-14.644301
-16.487985
-17.908449
-17.431537
-15.275849
-13.701397
-11.788746
-9.828406
-9.199059
-10.117390
-11.787658
-12.169292
-12.021008
-10.653819
-11.199376
-13.020595
-13.881650
-14.238920
-14.709367
-12.977334
-10.253128
-10.811474
-10.463382
-9.667461
-7.921683
-5.579508
-4.817651
-5.564980
-4.205050
-4.532197
-7.320451
-10.164104
-10.117458
-9.997070
-12.712082
-11.543807
-12.604061
-15.152440
-15.403585
-16.076039
-17.411925
-15.334140
-12.982194
-10.786314
-9.234973
-10.514900
-11.647409
-11.255094
-11.668211
-12.195547
-12.874080
-14.628329
-14.726345
-11.338053
-8.685241
-7.506732
-6.217702
-6.643424
-7.700660
-7.905922
-8.248909
-8.740160
-8.364254
-7.824905
-10.367246
-11.397745
-10.316543
-9.691399
-9.720033
-10.711282
-10.205523
-10.370341
-10.962800
-9.870607
-7.821689
-7.744273
-10.045268
-12.396119
-14.284807
-14.358827
-14.148147
-12.863239
-12.151432
-12.233860
-12.731823
-15.674044
-18.136611
-18.691404
-17.192572
-15.581694
-11.532700
-9.303987
-8.226046
-8.019916
-7.691427
-8.370232
-9.853599
-10.427683
-11.411098
-12.661973
-10.264082
-7.771518
-7.689985
-7.288796
-8.051036
-9.606736
-9.044575
-7.062512
-6.628756
-6.323941
-5.613032
-4.067448
-4.690645
-6.900226
-9.137509
-11.186754
-12.927948
-14.119211
-15.755226
-14.660776
-12.595572
-12.425556
-13.069140
-11.557420
-9.417769
-6.569934
-4.577988
-3.891336
-3.669153
-6.219239
-8.209877
-9.487482
-11.017076
-10.660057
-8.597049
-6.565154
-4.901985
-2.642469
-2.981802
-3.518170
-4.646791
-2.618646
1.849207
2.652544
1.062355
-0.348208
0.342169
-0.148255
-2.940940
-2.585576
-3.513908
-5.727349
-6.395243
-7.552791
-7.957321
-5.117597
-4.408357
-6.611884
-6.478856
-4.781965
-3.263269
-2.651240
-1.834875
-0.359365
-1.942434
-4.166368
-3.320167
-1.829419
-0.695807
-2.752631
-5.251449
-7.422841
-9.715693
-8.670579
-5.398006
-4.281236
-3.691991
-2.372039
-2.870734
-3.765509
-4.042611
-2.769309
0.233644
2.192669
1.150294
0.038941
-1.542289
-2.195850
-3.035620
-3.629275
-3.847435
-3.488701
-3.411313
-1.666454
0.025381
1.125309
0.449642
-1.268525
-4.868901
-5.698535
-2.096027
2.431007
5.130252
3.486434
1.830620
2.361800
2.178542
0.120509
-3.810711
-7.271202
-8.472250
-8.222789
-4.836933
-2.129028
-2.203460
-4.339365
-7.788404
-10.771571
-11.840600
-10.888686
-9.616991
-8.399149
-8.425415
-7.962380
-6.346146
-6.834822
-8.308161
-8.042556
-7.100027
-8.664452
-8.965119
-7.507911
-6.241385
-4.314230
-3.438540
-5.668940
-5.499949
-2.387653
-0.133812
-0.407729
-2.777413
-1.656895
-1.583976
-2.037074
-3.901419
-6.020868
-6.917141
-8.885125
-7.387189
-2.723801
1.484153
3.292914
2.583531
1.044539
-1.301059
-2.312943
-6.083750
-9.355009
-10.152099
-9.509064
-9.079067
-7.593078
-4.553719
-3.135464
-5.623060
-7.338604
-7.360922
-8.075084
-8.099970
-5.725050
-2.563704
-1.003427
-2.324612
-3.582090
-3.641792
-3.678443
-0.870347
3.227725
4.825955
4.308604
3.333800
2.391304
1.397946
-2.834003
-5.077841
-1.227841
4.436328
6.172898
7.179114
10.561207
13.531421
14.725344
9.507851
