-10.121484
-8.052226
-8.839049
-7.949944
-6.262319
-2.979174
-1.091826
-2.258843
-3.747494
-6.770618
-6.451638
-5.575296
-5.495502
-6.277277
-6.896552
-8.298298
-8.385198
-7.500505
-5.828272
-2.393148
-0.681810
-2.355579
-5.023664
-6.042021
-3.956058
-2.863292
-2.807663
-3.916886
-5.722324
-2.819750
-0.799396
2.225497
2.820076
1.687636
2.841113
5.386568
6.495690
5.807276
4.082494
-0.145007
-3.043487
-3.268979
-3.804942
-4.525923
-2.531181
-1.688971
-3.345205
-4.121466
-3.206859
-0.332814
0.442434
1.757721
1.775617
-0.265550
-1.676015
-1.055345
0.491015
1.373052
1.791705
-1.065692
-2.499860
-1.179559
-0.119158
0.212184
1.605771
3.005812
1.580818
-1.004001
-3.602390
-5.330617
-4.141510
-3.500893
-5.230409
-8.765865
-8.325562
-6.434207
-4.101643
-2.523677
-1.830731
-0.287765
-0.749923
-0.802769
-0.889118
-1.496953
-2.314966
-4.285577
-5.333972
-5.254018
-3.557076
-3.390246
-3.570716
-3.735138
-4.436510
-5.643897
-6.078465
-5.249108
-3.912493
-3.878356
-5.964128
-4.685517
-3.058812
0.205453
2.548617
2.859746
2.797639
2.553227
2.921753
1.585328
0.054013
-2.841797
-3.049649
-2.061544
-1.605597
-1.087774
-1.405280
-1.706288
-0.458903
0.148143
-0.407776
-3.011027
-4.040887
-4.663016
-5.836258
-6.804464
-8.266526
-7.897726
-5.858083
-5.169247
-4.887002
-5.413834
-4.641162
-5.657108
-7.828545
-8.955823
-7.853558
-5.755909
-5.735539
-6.348096
-5.299978
-4.398478
-3.206621
-4.065227
-5.759698
-5.143776
-5.267001
-5.551397
-6.095863
-5.964177
-5.593551
-4.715280
-7.094187
-7.499578
-5.740314
-5.691497
-6.377097
-5.966599
-4.263965
-1.183054
1.174328
0.768834
-1.276696
-1.571969
-3.173655
-3.740445
-0.997375
0.957947
0.849260
1.765166
1.765008
-0.374499
-2.595710
-1.754207
0.498527
1.165117
-0.262534
-1.616613
-1.548771
-1.014753
-2.311630
-7.742626
-10.162110
-9.214602
-7.357282
-6.219901
-5.984366
-6.299228
-5.748938
-6.742308
-9.191233
-8.864788
-8.261966
-7.457240
-6.865164
-5.746268
-5.643887
-5.496919
-6.634300
-5.966480
-6.627099
-6.204577
-5.147993
-4.249854
-4.012329
-3.495028
-4.353590
-5.943679
-6.656779
-6.963432
-5.281964
-3.836139
-2.629039
-2.645279
-3.953565
-6.305374
-7.307127
-7.232416
-7.339931
-6.965388
-6.545953
-7.594603
-5.599315
-4.891516
-5.117083
-4.079053
-2.827324
-3.704299
-6.210746
-8.743144
-9.674955
-5.709944
-4.300849
-2.900752
-2.494639
-2.588653
-2.872256
-2.256795
-1.877482
-3.437790
-5.559643
-7.098631
-6.136502
-5.063518
-3.503938
-2.014862
-2.199288
-2.723323
-3.916965
-5.537536
-6.389015
-6.637085
-5.872529
-6.101827
-6.415713
-7.459702
-7.427201
-8.276669
-6.343708
-3.654286
-1.185505
3.031703
2.788951
2.127672
-0.036846
-2.317569
-5.116683
-5.984183
-2.888207
-0.620318
0.413944
1.861982
2.547108
1.926965
0.226579
-1.070078
-0.026671
1.739704
1.134495
-0.001693
-0.570232
-3.560666
-2.503826
-0.572839
0.290721
0.884913
0.836239
-0.525275
-2.005415
-3.662310
-3.002114
-1.097824
-1.075059
-2.079354
-3.849607
-5.701601
-5.168923
-3.153373
-1.119188
-1.051281
-3.833608
-9.329227
-9.624521
-9.448827
-9.743547
-10.290947
-10.639873
-11.277274
-12.287584
-10.858166
-9.135003
-8.998417
-8.791340
-8.133989
-8.132633
-10.471993
-11.271405
-10.237627
-9.296925
-8.995113
-8.670935
-6.514256
-5.434528
-5.067604
-6.528130
-8.421280
-9.731368
-10.190905
-8.261689
-6.333207
-6.293504
-6.801835
-7.647161
-8.673332
-9.271542
-8.314179
-8.537928
-7.945089
-6.107611
-4.904300
-4.212871
-2.157097
-2.903047
-1.312045
-1.020616
-3.427271
-6.787066
-8.925972
-8.102561
-7.315664
-7.043639
-6.339597
-5.762211
-3.058780
-1.861098
-1.630139
-2.441279
-2.995572
-3.964966
-4.168472
-3.528474
-2.084492
-1.757960
-1.529855
-2.518124
-3.303245
-1.456649
-0.416347
-0.135868
-1.176921
-2.379551
-3.389680
-2.047396
0.130994
0.270743
-1.058333
-3.005613
-6.098156
-7.203617
-6.386208
-4.965101
-5.320430
-4.753147
-4.629001
-4.369405
-2.737261
-1.431311
-1.180543
-1.020377
-2.744542
-4.644870
-1.040491
1.821522
3.767554
4.413449
4.115892
3.428763
3.786312
2.006756
0.559589
0.841183
0.508304
2.089882
1.715414
-1.207752
-4.279526
-4.826959
-3.649166
-1.216940
0.917499
2.130741
1.151460
1.626180
-1.371472
-5.203944
-6.576012
-5.577474
-4.378505
-2.508410
-1.851321
0.306444
-0.664325
-1.731463
-2.524998
-3.865732
-4.363076
-3.630384
-1.837063
-0.086127
0.179789
0.889953
-1.437063
-2.552341
-4.653951
-5.263540
-4.980054
-3.316095
-2.230155
-1.219770
-0.590578
-2.469094
-4.702586
-4.425787
-2.785290
-2.225644
-1.474622
0.576620
2.025361
2.014335
1.604478
1.640644
1.171654
0.318085
0.872421
-0.056668
-0.900102
-0.140322
0.752037
0.571103
0.186592
-0.149234
3.010589
2.891738
0.476827
-0.819199
-0.984718
-1.492939
-1.395299
0.591767
2.071996
1.331046
-1.869865
-4.885550
-5.457433
-5.393075
-5.768244
-4.833419
-2.907531
-1.513884
-1.032602
-1.292798
0.534204
2.633028
3.164437
2.233244
1.656503
1.175998
0.615614
-0.612599
0.203582
2.082393
3.235046
4.145946
3.032514
1.934019
2.356296
3.237460
5.184648
6.628807
7.479515
7.270408
4.937207
2.168452
-0.754699
-1.223118
0.543001
3.839641
4.398405
2.320348
-0.903818
-1.082455
-3.536745
-6.279500
-5.940794
-1.909260
0.883274
1.975484
1.805852
1.395874
2.297976
5.216159
12.588451
17.249049
20.755365
26.171257
34.162777
42.076144
46.535739
50.145188
54.722310
59.371275
65.632549
73.508164
84.254995
93.876539
101.710945
111.171469
118.356685
124.991929
132.094718
140.437517
146.879342
153.355960
160.560355
169.010604
178.806927
189.404380
198.948267
206.121624
213.537264
226.413530
240.192480
253.950040
266.137289
275.307113
282.276819
290.605022
300.362329
310.987144
322.149309
329.945085
338.331832
349.866807
358.807124
367.413809
375.752407
384.365754
391.806677
396.283570
400.873570
409.639581
421.137609
435.992596
451.116710
465.687860
479.010799
493.484049
508.352038
525.684371
543.854968
561.806849
575.149818
584.758189
594.437637
604.246253
614.693747
625.853574
636.108601
644.541590
652.304580
661.285627
673.431521
686.330558
700.648354
714.665697
724.746631
733.013149
743.387389
755.803783
768.878137
781.275241
792.290871
799.257055
805.542762
811.813660
817.855347
825.594694
834.924708
841.054899
845.374500
849.962235
853.388645
855.722212
856.677812
856.993908
854.427619
848.686564
841.255109
835.297536
830.101386
824.837301
824.630264
823.961591
826.070567
827.524126
826.044343
820.684495
812.504945
802.574686
791.782315
779.585629
767.400545
755.447780
745.658835
739.542217
735.060376
728.119955
715.702989
699.557759
682.868074
668.980843
660.685981
647.049215
634.415865
624.146990
614.310353
605.699463
596.391118
584.487930
572.368350
561.482573
551.857095
542.542607
530.973432
518.272713
505.916249
495.187980
488.179249
483.557749
481.122101
480.150233
479.115914
475.538601
468.222825
458.339602
447.660774
436.962350
429.588823
425.070301
422.786792
421.499650
426.398508
436.001469
450.141604
465.734126
477.790787
486.207763
493.795368
504.118448
512.050436
512.763546
503.339752
488.850725
474.816575
462.402824
453.466650
446.214652
439.607395
436.482013
440.719130
448.914307
454.273457
458.573779
459.251539
455.317319
444.962604
429.244574
411.329101
394.019637
377.046081
358.537654
340.176913
325.577812
311.997614
294.265123
276.326577
263.276936
254.112023
245.995168
232.402782
211.000089
182.346391
158.298567
136.159892
110.341709
82.391062
57.900085
41.783581
33.287774
30.424535
27.425473
20.598319
16.497734
16.629094
18.425342
18.303213
17.455249
15.527849
13.375874
12.328820
10.845845
10.451328
10.582172
11.567516
14.728193
17.225606
19.909546
22.365669
24.001782
24.047394
25.047627
26.588495
27.040605
27.116732
27.943789
28.246255
28.001390
27.277408
26.914859
27.103496
27.851873
26.966205
27.326733
26.974281
27.813908
28.045425
27.194839
29.694821
33.446522
37.957135
41.923373
46.804114
48.633934
49.225440
47.811870
44.774288
42.556506
39.600693
39.767007
42.415949
45.313622
45.929008
48.624068
56.659354
76.815477
108.680450
153.466504
210.083958
278.103739
361.613885
471.598882
617.887245
768.439998
898.969660
982.554476
1015.147194
1012.535232
1000.781326
995.850760
999.913211
1003.515676
998.168721
985.415232
976.157038
973.977253
971.391238
959.742225
940.582827
920.311843
905.381713
892.438284
879.225251
860.448842
845.309176
843.075125
860.111282
893.742472
925.552716
936.064825
922.381806
896.493207
864.963164
839.241547
814.993535
796.935297
793.067233
810.498690
838.584773
858.667818
857.744362
837.940960
811.082990
782.943926
749.469550
712.387136
685.058546
686.735409
731.003998
812.653639
908.603042
993.250363
1047.802035
1060.756903
1041.477569
1011.018574
988.442453
985.314969
995.882766
1004.996466
997.202614
966.576236
924.806010
892.801259
876.557199
878.886177
896.784734
916.968322
921.551662
902.632041
868.371215
833.840757
810.396253
801.304886
791.353285
762.899062
714.187735
673.124957
683.805006
766.009434
875.560237
927.655388
880.362366
781.878596
700.781839
675.055704
694.017208
733.754202
775.442964
812.837538
852.306833
897.415099
943.662748
988.197791
1024.608214
1042.602071
1035.760772
1010.387863
979.367948
955.993346
943.066382
936.755596
944.388112
966.391535
992.885686
1010.555405
1008.002656
985.252596
950.082286
917.723836
902.253161
905.805410
925.998762
949.358920
962.169903
960.366493
944.671559
920.682352
896.569981
879.613720
875.539355
877.757246
866.298539
827.569412
771.964108
740.984884
779.334186
881.586826
977.670328
988.858910
904.034477
784.684310
697.429931
663.774854
665.833079
676.053887
678.711798
679.843599
697.236829
748.374093
832.088389
928.933361
1012.865072
1067.522611
1080.459793
1056.165535
1010.277792
963.930636
932.411206
922.728635
933.533832
953.495633
973.840497
982.977295
986.740093
994.587701
1008.259151
1016.311224
1004.735688
976.126242
943.993178
915.040943
888.475215
867.930499
862.939607
878.403496
904.615076
925.957078
937.223033
943.823335
948.648620
947.874665
931.198291
900.353931
859.713137
814.313979
771.931569
742.099889
730.841723
735.744295
743.388784
740.155355
725.057034
710.628404
705.353422
711.350919
718.713055
715.732663
703.965132
705.407049
734.883258
790.881910
855.057710
911.282490
953.512492
982.794246
1001.667555
1016.233836
1025.832598
1025.985994
1020.112494
1011.951291
1005.119514
1000.635325
995.447338
991.776643
988.311948
983.203271
975.169497
967.766476
961.512444
959.088203
954.714596
931.233465
884.303127
822.525181
766.671462
745.777319
771.647531
819.484189
849.797063
839.210317
801.082503
756.643960
724.096150
695.903118
665.776027
637.031700
629.099186
672.026680
780.454220
923.572050
1041.925967
1098.884804
1092.463930
1044.150832
972.506397
906.128732
867.979208
869.053443
903.686102
951.846474
998.789339
1024.722939
1025.796101
1005.419274
974.756940
947.781652
934.797867
938.056807
956.434357
980.779976
1002.479566
1008.395186
1001.657072
993.994050
990.975983
990.662348
997.425071
1009.672940
1017.472231
1013.385668
990.227190
958.120942
927.683314
906.435581
891.560476
882.957085
871.997096
855.567598
836.905475
819.848163
807.848212
800.694328
782.048193
747.966853
708.839347
683.617794
686.019449
716.983189
772.373881
834.265110
882.848940
905.958573
912.199062
920.564579
941.737308
970.284542
990.965235
987.760363
965.372678
947.181586
949.374961
965.512886
986.523060
999.384114
1000.944910
992.956322
977.881145
961.420821
952.435783
953.448741
959.795832
966.610077
975.013306
987.534346
1000.201287
1007.026652
1001.113754
989.719366
980.947300
975.464835
974.484227
981.159918
986.818172
978.530377
959.475609
939.730547
930.306399
937.764902
954.346130
955.226857
914.645242
853.233747
817.883845
836.073930
877.084146
882.565505
833.456672
766.177018
722.983501
705.320438
695.111525
685.511472
691.340887
736.793138
830.582263
947.843323
1042.725042
1085.568984
1086.758414
1068.759272
1042.197264
1014.225873
993.442822
991.165856
1008.513440
1029.643643
1031.355735
1003.223125
957.200554
916.452615
896.853819
893.469069
901.914182
912.323025
918.582729
921.035291
924.376623
941.511212
977.816415
1021.659835
1048.748055
1049.550937
1028.158616
1000.896960
970.890059
941.304383
914.573378
896.833986
897.321945
913.910413
934.171358
941.713688
915.452878
867.247425
829.941881
828.541868
863.097229
904.500642
914.862747
877.741654
809.237675
746.554088
710.782132
695.882445
690.477248
714.431305
785.828850
892.119572
991.685126
1048.109317
1057.597548
1049.048651
1041.343112
1042.168660
1049.909631
1058.425319
1061.760285
1065.946943
1068.216709
1063.279212
1051.371955
1027.399033
999.125574
968.617238
936.107828
904.642603
876.707585
856.294630
852.799101
869.905320
899.970485
924.521856
935.805468
938.334051
948.009131
970.651246
999.385119
1033.173037
1073.920437
1108.237129
1129.079225
1117.780930
1068.843790
982.842629
884.028833
809.566213
793.994341
845.533534
922.865713
959.825015
920.023331
835.436237
756.532005
708.196177
681.780234
678.290088
712.746388
787.837380
881.805076
967.777227
1038.383756
1077.011314
1090.552146
1076.606691
1035.417227
977.254054
922.915474
886.150362
864.885847
855.889236
854.192475
852.644695
856.793208
864.861288
881.270454
904.327776
921.357015
925.357538
923.208288
926.717099
942.348518
963.257087
978.975726
991.415658
1003.286663
1017.535185
1036.501726
1061.336840
1079.990394
1080.665583
1060.044213
1037.090226
1018.378718
1014.167890
1027.709334
1046.601315
1056.024404
1050.767844
1022.323750
966.069819
897.538919
845.471529
842.120432
895.567381
959.027028
971.220113
910.246893
814.566190
748.671032
725.293248
723.393626
728.985468
740.468293
774.332482
836.185796
913.200256
982.107964
1016.186915
1016.510944
997.142431
968.301468
961.596041
976.204237
994.637062
996.890992
980.986838
964.530340
954.817157
957.780283
968.307477
984.105818
996.955924
1002.997429
998.672973
983.595033
957.887716
929.488671
909.946440
906.412861
923.246319
952.209711
984.774892
1007.874712
1023.251309
1035.178936
1043.230008
1048.201064
1044.362392
1034.643477
1023.119948
1009.029769
987.388670
953.571103
917.117326
896.081054
898.491790
905.863522
898.544715
874.066442
842.785997
817.590308
798.216510
770.761714
736.176227
709.499812
718.611339
765.993828
824.373371
866.324590
885.383641
884.254942
875.898212
863.714694
859.094742
877.476099
917.773634
962.586901
992.295305
1000.275322
991.699399
968.439235
935.866414
896.744577
857.030567
831.183091
824.254086
841.143407
880.714680
928.972191
967.193377
977.623614
950.262251
901.760885
857.482398
836.831910
843.114861
873.118417
918.928455
967.114629
1010.768512
1046.850869
1069.232603
1073.717633
1062.819451
1047.669093
1032.999600
1014.620393
985.563514
948.606043
912.289829
883.307511
865.781777
858.348958
854.799451
850.101024
843.294941
836.232405
830.283900
823.682630
812.811166
796.293696
784.828500
790.870100
810.459261
837.470163
866.630925
902.357483
940.442497
973.733639
998.593617
1023.508460
1046.911360
1061.337469
1048.557619
1002.944942
943.803648
902.157933
900.760344
943.355613
1004.729110
1048.508378
1051.872688
1022.878915
987.789486
971.798655
983.080450
1001.683937
1008.159307
997.550317
977.361870
959.172284
947.090861
927.853248
891.131264
847.513789
819.493302
818.498990
821.751136
808.393007
770.392668
726.785922
689.733396
669.001743
668.453891
680.903962
701.184114
727.915481
760.046394
792.175232
815.409102
836.891667
860.509502
883.819234
893.051992
880.518957
852.623491
821.335418
797.009502
796.026424
818.085237
849.410714
874.288429
883.878529
881.261301
872.795383
865.877079
872.644477
899.093429
934.685324
957.432570
954.100510
926.107122
890.134062
860.572952
852.686871
864.552736
884.598734
900.045084
910.163070
923.264825
946.191917
967.976099
986.882166
997.697679
988.129996
955.473463
916.538354
890.001095
880.426787
881.679887
890.208768
901.497630
908.365586
899.024561
866.922781
826.290771
808.122179
840.097281
900.531273
937.698841
907.819077
830.557028
749.296988
700.927090
682.339316
668.233618
649.192917
639.428307
657.805870
712.879313
778.764440
834.025447
863.967243
891.861819
928.483800
964.872098
978.089269
960.633429
929.779232
900.109845
884.817871
884.547475
898.441635
916.254320
923.526619
920.345538
909.284442
895.049868
883.561732
879.719001
885.645049
899.414975
910.179100
918.110043
925.874980
935.568893
940.955423
931.718144
909.336822
888.002627
883.292731
887.222890
896.199170
912.211266
937.049728
972.277076
1012.401271
1047.981777
1067.256267
1062.921583
1032.066758
987.886164
944.499419
906.688314
872.484656
846.169330
836.579616
848.662656
882.742703
927.283204
957.602872
954.269224
912.501735
843.620967
777.384296
741.230760
738.660116
761.718899
790.232945
800.429567
785.874314
756.750169
729.054357
705.399280
681.808325
659.184310
642.221496
642.324268
673.221148
730.969819
801.427026
863.206120
902.435183
918.442628
920.707128
915.985589
906.424459
894.870987
879.437950
867.049926
870.639072
901.106567
947.830237
978.862811
966.367918
913.153846
842.830726
783.438148
756.539733
768.575320
812.631484
873.707726
934.034307
972.030114
977.320602
942.420060
876.175330
805.455922
763.243918
759.988300
779.487870
815.575463
852.535346
882.888713
909.778233
933.448792
946.567849
947.537196
934.937553
919.999642
915.710339
908.995089
892.620830
866.230515
852.519804
874.738405
930.931086
979.913362
982.124520
927.011785
847.208627
789.777651
789.892973
837.082991
883.497676
884.969175
837.816895
774.918834
728.416530
696.119339
667.141714
644.421186
636.365355
651.188553
686.509882
724.947437
748.623535
763.930834
795.166458
846.187993
885.170998
885.871223
833.518920
757.049349
702.290219
691.626369
721.319281
773.163144
824.581446
849.822867
840.839447
816.053986
787.365870
767.702755
765.870056
784.524296
813.895742
843.083934
860.507988
859.133034
855.435522
852.162091
861.132904
874.192786
879.806588
873.763355
869.419864
878.573382
898.105760
916.295001
928.987955
936.402910
940.549907
934.049567
918.747619
910.009293
907.043939
907.921394
906.231332
896.936237
882.260907
868.129272
858.614944
854.462167
848.309718
827.992368
785.553761
732.857224
697.694297
717.197233
781.448758
824.914024
812.429477
744.032145
664.690008
623.413932
611.781559
614.899283
640.615349
692.849083
776.288989
871.220373
951.771583
1003.988027
1027.540836
1024.254229
1001.018763
963.811584
923.707124
897.904808
892.400372
902.804759
922.937384
937.611228
941.635455
936.410286
924.860270
916.833327
915.020108
913.097166
905.398172
892.229808
887.172119
888.245116
888.048949
875.395189
856.565622
848.944343
860.370979
877.753388
890.732741
901.445219
914.805356
928.762695
939.024577
943.411847
936.829068
909.397159
870.534709
834.140766
809.405144
792.624176
768.962805
747.173239
744.553095
761.943719
781.001666
782.214125
755.462770
700.241799
638.789634
600.353080
583.663880
582.693470
597.774281
634.740308
691.987451
756.468650
804.867509
827.393590
837.974460
855.995519
872.635081
870.226064
846.967738
823.362110
817.311563
828.715761
845.127765
854.579827
856.990330
850.338181
837.089490
823.761129
811.800089
799.100968
786.375431
779.929358
791.201891
824.123162
864.622970
879.702697
852.468596
789.372213
725.324582
692.670917
696.780537
727.720418
766.152152
803.987535
844.611427
888.819020
925.005693
944.596378
944.550842
930.434764
910.903671
893.058941
878.252315
870.893507
862.630907
858.525661
858.237136
861.480130
867.818456
870.477399
863.867529
846.733839
824.209273
798.146873
775.124953
749.778937
724.918503
705.898840
700.759812
708.623612
725.126081
742.556484
761.467428
788.895127
810.714964
821.371513
835.469342
865.506067
905.734652
938.671826
951.026308
938.854802
909.985102
881.646183
866.605283
870.287735
894.676790
925.526096
936.899740
923.650708
900.744868
885.721469
882.742390
882.830254
874.607436
858.785011
847.699042
845.885137
850.648601
853.713780
856.206159
868.771249
893.266439
925.403676
952.003115
959.943554
947.332438
925.901994
906.206167
902.163068
912.631162
931.683564
953.609797
981.414594
1005.139817
1007.568319
984.888614
940.834292
894.665306
866.936396
859.906127
865.187952
872.865977
862.902611
819.039191
745.724446
661.272646
599.288767
579.937251
610.205211
676.114288
740.308260
776.305008
783.566792
780.868736
802.344607
851.401026
916.979416
978.499878
1005.261932
986.753128
943.701313
908.445428
898.592248
916.488342
948.034975
973.694255
986.775975
983.909556
973.517766
969.558037
975.622550
976.829957
961.134425
930.760510
889.024734
852.831173
835.456621
833.248608
841.577502
864.493319
902.405548
945.385986
975.084594
982.931653
984.313955
982.212241
970.840909
937.678960
885.337859
834.518868
806.203099
807.505624
833.745501
883.340256
935.164344
971.267747
978.915465
957.148406
920.734387
889.790252
876.430899
882.094317
891.362339
891.377274
863.647815
807.971595
733.565698
660.806950
605.005397
573.773026
583.060752
629.829186
693.282437
761.907669
813.065933
839.741554
849.045701
849.575494
853.050756
866.736850
887.508743
907.652358
917.281551
916.696692
910.221588
895.496060
870.895570
846.858640
833.001388
829.057185
830.171588
833.109683
835.428631
834.983445
835.608395
842.984011
866.303776
908.864352
949.565044
966.981657
949.587190
912.455690
875.724554
858.756962
861.317287
871.333477
882.398457
882.905102
881.817628
890.206304
907.897768
927.654135
941.476233
937.469673
912.194122
873.306986
849.230036
857.999801
876.897279
882.388855
853.468883
789.360613
715.593233
653.157639
606.763012
568.857153
553.867664
578.136666
642.477909
727.281691
796.994565
831.583623
829.514739
813.166315
797.623642
782.931385
778.718643
786.962008
802.543493
818.680667
831.762033
844.012362
860.822662
868.934030
860.961276
838.421209
819.782060
820.252153
842.004919
877.657626
915.217151
945.258069
953.537063
934.277110
898.631173
860.107161
828.764243
814.518583
817.298055
818.047563
798.557913
745.337176
677.157513
629.354907
626.057586
663.342011
711.308918
742.871433
748.731154
745.045187
753.262864
780.013397
804.554654
800.418165
757.086895
696.364561
660.238539
674.022034
736.519556
809.667908
850.729792
842.244273
784.305620
721.463404
684.271435
680.105707
706.192694
764.197923
836.779821
896.203344
923.400974
917.782594
900.666284
889.485622
884.378052
880.291426
883.579444
900.746611
930.579036
957.490274
969.646924
969.504179
965.972833
965.765991
961.802031
947.799141
927.699817
909.808753
898.568316
891.313634
881.968872
870.180191
856.965665
836.817115
809.908587
785.772740
772.978883
761.689121
737.736315
697.428558
658.864529
639.392966
645.490609
667.931201
701.095770
746.524533
804.560178
863.603958
909.503079
922.742239
895.006802
837.491135
777.338154
746.653066
747.834927
768.041690
798.786113
831.263470
857.642544
871.900960
866.302851
845.936251
812.951172
781.225242
759.189618
756.059430
767.179051
789.740088
826.892676
872.820273
914.694720
945.135831
957.098264
956.148069
949.985801
940.047111
914.117875
870.880070
827.424346
804.524644
805.485561
817.920977
826.400935
826.547505
818.843713
806.627164
793.951295
779.297409
755.871418
721.405207
684.152228
650.438871
624.774853
606.715162
602.877173
619.053844
654.710560
704.526410
761.958429
813.706495
846.258081
854.146142
837.662328
810.603520
793.972171
778.958797
753.255955
716.312790
682.096504
671.246367
689.566576
734.143733
788.762232
835.915022
864.355049
871.574621
859.445271
842.395189
824.864367
801.042437
776.164568
762.279456
773.282266
812.252925
848.276404
863.261036
853.823116
830.291865
807.305260
800.316827
814.273960
847.113683
882.322743
904.942850
906.244133
894.142143
885.895778
889.228807
896.148050
897.957955
889.225813
877.363081
867.116699
856.746490
846.532983
834.509358
826.054265
824.131368
826.097526
823.836500
809.287377
782.998398
748.003203
707.918891
664.743180
633.813277
618.028960
617.216473
635.926840
665.332042
705.771950
753.950653
801.968937
842.891588
866.701307
868.341483
857.042391
846.871046
849.413721
867.450555
887.409694
887.021957
868.708059
852.631632
838.826361
826.128647
810.656158
799.156241
798.639001
795.102983
778.051113
748.420457
728.261615
722.845223
731.376164
748.959769
770.482229
792.555864
808.809542
816.028654
819.613195
826.198265
830.066643
816.751774
790.719786
762.481012
747.106432
746.531401
764.252231
799.503545
846.323456
896.707577
933.077840
941.023596
918.876149
872.441939
823.074893
804.698031
822.523750
854.510422
876.649934
876.087889
860.491412
847.601431
827.543177
795.230409
749.211868
688.021809
631.845335
603.042636
600.215496
607.643882
608.657482
606.427041
625.147481
674.258359
742.646592
806.212424
847.213904
845.747176
809.033910
764.660808
739.069952
746.814577
777.168041
809.190895
828.094368
836.870360
846.205773
854.054209
859.381821
869.468745
879.110324
871.980799
841.970170
802.974717
766.681570
741.089834
719.795967
702.738638
697.410379
724.985440
776.746146
824.565084
851.204688
844.606056
815.786033
791.719197
791.291897
809.530087
827.110717
830.064869
825.036781
820.250583
822.141426
818.328533
806.164368
794.630747
787.835162
790.765449
798.262527
799.809063
799.011289
796.653708
793.800985
786.614545
773.743718
753.006667
731.766685
713.226163
695.190599
676.046303
664.295947
666.362342
690.309983
733.000237
777.708438
804.578368
802.323412
784.138768
777.293044
801.083320
835.241466
855.358745
844.368534
804.941141
759.093245
724.453418
713.115120
736.685548
783.801218
825.276095
837.569839
822.612108
789.313307
760.387587
747.242636
755.372092
773.335559
799.808418
838.449868
889.963432
943.700418
966.726494
932.949019
866.755397
801.042891
764.743387
763.121284
791.022569
841.851860
891.971571
925.122308
922.592180
887.735649
845.602049
816.449304
806.034050
818.346290
843.868670
869.628815
880.448261
867.050983
832.347490
791.255714
754.719901
723.998804
695.941170
670.892566
653.384945
641.562097
650.334830
680.342487
722.439932
782.226257
843.977861
892.844549
924.126769
930.858790
914.119577
879.170906
835.952728
796.839104
775.390040
768.075137
775.069287
799.598781
845.883496
899.772375
940.551582
957.186589
946.237341
913.341280
869.873566
826.322371
793.431544
784.368517
797.071313
814.274776
822.113807
823.146508
819.640361
816.467131
813.760415
809.984546
815.614595
839.482067
873.528857
903.240807
909.705132
893.471181
871.085433
852.536918
839.834514
832.400386
824.473170
815.989300
808.407978
809.270637
820.295348
834.773971
842.806842
836.669987
819.440411
803.268618
796.844422
796.026946
792.007168
779.767115
759.103059
731.168819
703.399208
691.419046
693.815012
698.211312
689.970373
684.305583
703.892062
753.444609
809.401042
838.392200
841.085555
838.687886
839.524989
852.566822
871.915132
885.110390
884.211024
863.056351
837.961771
827.917668
828.057305
835.552496
828.674308
820.790426
814.628954
808.901563
800.834095
795.939722
798.152751
805.146848
811.444057
817.264328
827.828012
841.847293
855.074658
859.685992
851.745270
835.487105
815.476098
806.008978
814.977581
837.218787
863.429733
879.976916
881.215090
871.331412
859.768903
846.287055
837.967938
843.481773
858.494021
870.388380
868.949241
861.900473
864.622563
890.465959
926.072758
943.824964
922.327141
874.371507
826.789272
797.768444
788.132580
781.690525
763.459710
728.280270
677.351525
628.519622
605.415408
624.504986
679.311652
747.720678
807.925742
841.491957
858.664470
873.377067
888.786292
897.490662
893.093043
881.133806
877.346606
894.988041
917.753028
927.495137
905.993467
851.906275
788.966076
739.339915
713.785825
712.745051
737.562570
777.699237
820.019044
854.635003
882.810096
899.758351
909.100102
913.564239
918.569757
921.835930
917.661845
904.125742
881.342610
849.498804
821.792489
814.706224
819.522704
818.735216
806.513548
775.224990
737.685795
707.981168
689.919683
679.807057
680.124841
683.594609
683.193657
679.927448
680.419253
693.629886
726.981729
777.377826
829.882687
876.082689
903.817434
902.682353
875.918538
831.404305
785.271753
747.169409
720.712622
709.222198
716.032577
745.153352
785.254927
829.788533
865.348682
878.688953
861.110486
821.916961
774.126625
736.485133
728.705101
751.593556
786.497421
819.216722
850.615769
874.914469
891.741060
903.197849
906.671205
903.104255
890.705373
873.508348
860.028056
865.481564
884.949434
902.397794
908.235663
904.229508
890.098571
862.759245
824.406477
782.574243
737.509705
703.301084
691.719274
704.612550
732.987109
754.277236
756.611664
744.922261
723.734268
708.992442
699.281210
698.787300
702.734061
706.091749
707.005539
720.351789
759.951514
818.856525
878.038803
916.285895
922.426329
896.796242
844.727213
780.342858
725.729195
698.707556
720.691439
785.324723
863.140251
910.497653
917.575356
901.818983
890.311478
883.290039
866.543028
827.201068
779.295116
753.057822
764.056203
793.309549
831.487856
876.455278
915.823377
935.718510
930.769843
910.288217
894.286961
889.437108
900.306551
917.458820
938.164485
956.242044
967.724694
973.250065
975.364572
968.508680
948.551343
917.939846
889.565893
875.895264
877.359181
885.668679
892.854745
886.283952
859.546178
816.714737
772.405611
738.699496
728.204281
738.207280
759.561216
782.324484
797.959756
801.494910
789.096473
766.570539
737.939359
720.440101
721.401236
745.400721
774.245710
801.576030
819.499687
829.478129
828.747879
814.027724
794.933418
790.513351
802.389345
838.308497
871.368088
876.094425
860.187452
837.828438
820.140125
820.476395
833.226732
844.714136
839.253787
814.962493
781.028451
752.600761
737.832213
744.076909
773.754266
822.861718
877.454959
912.581429
921.758249
907.623817
876.769953
839.228087
804.290263
778.024710
763.304050
760.211513
767.821612
785.874743
809.870265
822.696914
820.581215
801.983510
777.501652
761.797581
759.027302
768.909175
785.875750
810.017556
834.201734
838.104146
813.980380
769.967502
733.093685
718.396720
725.366419
746.754782
771.431425
796.152863
822.972287
844.533131
856.279691
842.151418
810.774418
789.188310
795.787736
831.812236
874.249974
898.245407
895.586958
870.531807
837.003036
807.518679
785.622833
774.344144
782.569646
817.037359
866.004702
902.896709
902.979714
866.208012
822.249867
809.688017
835.264167
880.127807
916.177064
922.375918
906.301868
888.327194
880.089245
893.908229
912.543306
926.275857
929.652143
919.055240
889.631525
855.021370
827.670860
816.254958
814.254817
813.971220
811.211805
813.075002
824.141354
833.257211
827.589591
804.662721
777.999034
763.292418
771.625643
807.377847
843.836178
858.726727
847.487607
822.339870
804.039999
801.618236
800.071768
784.421630
762.541600
749.394608
762.589344
795.927114
833.646045
864.247617
886.863339
884.642278
866.264778
853.335550
870.237039
912.247502
950.515568
960.666892
928.078202
866.690890
806.597220
776.235347
787.111034
827.915668
875.175891
910.818110
921.928383
908.938029
881.184923
851.086822
828.893524
820.203301
819.941681
820.052973
811.649902
795.511517
781.336668
775.415446
772.023298
768.232523
761.478747
754.100568
755.888932
759.661031
760.510508
755.143179
752.153519
751.540280
756.343935
767.538852
780.105383
797.055514
812.028728
817.820482
808.847456
782.170614
759.007001
759.436094
789.363200
833.086122
856.341114
847.955221
826.054214
802.202427
786.668901
784.970643
797.778821
822.153649
849.318397
874.704597
885.137909
874.124064
852.871104
828.920454
806.382437
786.693540
778.840006
788.066328
817.409930
858.430947
910.556054
958.284934
979.690072
962.231261
910.081887
853.600030
802.989005
762.370596
741.844221
754.104733
803.313844
873.418243
924.468522
933.307550
902.551851
857.623465
818.710352
791.365382
778.385495
773.483862
766.502541
761.154740
759.947245
753.335697
738.401418
724.509139
714.478130
704.940938
690.350213
676.819991
674.090646
683.965372
697.026662
704.392388
704.070843
698.919764
698.486399
704.616265
709.657311
709.850335
709.663307
720.145002
733.822725
737.731650
734.038883
725.812911
710.230091
689.469330
675.252465
683.251243
708.773369
733.191499
743.815571
740.617101
730.375872
722.833389
723.971896
735.882162
758.469651
790.183161
822.947189
835.562951
817.748340
779.004877
741.253516
721.608698
720.724193
727.494010
740.208206
759.550158
777.614009
789.448129
793.958470
794.761068
792.055815
787.586121
783.009978
779.165031
779.773316
783.323127
782.859330
776.449778
767.404601
758.906165
753.788443
753.869632
759.368486
763.051789
757.353734
752.923466
767.155568
798.293506
827.847673
841.978361
836.396373
815.952308
786.221223
753.341962
727.824296
721.917692
742.633333
785.314510
836.554834
881.359468
908.232413
916.560677
907.005010
877.818599
836.818001
794.022631
759.455441
742.663866
748.603040
773.016917
804.270345
830.745369
847.278123
854.070743
854.809558
854.536240
853.642909
848.496827
836.011792
819.817028
807.006862
801.775301
801.412989
805.525999
815.079849
824.962941
830.077439
832.072252
838.532489
852.844400
868.705765
877.843279
874.704838
859.138331
845.049808
838.972902
835.076769
831.380140
827.848967
829.731958
839.150789
851.925331
861.956955
863.430288
852.532192
832.823294
816.539172
807.751131
806.223064
812.926552
822.378093
823.518160
810.342143
787.063502
764.245868
758.334986
772.394934
791.078242
795.068807
780.799005
762.178117
748.210828
743.063377
745.539171
755.424362
773.949218
796.483517
819.929012
846.737744
870.926108
878.955949
859.241704
817.981293
775.375614
752.049278
757.205704
782.798599
812.153851
828.388313
824.438502
806.335648
792.342343
788.661884
783.194708
765.053435
731.924021
703.793659
712.247057
759.890299
816.864087
847.625679
834.566679
790.006213
739.411804
703.310768
695.194710
723.982400
772.449355
807.370007
820.603891
826.798545
841.913448
861.203022
868.111478
853.240930
817.935656
770.063924
721.176891
698.112795
715.619460
761.844402
804.908493
819.757454
819.018563
821.085298
830.679354
840.155068
840.051269
836.537630
840.449102
843.060877
821.780702
781.313605
740.336867
710.567570
701.427673
718.127606
762.390450
805.487207
822.727548
799.961781
755.316421
722.067240
714.371947
729.705221
756.938179
786.552816
824.422625
855.856119
858.252884
839.269370
803.940867
781.108553
784.915200
786.127167
765.224513
746.438394
759.553107
800.352288
842.184646
857.814093
845.382133
838.242123
834.057292
815.595298
789.940432
759.056067
748.811938
758.872064
754.422422
745.009420
741.267063
772.815737
839.298842
888.672817
879.920020
825.369124
766.994968
738.361356
740.979422
752.614402
763.129792
776.945439
802.661869
842.168175
877.134461
869.574564
827.274248
773.604498
738.986235
757.165535
805.541507
841.240422
851.253968
844.806099
832.817932
843.944024
883.178577
917.804357
923.112602
884.745469
830.665303
795.285497
779.742682
762.113569
741.742656
751.110495
808.749272
892.849999
950.273824
955.186864
918.296147
879.708158
854.979111
844.102992
840.781457
806.366133
764.320289
761.066674
799.536994
858.974070
899.570573
902.865907
871.952999
818.803876
769.430743
755.124246
776.985359
814.215203
869.299236
927.785066
975.509674
994.711107
971.763592
920.479263
860.908868
814.041633
795.919501
799.595332
821.075947
843.865927
852.395269
845.867778
841.059642
846.463347
849.907035
837.931919
819.116357
815.519832
833.865246
859.606097
878.614087
892.017720
891.539268
868.429725
833.621882
810.135938
810.458716
827.906760
856.306545
880.826360
892.010375
883.902393
862.099601
843.858886
836.095121
834.011392
832.122924
829.668354
819.873041
804.681346
791.003850
783.643722
783.743212
796.175174
814.936540
824.240263
815.694395
804.683561
805.762123
814.634825
823.310091
828.212411
839.207191
859.000280
879.214967
886.572719
878.245883
864.351570
854.674692
846.136983
836.669530
829.261833
815.433221
797.306975
773.202607
738.588098
715.158139
722.140577
765.446493
832.462956
893.007185
926.707515
925.710459
893.878740
849.942303
808.892917
778.698719
766.790579
769.473064
780.739718
791.266287
793.023036
792.553183
807.283020
835.520506
860.586439
870.145940
863.395572
850.563927
839.351817
830.278867
821.857930
809.914030
800.346092
792.140368
790.076224
810.405560
838.335583
854.598543
859.007508
855.333832
857.028522
859.022654
853.863805
840.766544
829.004504
827.910787
839.623435
864.162043
893.352914
912.821586
916.009475
904.338151
882.944472
859.416345
835.988602
814.152111
799.124943
794.972405
792.151395
786.140778
784.233777
792.141439
811.386302
836.418774
854.467275
859.051854
852.328479
839.125384
827.569264
815.407964
811.551738
829.967555
867.435190
909.374684
931.534554
914.396856
874.346501
836.360442
819.088621
821.048869
824.255655
828.091834
826.557970
823.682804
818.984310
807.988737
799.509773
804.422307
823.791750
846.476050
863.946573
880.054118
901.430297
930.474554
951.039306
955.823841
951.405872
936.392239
923.786999
916.894071
913.766771
914.301640
915.302128
908.275241
901.086429
901.806145
912.631879
929.820962
937.131281
920.001884
887.660306
855.937466
839.590844
848.935194
867.677063
877.978147
879.288810
873.330992
855.073226
839.115230
833.584338
829.520042
835.683346
849.933419
858.758173
860.813671
851.771463
831.539367
802.829709
774.403315
771.609700
794.500471
828.126185
859.357126
878.478204
895.179431
926.753577
951.127867
942.664638
912.712529
893.019478
900.888099
931.777836
963.370198
973.105629
956.637544
922.614679
879.880512
835.016886
798.916290
778.720556
773.109040
785.955520
815.080051
852.136299
897.812968
940.044069
957.721116
954.177755
934.974020
897.684483
858.702191
834.600192
827.263578
829.368477
825.119365
815.824418
813.640462
825.855449
841.276299
841.928178
824.383923
797.174242
774.184154
759.315877
762.242569
792.747059
835.321838
867.932085
879.141107
851.780319
797.838500
749.717130
729.279011
732.541320
744.514367
761.300799
775.068101
777.978021
775.910326
778.683581
793.210037
815.458624
827.102617
818.111197
803.247130
791.136574
782.788125
786.586665
799.594033
817.810298
842.416987
859.328020
841.974264
795.060462
744.303811
715.114917
719.837602
749.832218
791.996495
831.096715
863.247348
888.876807
907.900956
919.057884
925.891512
926.260894
917.941087
904.673279
892.306850
878.928752
869.173554
870.041809
878.911076
887.610814
887.585317
876.621658
858.477350
840.085767
828.803361
822.869273
816.195552
808.351047
798.949647
786.750445
770.106267
754.790394
751.519119
763.666088
781.099252
798.417453
812.287140
822.525880
833.587264
836.277691
823.011981
796.237320
770.987581
756.405705
756.042210
769.000063
792.832239
821.412892
847.459436
870.736973
896.309005
925.559656
953.415536
976.869249
993.541828
994.122061
976.994146
947.893636
913.224254
882.167149
864.021244
859.053844
870.046293
900.749858
934.148763
956.689971
956.211039
934.840181
905.416967
881.304316
879.184543
904.118783
936.551143
956.839760
963.376302
958.479646
940.954827
906.260339
861.801123
821.995626
793.836241
777.618490
773.700709
776.969077
779.601850
778.617955
770.363835
758.156526
750.404385
750.423629
763.683195
791.442310
825.894999
852.719599
863.855412
862.499573
849.173069
823.197273
793.664288
776.872311
783.812542
810.566132
847.931779
884.145454
904.601947
899.620002
877.006194
850.585477
831.726222
827.611530
833.402718
843.572983
854.594344
856.950609
843.086825
808.758852
764.036158
723.432349
698.113771
690.210867
694.172267
705.513794
721.618732
742.992954
771.407359
806.786885
843.644022
875.475869
893.104091
890.465769
868.453638
834.572448
799.670361
771.152844
754.106866
748.091528
750.576507
763.467974
787.223963
815.073161
839.964322
857.040172
871.363807
887.097904
897.714681
890.498476
858.044964
803.882745
737.418773
674.739802
628.521589
605.320930
607.602429
632.505152
674.518946
724.971103
774.038360
817.493731
855.078658
882.007788
896.137354
897.892030
892.729358
889.382418
891.224616
897.868664
905.678136
906.030789
893.628890
873.174036
853.217963
839.210653
831.133651
826.644809
827.379355
835.559842
850.287334
866.720863
881.128407
891.532992
895.330401
889.257653
872.479690
845.656335
813.861370
787.031170
770.914551
764.816040
765.519473
767.693318
764.517226
753.691091
739.520880
728.305688
722.983803
722.947333
725.347529
727.619588
727.428835
724.577873
720.954360
718.329375
717.810109
719.485805
724.173522
732.219610
741.435030
751.274605
763.042365
776.763083
790.285774
800.281473
805.118609
804.639728
797.938690
785.686958
769.776178
753.944381
742.381638
737.222821
740.499155
753.318361
773.988222
801.075020
833.811797
872.344850
913.648358
951.322287
978.904556
993.482491
996.320347
989.479366
973.383984
948.551080
918.212581
886.823029
858.429332
834.326042
813.230718
793.573885
773.734465
751.326274
723.539967
688.681817
648.381048
606.715768
567.324358
533.008435
506.666968
490.502736
484.727195
488.259839
499.882803
518.756837
544.061751
574.435399
609.330820
646.059535
679.603907
704.144341
717.330219
720.489917
717.198661
711.633168
707.540210
707.458588
713.929468
728.365875
748.694153
771.930387
795.439052
818.526342
840.663390
861.159684
877.654411
885.796567
882.624875
868.638907
848.755579
829.066727
814.228236
805.089204
800.345642
798.254669
797.008118
795.166917
791.185127
784.203990
774.322796
762.987526
753.211404
749.094312
754.335817
770.639621
794.955367
822.827552
849.938056
873.299296
889.239405
893.444441
884.758190
865.409851
842.220826
822.379664
809.732708
804.906495
806.162754
810.557686
814.643567
815.233014
809.982203
800.769214
790.104720
780.672910
774.198862
771.314091
771.815327
774.972414
782.475016
795.848003
815.670933
842.548209
875.474276
910.163817
939.176724
954.529307
950.646409
927.531654
889.454378
842.384145
792.627113
746.603709
710.413293
690.282278
690.097801
710.392725
746.905741
789.758152
827.669933
851.189154
855.421880
840.971385
815.290728
790.858937
776.845078
776.447486
786.356906
800.421332
812.363766
817.052368
813.137456
801.984866
784.623781
762.533659
737.757660
714.790091
698.749839
693.446082
700.636196
719.347145
745.666056
772.452770
792.973038
802.659991
802.930944
798.799974
795.354769
795.358836
799.991324
808.742221
817.061776
820.608738
818.088053
811.453476
802.650345
793.478255
784.871341
776.125407
765.389355
753.353878
743.648056
740.610382
745.947169
759.174476
779.246143
803.764024
830.988996
858.894332
885.204148
905.901392
914.507848
905.190821
876.192131
832.697091
784.513086
743.445849
718.929692
713.334349
720.292025
730.875050
741.838253
755.290451
773.517298
794.793467
813.957738
824.255519
819.677317
797.994087
762.156640
719.521143
678.607769
647.756947
632.585344
632.864100
643.913030
659.331006
674.999428
689.231415
699.765490
704.949929
705.308187
702.665216
701.697399
705.463832
712.979126
720.568465
727.442245
737.035306
752.944773
773.020323
790.944336
802.439432
805.714996
804.499438
804.515733
809.358472
821.599623
842.678664
872.445965
908.359198
945.684101
977.988886
1000.409971
1012.102002
1013.650013
1003.567410
979.516461
943.740933
898.141901
845.696449
796.271454
763.911830
757.873497
776.506951
808.925812
839.367168
855.909826
856.177117
846.456357
836.508178
832.229545
833.032518
836.964953
843.911151
854.760341
868.669286
882.954896
897.031085
910.717266
922.116332
926.672750
917.671534
892.877090
859.005209
823.803153
791.663390
766.271470
751.403178
748.917344
758.234222
777.152758
803.361059
831.935718
859.125468
882.315439
894.574623
889.441739
869.456761
842.717262
816.374850
796.197306
787.075689
790.545946
801.503258
811.358083
813.657139
809.540985
803.590561
798.898459
796.610673
796.805061
799.938930
805.653741
813.783022
823.185391
831.016204
837.306654
845.834521
860.326569
881.003148
906.265116
932.201778
951.525703
958.200882
950.770316
932.007758
908.666037
888.092364
877.091535
879.054821
891.702632
911.562983
936.135135
959.541226
974.492474
971.138197
939.691680
879.722223
803.175441
728.977984
673.728159
647.196882
649.796544
675.503873
713.933014
756.006458
796.391237
829.666090
851.836588
861.457571
858.498149
845.058652
822.482268
795.027371
769.137145
745.339839
721.917788
699.859794
681.549604
669.349185
667.313859
678.627920
699.929127
723.108033
740.558996
747.808514
748.599100
755.518151
777.537079
810.493494
844.986827
873.436108
894.150945
910.944905
927.991851
945.508252
963.089369
978.956846
989.758950
990.757247
978.734584
952.311316
919.650443
893.627542
873.972883
856.383103
839.212501
825.849996
817.931501
812.481026
809.329551
812.347804
820.608716
828.633760
835.598606
840.125634
844.163427
847.846811
851.085248
860.036233
881.279525
912.643572
938.053095
932.545219
880.494410
785.336229
666.262071
542.128317
426.554333
328.219378
250.018221
191.914050
152.070912
126.316737
116.064873
117.583417
133.225874
173.135489
237.239348
320.631361
417.776704
513.326179
588.053739
641.366629
676.497361
710.218760
742.614393
763.370786
767.734885
761.980140
755.698500
763.437335
800.781036
860.396007
920.265090
956.746509
962.012159
936.944436
892.369410
852.841250
842.925297
865.327663
901.829518
933.131154
944.186793
938.516331
929.331559
924.327020
926.203945
928.709429
927.529423
921.394485
911.722864
902.322349
897.641943
900.694773
911.919971
925.971430
932.423495
924.587763
904.467262
875.922637
841.346494
807.831761
782.257301
768.186272
764.899750
770.910502
784.250054
800.383168
813.333281
820.660174
825.313893
829.478803
832.901859
830.779344
818.701601
795.828798
764.158985
730.675353
700.702322
670.171510
640.846498
629.845323
650.795053
698.221938
751.476347
788.819639
810.551793
822.701383
824.305448
820.244653
822.860169
837.227019
860.598993
886.325771
904.270865
910.081222
903.781141
886.638149
863.689222
840.256928
820.757818
811.754582
817.931236
833.761450
847.079141
852.518189
849.736422
838.915002
820.316839
798.887504
777.927776
762.439548
758.452542
767.319660
785.206354
808.613026
832.814236
853.227176
864.925185
869.483045
870.991431
869.233888
865.487701
861.945182
863.709406
873.828895
890.710041
910.745095
934.430106
957.908982
971.700030
976.110137
977.083229
977.617333
976.883944
969.490644
949.981964
921.590569
888.552862
856.583371
831.566206
813.052956
795.455950
776.229355
754.484463
728.027949
704.523941
683.646303
662.890032
644.487818
629.973302
617.630558
609.825960
607.453943
609.866812
615.561336
623.939070
633.064946
641.370636
648.960731
657.996651
668.667472
681.103670
697.489035
717.754744
738.649075
758.421642
775.249603
791.110205
806.704016
818.132241
822.571868
822.198646
821.413317
818.323051
812.879238
812.233527
822.881737
840.782049
861.969481
877.645844
879.465438
867.136345
839.421216
794.323686
740.028729
686.476834
636.350539
587.739310
539.608238
490.304528
437.158256
382.686381
335.003266
296.848619
266.140000
246.437943
244.261181
263.687497
301.942915
354.823603
420.175256
492.663915
569.370815
646.531931
720.913262
789.232796
848.990157
895.926788
926.259737
941.994823
950.562005
956.472245
963.077661
973.968453
987.203808
999.648829
1007.310710
1010.835321
1009.922319
1004.107247
993.710160
979.589583
965.375061
952.828941
944.540220
938.641901
935.574094
934.752942
935.193950
937.285381
942.436899
947.650747
946.605082
937.300223
922.516309
906.374784
892.200667
882.935974
880.053363
873.148135
852.657411
813.487502
760.273919
703.711599
655.261106
622.707395
612.182606
633.015120
686.809037
763.129614
841.371337
905.477182
950.772594
981.184408
1005.714157
1031.142922
1049.469084
1058.041151
1061.023280
1059.469118
1057.530067
1056.779997
1054.809747
1048.335674
1043.013353
1044.882024
1053.273804
1063.121388
1067.816102
1064.604504
1053.907797
1038.311263
1019.132717
1001.446963
986.970259
977.515570
974.763118
978.573289
983.584223
981.477507
967.358231
930.761902
866.543995
771.937487
651.933712
520.404967
394.903184
293.311864
225.033627
193.545653
201.467474
268.459435
397.029316
557.509550
700.536535
786.923542
810.758231
788.673823
754.035696
739.125951
761.816686
805.209177
844.322262
868.079243
874.698844
865.597459
838.526808
795.244066
746.804854
708.442654
687.951160
682.832849
690.690383
705.223827
716.427230
706.527608
658.773496
565.633405
441.394795
315.286059
215.085361
152.438513
130.767428
151.985210
242.628493
426.540339
681.171071
934.012224
1106.173338
1176.708017
1189.186234
1208.057753
1244.774785
1268.548886
1260.016789
1232.070996
1200.474978
1164.318412
1112.942392
1037.538304
944.432794
849.737015
762.738260
692.375157
646.537711
621.515196
611.369905
612.082001
617.421553
627.142132
641.677504
652.224415
666.112892
688.329197
720.552291
759.131549
794.274080
806.184530
776.899772
712.092997
633.314151
563.599135
511.470823
478.629006
464.036698
465.911170
481.466412
509.181141
543.496850
577.938838
602.708793
608.024458
596.709223
573.444446
547.106773
538.841776
564.188946
618.914262
683.013451
734.418246
767.062056
782.260458
779.897394
760.587983
729.106710
694.408701
663.314765
642.898901
638.591155
643.182785
645.735458
649.908954
654.276205
654.740803
660.843618
681.623084
710.685337
737.602400
755.767336
767.017560
770.359530
756.509373
719.417337
664.849932
614.625367
577.342012
540.069294
489.257355
429.772766
376.280725
339.329868
311.261847
288.747406
278.255542
280.054241
292.411515
311.990222
330.012555
344.929127
358.508182
372.393517
393.270824
418.777040
446.158919
476.034537
503.137250
522.476606
532.139047
536.263964
538.738205
541.746500
543.952509
543.685975
539.525482
534.387553
531.358771
530.354483
530.458282
531.041962
526.491756
513.714392
502.023519
495.136975
492.717553
494.537869
497.642494
498.239196
494.355422
486.016943
477.411092
472.555170
466.095920
461.980570
460.067213
459.625120
456.675265
448.706147
438.511155
429.759247
422.916845
417.881509
415.047177
414.822049
418.574054
427.467730
440.508638
454.016015
461.636765
464.011872
460.139351
447.636512
430.258753
408.863968
387.628243
369.677758
355.675480
340.894237
326.269959
312.018044
296.981298
281.206758
267.595756
258.949731
251.391293
241.182282
228.938907
215.128495
199.827254
185.982239
170.994491
151.644900
133.100376
116.044490
102.412384
94.542915
89.224655
83.144018
78.162717
76.011318
74.813620
71.337626
68.985603
65.736900
62.956156
61.072390
58.668445
55.302233
51.367885
49.132515
46.097476
43.555368
43.223170
42.816246
42.446682
40.162276
38.188804
35.923487
34.760115
37.540569
42.525424
46.879953
47.355694
44.909324
43.341091
43.714880
44.860655
47.947282
50.856283
52.394219
52.717950
51.776568
50.528933
49.302639
46.437106
44.026540
43.567348
44.980035
48.459183
51.317723
50.892401
47.747620
44.689194
41.610143
38.075313
34.247232
31.065047
30.044921
31.439385
33.335131
32.202713
27.952802
20.821599
15.907476
15.164825
15.776504
15.687193
12.228557
9.046759
7.154677
5.015898
2.781900
4.080142
8.549096
10.837744
7.364025
0.540297
-6.045357
-9.025339
-9.736417
-10.282195
-9.726310
-6.778156
-3.462304
-3.588444
-5.904845
-7.820398
-5.530832
-1.608634
0.727397
1.090207
-0.136338
-3.936311
-6.792112
-6.211209
-8.014699
-10.667054
-12.126472
-14.825787
-16.920838
-15.947295
-12.895770
-12.228385
-11.891470
-11.325463
-11.011550
-9.037330
-8.067659
-7.943582
-8.641066
-7.435917
-3.368316
-1.719189
-3.400594
-6.019721
-9.754813
-12.283622
-13.979517
-15.742301
-16.011859
-13.773643
-11.603514
-10.015471
-8.099345
-6.406594
-5.257681
-6.086985
-5.812781
-5.536827
-3.870137
-3.082202
-2.887959
-1.660846
-4.358692
-8.809213
-10.848904
-10.998888
-13.312421
-16.908894
-18.069949
-17.644278
-16.618097
-14.930639
-13.148777
-10.564915
-8.808723
-7.317111
-5.730840
-5.012171
-3.771041
-2.859994
-3.409932
-3.400497
-5.255113
-9.259655
-11.140762
-9.192682
-5.805516
-4.052278
-5.662672
-9.454511
-10.376978
-8.226903
-6.173677
-4.905109
-4.929106
-5.603872
-6.359029
-7.538083
-9.682549
-10.903232
-9.939043
-8.791981
-8.685135
-9.679072
-10.339272
-8.327911
-3.621517
-1.229321
-3.746617
-7.875247
-9.743581
-10.212479
-9.395179
-9.247465
-7.251829
-5.263647
-5.156429
-5.625540
-6.989175
-8.006456
-9.243406
-10.058022
-10.661488
-11.493888
-11.389723
-10.596905
-8.852210
-8.616605
-8.150637
-6.258732
-5.601977
-6.737064
-8.196542
-9.940651
-10.709184
-9.701059
-10.274105
-11.673072
-10.759321
-9.581007
-10.424930
-11.578991
-11.426346
-9.188760
-8.727315
-10.210457
-10.448252
-10.372325
-11.416965
-12.202556
-11.544595
-10.362601
-6.763335
-4.082989
-3.873411
-3.913689
-3.579759
-4.906043
-7.181329
-10.202125
-13.480376
-13.318562
-11.498544
-9.752925
-6.897674
-6.402828
-5.890566
-3.707831
-4.349408
-7.082224
-8.835404
-9.375999
-10.502252
-10.721701
-9.908145
-10.685518
-11.903747
-11.774695
-11.699862
-10.557717
-7.569027
-8.615579
-10.601672
-10.220128
-8.552820
-7.428946
-6.460356
-7.780832
-9.932271
-12.044923
-13.282735
-12.583588
-11.793701
-12.338753
-14.038085
-13.542730
-12.093973
-12.445832
-12.518290
-11.266156
-12.492855
-13.935250
-12.434050
-9.134840
-5.499401
-3.833624
-5.582017
-10.694070
-13.761438
-14.912648
-14.690210
-16.139385
-18.432906
-19.673721
-17.786153
-14.644301
-16.487985
-17.908449
-17.431537
-15.275849
-13.701397
-11.788746
-9.828406
-9.199059
-10.117390
-11.787658
-12.169292
-12.021008
-10.653819
-11.199376
-13.020595
-13.881650
-14.238920
-14.709367
-12.977334
-10.253128
-10.811474
-10.463382
-9.667461
-7.921683
-5.579508
-4.817651
-5.564980
-4.205050
-4.532197
-7.320451
-10.164104
-10.117458
-9.997070
-12.712082
-11.543807
-12.604061
-15.152440
-15.403585
-16.076039
-17.411925
-15.334140
-12.982194
-10.786314
-9.234973
-10.514900
-11.647409
-11.255094
-11.668211
-12.195547
-12.874080
-14.628329
-14.726345
-11.338053
-8.685241
-7.506732
-6.217702
-6.643424
-7.700660
-7.905922
-8.248909
-8.740160
-8.364254
-7.824905
-10.367246
-11.397745
-10.316543
-9.691399
-9.720033
-10.711282
-10.205523
-10.370341
-10.962800
-9.870607
-7.821689
-7.744273
-10.045268
-12.396119
-14.284807
-14.358827
-14.148147
-12.863239
-12.151432
-12.233860
-12.731823
-15.674044
-18.136611
-18.691404
-17.192572
-15.581694
-11.532700
-9.303987
-8.226046
-8.019916
-7.691427
-8.370232
-9.853599
-10.427683
-11.411098
-12.661973
-10.264082
-7.771518
-7.689985
-7.288796
-8.051036
-9.606736
-9.044575
-7.062512
-6.628756
-6.323941
-5.613032
-4.067448
-4.690645
-6.900226
-9.137509
-11.186754
-12.927948
-14.119211
-15.755226
-14.660776
-12.595572
-12.425556
-13.069140
-11.557420
-9.417769
-6.569934
-4.577988
-3.891336
-3.669153
-6.219239
-8.209877
-9.487482
-11.017076
-10.660057
-8.597049
-6.565154
-4.901985
-2.642469
-2.981802
-3.518170
-4.646791
-2.618646
1.849207
2.652544
1.062355
-0.348208
0.342169
-0.148255
-2.940940
-2.585576
-3.513908
-5.727349
-6.395243
-7.552791
-7.957321
-5.117597
-4.408357
-6.611884
-6.478856
-4.781965
-3.263269
-2.651240
-1.834875
-0.359365
-1.942434
-4.166368
-3.320167
-1.829419
-0.695807
-2.752631
-5.251449
-7.422841
-9.715693
-8.670579
-5.398006
-4.281236
-3.691991
-2.372039
-2.870734
-3.765509
-4.042611
-2.769309
0.233644
2.192669
1.150294
0.038941
-1.542289
-2.195850
-3.035620
-3.629275
-3.847435
-3.488701
-3.411313
-1.666454
0.025381
1.125309
0.449642
-1.268525
-4.868901
-5.698535
-2.096027
2.431007
5.130252
3.486434
1.830620
2.361800
2.178542
0.120509
-3.810711
-7.271202
-8.472250
-8.222789
-4.836933
-2.129028
-2.203460
-4.339365
-7.788404
-10.771571
-11.840600
-10.888686
-9.616991
-8.399149
-8.425415
-7.962380
-6.346146
-6.834822
-8.308161
-8.042556
-7.100027
-8.664452
-8.965119
-7.507911
-6.241385
-4.314230
-3.438540
-5.668940
-5.499949
-2.387653
-0.133812
-0.407729
-2.777413
-1.656895
-1.583976
-2.037074
-3.901419
-6.020868
-6.917141
-8.885125
-7.387189
-2.723801
1.484153
3.292914
2.583531
1.044539
-1.301059
-2.312943
-6.083750
-9.355009
-10.152099
-9.509064
-9.079067
-7.593078
-4.553719
-3.135464
-5.623060
-7.338604
-7.360922
-8.075084
-8.099970
-5.725050
-2.563704
-1.003427
-2.324612
-3.582090
-3.641792
-3.678443
-0.870347
3.227725
4.825955
4.308604
3.333800
2.391304
1.397946
-2.834003
-5.077841
-1.227841
4.436328
6.172898
7.179114
10.561207
13.531421
14.725344
9.507851
