464.231901
510.291226
542.000000
594.000000
650.000000
729.000000
792.000000
866.000000
934.000000
1012.000000
1101.000000
1119.000000
1172.314303
1263.000000
1349.000000
1411.000000
1490.000000
1554.000000
1617.000000
1699.980168
1787.000000
1856.000000
1927.000000
1987.290745
2023.000000
2074.000000
2136.000000
2182.000000
2213.000000
2243.000000
2276.586849
2316.000000
2335.000000
2349.000000
2363.000000
2391.000000
2420.000000
2455.000000
2495.000000
2531.000000
2560.000000
2600.000000
2640.000000
2684.000000
2716.000000
2752.522476
2805.986418
2833.648197
2853.174159
2877.116707
2896.410216
2919.887861
2947.084736
2985.904207
3017.000000
3076.792909
3120.028966
3170.000000
3212.000000
3249.000000
3297.000000
3330.000000
3379.000000
3413.000000
3435.000000
3455.000000
3479.000000
3492.000000
3524.000000
3554.000000
3587.000000
3617.000000
3654.000000
3682.000000
3694.853516
3709.000000
3726.000000
3739.000000
3758.000000
3779.000000
3797.000000
3819.000000
3837.000000
3853.000000
3881.000000
3904.000000
3933.000000
3957.000000
3981.000000
4001.000000
4024.000000
4045.000000
4061.000000
4081.000000
4098.525651
4120.182422
4147.127474
4162.000000
4180.000000
4198.000000
4217.000000
4241.000000
4262.000000
4296.000000
4338.009245
4359.414193
4392.906641
4418.505409
4456.000000
4486.148918
4520.551803
4545.000000
4569.000000
4596.000000
4644.000000
4678.000000
4711.000000
4735.000000
4754.000000
4781.000000
4821.000000
4856.000000
4883.000000
4915.000000
4946.636178
4963.000000
4982.000000
5007.638951
5040.016183
5073.832403
5100.000000
5127.000000
5147.000000
5173.000000
5197.000000
5223.000000
5251.187686
5273.132254
5303.000000
5344.721912
5397.000000
5453.000000
5519.165264
5569.000000
5620.000000
5684.000000
5727.000000
5764.000000
5807.395964
5839.000000
5888.000000
5938.000000
5995.000000
6057.000000
6145.000000
6234.000000
6308.804447
6373.000000
6419.000000
6487.559976
6542.000000
6612.000000
6703.000000
6794.000000
6861.000000
6908.000000
6962.000000
7019.000000
7065.000000
7127.000000
7197.000000
7261.000000
7321.000000
7381.000000
7443.741276
7503.607332
7573.000000
7631.455889
7685.239453
7720.000000
7765.000000
7812.071034
7867.627790
7913.315662
7966.558222
8016.203311
8065.443630
8108.000000
8133.000000
8150.356380
8176.000000
8207.000000
8235.000000
8288.607161
8332.763341
8349.000000
8383.000000
8432.000000
8476.000000
8505.000000
8561.000000
8621.000000
8697.000000
8769.840755
8801.890811
