NaN
NaN
NaN
NaN
NaN
NaN
NaN
NaN
NaN
NaN
NaN
NaN
NaN
NaN
NaN
NaN
NaN
NaN
NaN
NaN
NaN
NaN
NaN
NaN
NaN
NaN
NaN
NaN
NaN
NaN
NaN
NaN
NaN
NaN
NaN
NaN
NaN
NaN
NaN
NaN
NaN
NaN
NaN
NaN
NaN
NaN
NaN
NaN
NaN
NaN
NaN
NaN
NaN
NaN
NaN
NaN
NaN
NaN
NaN
NaN
NaN
NaN
NaN
NaN
NaN
NaN
NaN
NaN
NaN
NaN
NaN
NaN
NaN
NaN
NaN
NaN
NaN
NaN
NaN
NaN
NaN
NaN
NaN
NaN
NaN
NaN
NaN
NaN
NaN
NaN
NaN
NaN
NaN
NaN
NaN
NaN
NaN
NaN
NaN
NaN
NaN
NaN
NaN
NaN
NaN
NaN
NaN
NaN
NaN
NaN
NaN
NaN
NaN
NaN
NaN
NaN
NaN
NaN
NaN
NaN
NaN
NaN
NaN
NaN
NaN
NaN
NaN
NaN
NaN
NaN
NaN
NaN
NaN
NaN
NaN
NaN
NaN
NaN
NaN
NaN
NaN
NaN
NaN
NaN
NaN
NaN
NaN
NaN
NaN
NaN
NaN
NaN
NaN
NaN
NaN
NaN
NaN
NaN
NaN
NaN
NaN
NaN
NaN
NaN
NaN
NaN
NaN
NaN
NaN
NaN
NaN
NaN
NaN
NaN
NaN
NaN
NaN
NaN
NaN
NaN
NaN
NaN
NaN
NaN
NaN
NaN
NaN
NaN
NaN
NaN
NaN
NaN
NaN
NaN
NaN
NaN
NaN
NaN
NaN
NaN
NaN
NaN
NaN
NaN
NaN
NaN
NaN
NaN
NaN
NaN
NaN
NaN
NaN
NaN
NaN
NaN
NaN
NaN
NaN
NaN
NaN
NaN
NaN
NaN
NaN
NaN
NaN
NaN
NaN
NaN
NaN
NaN
NaN
NaN
NaN
NaN
NaN
NaN
NaN
NaN
NaN
NaN
NaN
NaN
NaN
NaN
NaN
NaN
NaN
NaN
NaN
NaN
NaN
NaN
NaN
NaN
NaN
NaN
NaN
NaN
NaN
NaN
NaN
NaN
NaN
NaN
NaN
NaN
NaN
NaN
NaN
NaN
NaN
NaN
NaN
NaN
NaN
NaN
NaN
NaN
NaN
NaN
NaN
NaN
NaN
NaN
NaN
NaN
NaN
NaN
NaN
NaN
NaN
NaN
NaN
NaN
NaN
NaN
NaN
NaN
NaN
NaN
NaN
NaN
NaN
NaN
NaN
NaN
NaN
NaN
NaN
NaN
NaN
NaN
NaN
NaN
NaN
NaN
NaN
NaN
NaN
NaN
NaN
NaN
NaN
NaN
NaN
NaN
NaN
NaN
NaN
NaN
NaN
NaN
NaN
NaN
NaN
NaN
NaN
NaN
NaN
NaN
NaN
NaN
NaN
NaN
NaN
NaN
NaN
NaN
NaN
NaN
NaN
NaN
NaN
NaN
NaN
NaN
NaN
NaN
NaN
NaN
NaN
NaN
NaN
NaN
NaN
NaN
NaN
NaN
NaN
NaN
NaN
NaN
NaN
NaN
NaN
NaN
NaN
NaN
NaN
NaN
NaN
NaN
NaN
NaN
NaN
NaN
NaN
NaN
NaN
NaN
NaN
NaN
NaN
NaN
NaN
NaN
NaN
NaN
NaN
NaN
NaN
NaN
NaN
NaN
NaN
NaN
NaN
NaN
NaN
NaN
NaN
NaN
NaN
NaN
NaN
NaN
NaN
NaN
NaN
NaN
NaN
NaN
NaN
NaN
NaN
NaN
NaN
NaN
NaN
NaN
NaN
NaN
NaN
NaN
NaN
NaN
NaN
NaN
NaN
NaN
NaN
NaN
NaN
NaN
807.470890
813.150659
813.380001
827.038064
831.790755
856.388778
880.987988
881.357920
886.401843
891.741383
886.380786
870.219381
860.865152
864.055530
861.627535
853.565421
846.899403
843.845194
841.626897
844.948278
847.175023
843.866474
840.899321
839.318039
842.296731
848.370868
850.073494
847.180082
841.633751
838.183435
842.382365
851.670730
857.887549
858.676201
853.935900
848.152632
843.522897
846.559371
851.319652
856.646713
856.620724
852.930007
854.881372
861.686797
867.528401
869.012724
870.385178
873.424662
880.392609
887.888172
892.897509
892.963901
894.993152
896.455129
897.133030
901.047921
902.783835
902.254625
902.058774
906.114944
912.925818
915.192202
918.249485
921.133870
922.453730
918.852360
914.821147
920.134706
925.376735
927.421181
928.305703
927.678895
928.022701
926.377953
920.938633
918.931277
916.984310
917.379163
918.343269
919.691063
923.022955
924.174307
922.742378
921.675558
922.897294
926.163335
929.563075
937.754694
947.307661
955.095824
963.060196
971.965725
982.094660
989.474741
993.621386
995.434032
993.928020
988.675804
979.073132
960.893896
938.641561
910.964616
877.918284
867.614919
850.851319
839.329455
832.147805
828.799044
830.505640
834.289392
838.745378
841.121922
839.951978
837.619657
832.670525
826.372615
819.839692
808.910851
800.377235
796.030323
794.357434
792.579288
793.740241
796.311906
798.586787
802.934049
807.836960
810.065220
812.954416
812.866473
811.905619
814.813032
816.251191
815.353334
816.179231
813.262758
805.053008
802.791772
804.880917
809.195772
812.706303
814.019760
816.735984
821.664706
826.448812
815.945042
804.659832
801.312155
805.011611
808.433213
807.822267
804.295136
806.052044
807.204974
803.282560
796.495797
793.955224
795.706244
803.160928
815.905419
826.679092
832.645040
833.544671
831.713740
832.943579
836.990455
839.414787
835.856657
831.997379
831.617561
832.114454
835.117792
841.440371
849.330629
855.882097
864.715905
872.705895
872.754624
868.865337
865.685212
865.755508
864.220590
861.715537
863.174290
868.508328
876.280272
884.334840
889.749129
888.628393
896.632496
904.946440
906.050277
907.196085
904.299777
903.219948
901.412724
895.656738
897.505541
906.355292
914.814436
922.547877
925.013416
923.577110
920.735366
919.311686
918.592211
914.431204
915.828831
925.386484
934.507257
939.614677
943.822018
949.612359
958.975260
968.449306
984.240320
993.292989
992.868417
967.086335
917.225065
846.213444
826.340606
767.609828
719.435389
694.289689
696.555308
710.295399
734.869657
768.038390
807.746529
848.350535
878.900317
897.941335
899.868466
891.348723
890.873499
903.043278
925.606054
937.639146
945.405833
952.723704
954.180580
953.982835
957.388668
958.940093
963.032132
967.492795
967.079630
964.387826
952.457737
912.190159
866.451342
820.064907
811.869873
787.720297
778.673413
778.960461
790.645496
804.412322
814.528670
815.434679
818.301212
823.751648
825.283216
823.386068
821.538345
823.122331
826.332991
820.960986
818.320511
822.186396
823.802160
820.290493
818.731601
819.428296
819.884286
826.258039
829.333209
826.628246
826.004999
825.345075
823.335083
820.993030
818.116809
822.982135
826.505277
825.153643
816.057195
813.947341
819.171365
826.590090
833.245820
844.841376
863.192580
870.925890
875.789286
883.711499
887.296652
891.847515
889.342034
888.363323
885.526076
891.680651
901.849414
909.902398
916.808320
924.258795
930.308796
930.370926
927.528020
923.840323
924.641064
925.907933
925.760732
932.877144
944.193382
962.866284
979.644421
993.700012
999.153835
1002.687876
1001.003530
998.049199
996.331919
996.836783
1007.113205
1023.942288
1037.514501
1029.525692
1012.330260
983.380502
943.443149
900.741704
894.279401
874.511665
865.206651
857.075988
864.786126
877.177726
894.162491
903.066347
902.378727
894.180832
884.652290
871.643296
861.875407
856.121536
855.568662
853.292157
865.190161
878.219709
887.774552
896.404368
897.162339
895.893306
891.611734
883.558502
875.878975
867.183782
861.346998
849.351874
838.801304
842.089142
848.676501
858.465306
860.101956
849.784877
842.564246
841.519736
853.901696
860.801535
859.613910
854.757024
852.593919
862.357077
869.256278
880.449338
888.162671
890.675696
886.701569
872.275951
858.667686
854.643879
854.278608
858.313199
866.927040
862.471050
847.115294
829.699409
821.010026
815.265927
813.849997
818.167731
818.464737
827.746759
849.764671
868.524811
881.603340
870.442991
849.327317
836.599629
824.196169
823.884667
838.702319
857.680845
874.211244
877.824947
875.618652
864.240790
848.434368
846.012655
856.414280
869.877794
864.325785
852.197120
843.806899
837.689616
834.101884
836.438050
847.490377
858.197246
860.947163
870.960322
881.191818
894.550131
901.177337
891.758360
882.602563
881.303915
879.588387
878.073964
883.465380
899.153623
908.704763
913.698815
912.180837
901.870827
895.102068
892.508397
887.734312
886.709065
890.096882
896.750341
909.997872
921.135489
927.248422
922.597563
919.087924
922.308684
927.657444
933.875671
935.616851
933.874440
934.224090
933.189875
934.792257
935.336898
942.076434
948.585932
942.103692
937.618963
939.659468
950.133839
967.520562
983.166764
997.299574
1009.099582
1012.013227
1007.825153
998.177520
966.132404
914.801940
905.838577
860.239480
829.035993
814.092078
805.658833
799.605177
799.451357
802.846776
803.572044
807.820451
813.727775
821.274197
819.498223
814.472385
811.830515
816.484446
825.844655
843.120789
858.838220
873.541087
886.301234
887.670676
886.418332
884.407280
884.961822
880.399242
871.102184
861.130070
849.963546
849.360990
854.608457
854.675402
856.676478
858.707030
863.560160
873.165839
874.756888
879.785427
886.922280
886.842563
880.509931
880.199327
881.711804
879.683471
869.380109
854.050437
846.750807
842.672533
846.232463
853.954849
852.794031
843.343165
833.656317
830.039860
829.381148
828.652616
817.515578
821.287148
835.907195
842.900473
837.785871
823.768659
810.905230
806.033573
809.026005
823.572762
845.294024
860.046332
859.077422
860.772983
860.937537
863.797955
852.825403
833.286728
816.703591
807.097497
808.999205
813.214471
816.410107
818.221692
816.487884
816.962599
820.913790
820.778207
817.873021
826.602835
832.802121
835.431055
835.833528
835.446523
838.261619
850.606333
869.311838
884.567274
887.488277
874.066454
847.960241
825.548313
816.648515
823.896803
833.850203
839.848119
843.404530
839.473542
826.911627
823.131626
828.115979
840.081564
847.887330
859.369865
866.468378
873.436903
877.938974
874.534409
871.945235
860.329110
853.955230
848.555933
841.907308
833.588507
829.310916
837.458489
845.775457
841.911828
830.481692
823.803072
821.958094
823.479163
815.406393
808.005966
800.515449
798.390102
815.957618
857.493977
899.268496
906.007251
885.161791
815.412959
802.087571
744.272144
709.411063
694.195678
690.828938
703.205126
720.692617
728.700382
734.392760
745.586209
765.675270
785.745198
801.971732
821.288596
824.888857
810.997513
791.665587
779.985600
774.920342
775.323271
777.488568
774.289550
774.664937
774.736190
778.516567
782.008271
791.336222
798.332339
810.664331
828.831291
840.728728
846.507204
848.769379
856.789582
863.328475
869.449961
873.965622
864.868466
852.220868
840.291675
830.352047
829.448305
828.592821
827.783413
826.168463
827.115963
837.033328
847.666720
858.054050
869.650369
867.723746
857.030920
848.109838
842.000277
838.862184
833.609989
828.079707
826.699140
822.078789
811.610017
799.408660
796.129054
798.050452
808.270462
821.268638
834.343625
848.635484
853.490796
855.221771
867.291255
869.417963
853.692882
838.745681
828.481914
818.036506
820.892244
832.571597
842.658923
855.344852
870.520949
878.014103
875.822443
871.630816
866.927152
872.104963
878.638881
874.633611
873.048873
874.414491
868.995401
863.849932
867.971870
875.152896
877.679422
879.389032
881.859294
893.445616
910.484964
921.297690
927.386777
919.134382
903.304946
896.904062
908.587126
926.478326
930.184917
923.790858
913.268743
903.645910
910.675693
933.283457
959.996774
969.699894
962.427235
953.371866
942.996633
938.071939
959.153262
985.546540
991.066518
977.459067
919.415684
907.695220
816.218749
781.228575
801.684391
827.524873
845.554515
869.970654
897.274315
901.663087
905.976865
916.227213
924.781688
926.759280
920.510152
912.837243
910.469964
906.612809
908.501844
920.164506
916.029259
889.764535
861.085568
838.288890
839.163805
854.956987
875.057054
887.097502
884.895931
872.561708
878.309977
904.239767
911.388709
907.814298
911.638096
915.633028
915.808353
900.869084
873.833636
860.175603
869.071617
882.683945
887.489487
886.544009
884.883337
893.026961
896.351347
881.787559
864.403471
854.948380
842.803989
837.802917
844.763985
851.819758
869.187946
899.521061
917.332295
914.346109
889.630496
851.881341
827.273458
828.116755
848.481926
864.129986
878.951783
888.019112
887.354651
874.339603
868.346001
875.887736
882.395507
877.111490
872.494109
881.569207
893.339457
897.742397
901.472730
903.894376
917.600420
935.845501
931.982841
915.575311
912.177735
919.528814
930.038611
931.606316
926.024554
918.032248
921.731787
940.878519
972.929905
989.563166
988.361462
970.761197
964.369504
976.909286
986.158108
984.782793
987.805323
1001.759691
1016.114165
1020.261825
1018.314790
1017.700515
1001.815775
933.377454
920.756470
816.725845
778.716429
791.818486
807.578850
815.775119
820.950585
826.139191
834.482599
840.025497
845.152104
861.810871
887.349532
903.386527
904.815022
899.747131
887.823202
892.315148
907.350318
906.694537
872.971552
837.498362
838.203295
868.134191
883.129113
883.510384
871.612155
853.018058
852.273865
852.496150
843.575873
837.877543
849.779639
862.375336
854.479574
839.874243
836.837532
841.288244
839.112181
827.948169
822.002706
822.887933
820.221271
823.703015
837.371019
836.573816
815.684167
798.427703
805.376038
815.373029
820.416940
837.264973
852.054936
857.018187
840.960774
828.135123
826.549425
831.886068
851.088751
866.331831
868.869290
855.754293
843.653726
833.859606
830.817785
844.231390
868.310541
880.787326
885.080213
890.284903
886.242321
868.087214
866.393857
869.543235
883.841220
896.469521
900.287126
901.494581
903.408072
909.489460
919.269006
926.354937
922.875732
925.724641
932.913130
935.977421
931.637345
935.145851
947.982242
971.094122
984.037808
989.440122
983.731940
973.777239
971.293071
979.899022
1001.719490
1017.885567
1020.716740
1015.025337
959.845466
857.610717
810.757479
810.994528
821.665146
829.542286
815.538760
796.428665
799.700631
811.274941
821.064331
828.090670
842.854952
866.777675
882.719063
895.895833
906.243740
927.399067
938.213935
928.434803
908.217698
889.751711
869.835661
855.232006
843.812388
828.677742
819.233908
835.721597
872.088122
901.733707
904.693605
886.825084
863.842060
854.054545
851.329315
854.334312
862.033976
880.104968
893.675197
891.079379
877.208200
852.067866
832.898236
817.870892
817.597606
825.459788
828.190438
833.151326
827.190021
816.488815
822.445964
844.498870
858.545679
856.610618
850.842569
841.009747
842.123716
852.927404
854.682264
840.741689
826.967601
819.564225
831.178772
850.389473
854.923298
853.628096
864.176734
882.314892
889.121230
883.712275
884.763026
883.449134
878.918559
868.170231
863.196941
873.441871
889.767460
903.888662
910.735448
908.933587
905.193285
908.450976
913.489946
925.125544
944.394381
963.546633
972.195383
983.481384
1002.085556
1012.733427
1009.844949
954.782311
858.058204
846.066399
801.462300
792.439675
782.823566
768.298503
764.293627
766.236342
766.556235
777.112453
801.340753
825.676857
840.262344
837.562619
836.553196
844.214833
842.629473
835.917252
831.435088
824.071889
811.349617
810.714373
804.819661
804.841036
821.171845
834.497330
823.147052
801.628275
800.356673
810.718644
829.973882
855.329835
874.774425
880.162334
879.145912
877.954022
864.677792
846.687582
835.816589
836.704956
849.105397
863.958821
867.504525
877.210069
880.464350
870.711180
860.919001
856.030888
858.871906
859.405650
852.020081
841.701272
841.823804
848.969927
852.994016
853.718005
853.223389
852.338611
864.389682
882.246564
887.833949
884.416863
878.294841
889.855274
908.914071
921.441334
915.558215
891.353106
870.796418
873.287857
895.432824
920.292231
931.695095
939.593200
943.192383
952.771405
972.654869
993.420920
1015.550529
1034.438527
1002.373355
900.708400
814.480231
806.884528
778.357022
774.050989
794.941231
810.804876
818.113959
823.563643
818.399898
809.610780
818.676171
849.771771
886.674230
911.628707
914.606764
902.312177
874.347821
851.426088
844.722063
850.628053
862.011300
876.438199
888.933417
892.176916
894.976330
895.487112
891.490822
883.097592
866.965290
862.749641
874.881915
882.545031
887.153242
899.520117
915.335986
917.018326
904.102621
896.481925
895.384976
895.765948
883.111075
871.617691
880.782893
884.317531
870.149529
850.267229
854.594719
875.733864
887.804448
888.951626
896.833033
901.072264
895.764323
891.367250
902.953523
927.633670
942.959929
944.851095
938.834732
920.977470
914.584423
914.287032
907.596338
909.894855
913.498373
913.618451
918.885458
926.707850
932.666572
935.968686
938.212250
934.778386
926.782287
931.354109
944.623767
950.830309
945.480422
940.764271
933.478909
930.256189
936.819831
951.829965
966.517575
971.149568
968.448893
967.322858
973.483001
991.373271
1014.510837
1034.169625
1041.296935
1041.686909
1023.534565
954.737514
864.329400
826.950269
827.683948
841.451886
861.433213
869.520518
879.871697
910.291854
938.086481
962.343689
972.373611
961.028943
937.006367
905.203831
895.959329
912.277374
929.267206
936.116963
932.807204
928.244795
918.231250
902.395395
880.091202
862.551906
866.639709
868.672095
867.475008
876.657036
875.759418
865.098631
860.769841
862.187002
870.053068
886.555940
902.825502
919.555734
925.873552
919.145154
905.437485
890.834850
881.646652
887.068241
890.844098
884.409489
877.062290
877.034405
882.666354
899.981177
914.344449
917.460848
922.134835
937.916754
952.631693
969.418300
985.150326
995.777013
1009.052653
1032.030745
1067.181865
1092.139848
1089.587338
1062.860327
1013.364620
944.515900
933.208876
873.330438
847.764431
842.537374
844.197996
853.764261
867.691946
890.816887
911.187217
923.877048
929.086612
933.221807
926.771851
917.304612
907.037072
900.552533
899.613002
901.345343
903.327528
900.721454
908.209641
918.641180
919.516165
912.573271
911.634054
902.516314
882.849322
876.877615
903.831237
934.896527
948.086386
944.364060
949.166962
957.280732
947.277451
929.598619
937.179845
954.667519
966.935673
986.332852
988.560568
966.607798
939.737030
919.134503
924.636809
943.409633
966.976172
978.853491
973.026742
962.294611
948.028937
949.766386
968.644104
979.703525
971.373093
955.012370
936.477046
936.282337
943.334266
952.914389
967.423182
978.711684
989.208648
1012.621986
1026.269445
985.832854
977.209831
902.310954
842.216710
834.154907
841.134775
827.253042
812.345074
803.214824
792.223114
804.535003
842.732174
888.399338
915.662929
908.103871
874.900979
855.448332
860.726938
868.729962
871.774511
891.216329
913.798248
932.465665
929.218567
917.250483
909.972868
899.178604
889.696809
873.240356
855.569864
854.262713
854.705680
867.534508
885.448378
894.800294
898.636867
889.385151
883.748563
883.764195
882.264195
885.223726
893.150924
905.988265
923.375939
943.084836
937.320697
910.452705
875.790844
847.243990
852.201804
868.800811
882.259566
885.659197
900.970867
922.180599
929.945708
921.311762
907.542861
903.749474
906.840161
908.201282
912.552165
924.535587
916.606474
893.107046
890.950327
903.208437
900.475076
906.980843
925.031002
941.730324
936.342572
915.992011
908.007696
913.391063
909.321714
913.028929
925.104105
935.218507
943.043802
949.628656
946.293453
945.902586
946.678024
934.757461
938.319628
964.541412
959.978406
957.228952
889.650593
830.657730
821.272796
819.744526
808.441666
788.634794
769.568525
770.090483
772.972424
770.751349
776.114084
773.652330
759.452276
747.110047
744.360302
744.336352
749.981146
763.403242
779.060931
795.237168
801.319153
794.349742
775.507205
760.392621
762.188280
774.809416
789.419732
790.004530
778.997575
765.238305
750.083587
745.445247
745.735327
747.143617
755.635573
769.282723
778.157644
777.047597
773.886863
767.058046
766.002136
766.735494
784.114902
799.437163
807.910571
805.588464
802.951470
811.293797
824.786233
838.899218
843.064028
844.700136
836.008698
814.138738
805.162525
811.570604
813.872194
811.435259
806.091216
802.695867
800.439622
806.856860
819.812436
812.512071
805.996869
793.382309
779.054552
783.368534
792.015907
812.862289
837.260020
844.142962
854.458043
898.014623
943.072690
945.260916
931.303204
932.442569
942.578347
956.639059
962.658340
953.860072
944.119442
916.594699
914.015491
803.769590
666.407852
641.550560
669.202954
694.677251
708.460971
724.383479
743.344216
751.065177
742.684487
747.293888
764.114994
767.532114
753.853147
749.881014
760.244570
764.689311
756.898538
743.978846
730.560740
724.568235
737.140523
749.817606
752.463556
742.861853
740.190587
745.628933
748.974559
744.149635
738.310769
737.751568
731.005767
711.586494
715.844190
739.929986
753.686790
770.785059
782.242280
785.816016
792.590473
795.417574
785.881943
784.710009
793.753329
788.943641
808.026617
828.085287
826.285482
828.942781
825.436195
818.442364
816.849051
816.207443
833.272633
838.119286
836.746377
834.029418
821.639329
817.586110
821.785066
824.188880
821.482041
821.416393
834.699840
854.060269
875.778414
882.754881
875.485020
856.070507
850.353360
853.761631
868.344203
876.954281
894.998914
910.683651
892.103745
884.627623
886.599040
881.843580
882.365941
901.946478
911.080395
890.587752
869.100931
847.916046
860.747681
895.987181
908.664643
892.759504
889.115961
886.069507
881.642142
899.058670
899.838280
900.163522
911.552334
902.649599
892.347551
886.291691
877.500298
889.040226
888.651769
889.248309
917.760512
929.948424
922.992222
922.006760
900.709280
878.954737
883.679134
907.836665
929.912521
940.811798
949.677486
973.777303
979.525395
902.451822
899.132497
773.682651
743.206278
752.486865
765.166783
743.640661
708.761309
690.941399
698.914630
715.572139
754.514627
771.877071
751.242885
726.558754
723.470328
728.616854
723.835923
720.944529
723.698688
732.132651
738.112429
751.768457
772.841169
777.912081
775.472138
776.291385
767.410773
739.017447
717.858099
725.607586
745.545412
764.408790
763.629831
750.768118
743.496884
746.369286
765.805397
789.738861
809.308489
812.022063
796.919038
796.893326
813.101263
818.415276
817.036516
818.551639
852.630890
877.223312
884.299778
879.261317
877.887221
881.486263
879.647140
881.102813
879.690038
885.667262
897.543166
910.883275
926.013142
921.310920
896.974075
884.867813
867.316253
859.419695
867.798131
881.028616
892.597188
893.673802
894.209630
905.311249
907.608365
913.342207
906.579534
886.751082
873.210414
864.202286
862.960424
877.992321
896.056814
916.140186
920.605930
915.861742
908.624654
905.469988
903.002855
903.004088
905.869938
913.356189
930.974249
932.378338
921.372048
907.644193
887.041461
888.295093
877.779747
867.231360
868.648977
878.024481
877.615626
879.563714
878.725867
883.732489
883.390236
861.064691
863.247017
890.419931
892.444489
897.106080
902.036753
898.678275
885.891437
868.340953
872.233286
885.912059
882.636486
877.137023
872.708813
863.291131
861.493259
866.760335
867.772679
860.233787
853.278321
847.593246
845.654517
847.854617
856.282806
865.235677
873.978582
880.790955
884.377065
887.758639
895.706719
912.122138
917.939343
922.245831
929.620343
934.419187
948.516543
964.171214
961.723042
936.525240
879.631264
877.294765
806.368563
762.701061
762.546556
779.234412
779.897496
788.216036
790.849598
777.440493
775.618985
773.333463
760.298591
747.514253
748.060292
756.935179
757.673435
746.445110
737.776822
740.130445
748.290417
750.583522
744.854235
735.946962
735.222024
747.194976
767.437471
774.490268
777.479492
786.445183
791.610592
785.807224
777.348689
765.913408
767.624579
790.755711
811.679167
811.746320
805.187793
816.370709
822.345381
822.654220
832.610455
824.079742
815.887640
822.197025
823.083385
825.501433
831.610871
830.514950
824.970850
828.281455
830.483004
823.952142
822.827876
820.783700
819.613938
817.800817
831.030447
836.241393
847.054287
850.779144
853.928019
847.451147
823.545236
826.766050
817.998975
809.912652
826.224499
833.300584
831.179578
839.485995
835.301104
818.644970
814.508638
803.433957
793.238618
790.685182
795.767380
803.637621
802.130891
803.125423
807.255657
806.419436
797.410914
795.903533
792.442373
798.716353
804.418074
809.355724
818.917239
815.649458
802.404862
796.336199
796.922273
807.821574
806.429180
792.802507
789.929429
795.316197
800.481169
805.929582
801.782999
794.153838
798.628099
811.561787
822.918853
831.071483
823.913401
809.921283
817.700195
835.357793
831.603113
825.244219
826.882164
827.302601
829.205984
855.134145
917.749407
990.026150
1036.365829
1054.927262
1028.292440
925.495946
921.022182
822.953772
818.579909
851.119185
858.630826
840.373933
837.399242
842.042297
852.924612
844.185137
848.661813
846.551340
846.363751
870.187128
875.662596
865.222194
870.835190
871.479825
858.481969
858.229166
876.852092
891.429681
876.483667
872.238010
880.181191
889.492644
899.097960
893.671052
895.159642
897.520337
886.371698
882.373402
902.481569
921.774500
958.559493
984.665495
990.670991
967.557622
936.560641
913.556065
904.564217
919.635454
940.466915
938.988791
930.089023
936.958951
941.299108
941.604063
944.310368
944.802251
941.217756
929.360313
922.134055
933.479212
935.909598
931.802604
952.817236
978.298915
972.071490
958.726249
955.470513
950.749999
935.889406
916.532551
930.887132
946.479835
938.811630
936.428680
933.771712
928.080062
930.482298
945.778703
957.022666
953.914571
944.930243
946.442754
933.766226
927.253543
932.831735
940.496628
942.615120
944.683469
946.839518
951.529196
962.602441
971.745711
979.718501
980.516398
961.924206
959.236328
985.898620
998.988657
1006.709027
1017.744450
1022.051922
984.548384
856.186946
770.329493
769.135171
797.388254
827.771759
841.470797
837.662252
832.843451
844.209218
856.397258
851.420395
830.719440
823.951744
819.208490
812.045038
813.380235
827.855979
850.393021
863.878701
879.580007
883.958502
869.267021
854.451841
863.111200
893.851442
904.716293
917.461309
938.776409
939.308574
914.492303
899.490820
897.936374
894.128019
884.539988
878.730220
883.196474
901.095231
912.711035
906.160354
907.121383
929.016891
942.252109
929.885725
918.115340
925.760200
935.564616
933.004560
918.758287
912.287526
919.199774
932.804632
949.809522
953.736642
938.405918
947.552459
950.103395
945.346706
936.870110
935.837339
937.876484
934.640382
943.864956
949.423637
938.149819
945.416673
949.451743
963.063634
958.601520
955.347811
962.139184
945.296047
944.004725
871.819709
812.116399
812.371971
822.617739
820.822604
817.699083
816.586501
800.978049
796.797629
828.033678
847.725661
855.475144
876.514082
904.191252
902.152415
871.832185
846.787770
838.971707
839.125355
828.990680
818.275714
832.256061
852.741327
850.746469
848.375672
854.289556
868.414529
864.772039
856.034506
862.423242
859.777725
862.031857
845.522656
828.711425
823.211126
832.393635
838.121068
823.113120
806.393444
800.960157
801.258393
824.381082
837.670897
824.837761
822.289381
826.244304
813.528200
825.037033
831.989703
801.719478
811.929574
840.394317
839.863839
828.020246
817.595325
816.485477
823.428907
848.482705
868.790238
861.465407
839.827702
828.923315
859.049272
881.352588
873.810882
868.278698
880.408586
870.746456
857.351314
873.365883
894.507247
892.723004
902.415153
912.715666
900.183939
897.630041
904.222029
906.728875
926.658398
937.027685
943.888288
960.494482
969.573789
966.341986
940.192277
938.852456
865.897683
833.726802
853.175419
864.400309
869.028096
853.174049
836.707452
845.727751
866.392182
863.848954
861.000563
863.751592
875.539786
897.141099
905.292303
895.779466
877.943630
872.888027
894.789314
903.787028
893.333768
894.662834
906.115662
904.163246
885.390594
870.481506
878.054237
887.459692
882.960223
874.094512
863.237075
862.511920
861.875503
860.853561
873.451387
883.156552
881.348573
883.277993
875.827238
846.230764
836.177725
847.095056
846.917119
848.551366
861.819854
878.259092
873.008019
863.490382
871.427960
873.084666
872.507493
863.926284
841.619817
828.971899
854.428482
854.788140
848.038005
853.965814
867.499910
862.016762
862.735318
867.766514
864.093898
845.768916
848.728732
873.646465
873.131996
862.476224
855.384685
852.168718
867.708659
890.494511
901.334855
905.080669
894.286597
880.460303
885.496386
899.349422
904.893525
910.887269
914.210773
902.081876
889.488424
885.093305
894.314956
907.049885
916.654580
925.055002
928.547617
909.651038
896.523233
914.818976
922.683290
921.821341
928.214517
935.120542
944.834215
958.142372
956.042105
953.891129
937.329556
926.608727
941.950161
948.348888
947.490702
955.501910
965.687739
958.062699
961.880255
960.051467
982.564070
986.885869
961.799357
958.197711
841.992310
745.423385
760.474450
772.132895
779.537427
793.565855
823.951149
841.146222
847.108413
859.048445
876.234571
880.130752
879.153514
904.074109
948.180435
975.623195
967.060167
910.167117
776.362390
771.585992
719.631190
740.287202
744.030051
752.713626
761.437120
758.120235
765.691744
767.674133
762.973364
773.457357
777.811204
769.152366
772.277338
788.942387
797.828291
790.004955
784.599314
797.130242
800.222668
805.302224
802.730035
799.007289
790.200654
778.521939
776.947782
770.770421
764.929150
773.623653
792.942778
801.158948
809.359875
814.452546
811.261769
802.149883
800.694455
811.991366
824.064330
826.995674
826.990466
820.472697
803.785489
799.850070
805.521304
815.639653
830.478597
836.129573
827.375832
812.267758
803.198109
815.398637
832.408814
842.720112
851.903505
843.560926
834.678726
840.748269
838.637621
823.549124
813.038182
825.167753
827.441889
829.209534
831.519800
831.877199
822.717540
812.285949
817.418550
824.017358
825.800235
829.379529
829.545391
833.223073
846.212100
866.854393
879.922275
890.817138
911.699587
934.454001
945.745269
938.785585
901.246760
778.488902
776.350821
676.437128
671.530593
679.713608
694.401435
709.219309
708.741066
710.735967
714.320237
716.285903
724.098706
733.614813
745.228519
750.549465
745.910555
747.171121
749.316608
737.630133
725.739425
721.006094
717.275815
712.731149
707.071344
711.078830
707.823824
692.699003
688.028245
697.883310
703.418632
697.555429
705.279866
714.742391
712.779607
715.019099
718.596155
710.603668
696.313812
691.335254
700.063676
704.852545
706.488608
722.035189
738.694822
738.330908
733.684949
737.788211
741.094775
732.788495
718.374261
726.095174
745.200003
758.373338
753.462096
741.362810
745.447409
758.745774
769.091099
773.174144
776.223862
771.947436
772.834666
771.005829
752.281650
748.612420
770.059531
772.557706
769.796288
781.845461
780.211338
771.866603
766.010610
753.893132
726.265951
704.023183
710.878252
735.627690
761.081212
771.640373
778.444239
778.416807
768.447847
779.913585
812.794797
830.393338
824.562302
824.383838
836.854303
849.456323
844.391511
829.123174
828.910251
835.316649
836.575307
833.862023
828.175186
820.888114
826.083017
837.291526
851.123162
874.723370
884.006125
888.310763
906.336410
937.267382
961.121340
962.079819
936.875681
907.159295
892.182735
881.884285
867.393643
865.566723
873.707074
887.688653
906.141702
918.527027
937.881736
952.480129
949.088590
949.777903
963.247839
973.947053
975.669436
957.079135
944.481552
944.611249
947.745032
955.782512
970.731739
984.359884
982.087732
983.664133
996.381144
1001.596838
992.067495
979.448745
960.029088
856.889196
853.732279
647.183758
581.593808
604.950495
623.087221
634.240676
621.037984
612.447446
604.129538
610.157488
621.937481
631.735612
628.337322
624.826888
627.306079
631.581950
624.649945
619.528907
624.627904
629.922764
628.179853
619.028536
613.910567
621.622101
623.990507
639.341375
663.314971
665.263812
644.420286
638.320242
646.093066
653.796426
657.475803
663.111495
674.663911
675.989699
675.507383
678.533566
677.910810
662.450568
647.694465
655.158421
663.908222
660.164968
661.827860
674.732196
680.934043
694.646770
730.575624
776.253010
799.560374
812.698263
835.385309
840.302486
834.125728
832.568730
812.831144
797.557542
791.567925
790.165438
803.589741
821.090956
824.652747
820.786434
819.936717
834.128363
843.759512
851.717773
857.141803
872.671556
874.252920
867.570189
867.846743
866.843321
879.536534
889.572489
882.918846
864.999683
859.906686
870.810125
859.501408
845.909150
839.309446
825.900386
827.439680
821.666709
805.209139
793.159802
787.054852
799.302256
797.697195
786.352880
782.992042
794.733564
804.684627
809.378730
817.806551
837.708655
846.038667
840.391302
844.691039
859.989693
862.565076
851.476763
840.031804
828.457737
822.877145
822.397419
821.891214
824.195538
829.185498
820.169643
790.620256
785.717740
797.874057
797.956344
785.973966
765.126232
760.145271
768.814132
780.000707
788.928936
782.069442
785.019952
786.826808
792.929328
815.397092
842.283547
870.737887
882.619236
893.004248
897.226642
909.348421
916.162645
916.781724
905.820238
918.803592
931.322971
935.048882
945.123642
967.529273
976.049917
974.607706
924.226766
921.870390
730.545691
569.264368
580.586347
599.296810
604.425364
610.685950
609.187121
600.461512
596.776655
581.325017
577.171289
605.197202
647.826994
670.301478
669.083265
654.635824
635.237075
643.851509
670.014239
676.239847
676.912283
682.909635
681.174907
665.228243
666.034234
677.134355
669.500157
670.507295
691.877734
703.761602
690.006437
678.966391
686.979021
691.234517
694.373330
709.884474
722.485465
738.905206
750.258088
743.387570
734.106754
739.337099
753.395786
749.292535
739.721238
742.516327
764.804989
765.326269
740.327550
723.918313
729.696301
740.648621
750.635267
746.969700
747.608296
747.792036
759.764011
780.511142
791.506035
796.267412
807.574773
819.652326
826.379724
838.598048
855.285790
839.682632
840.803881
850.340044
849.525967
865.464086
878.665855
854.463182
850.151676
857.645437
842.391905
817.375021
801.575816
812.770609
818.072040
802.602981
803.618119
786.554149
771.147580
773.496700
777.066442
770.349361
759.161352
760.635261
756.403920
736.152518
728.694217
731.008407
725.024936
726.893412
745.599694
761.597307
781.551115
794.069176
793.386598
793.149786
799.249832
807.561729
801.753771
801.710758
813.907819
818.114278
841.816601
874.416018
886.944586
880.859498
878.326580
891.146182
884.061220
869.110232
873.289412
863.975149
854.617365
864.973229
873.316739
869.246901
902.087195
935.943141
927.651535
894.214239
883.568757
906.322599
938.446253
948.732785
956.562471
934.364420
929.030270
933.576912
938.934281
939.251998
920.917050
933.172417
961.372803
959.476054
958.697027
969.855285
993.660740
978.977674
875.331275
870.586477
701.787957
606.503828
592.460880
594.615255
600.253223
599.179899
591.513687
577.025180
564.024248
571.286259
586.710247
582.672470
578.125817
590.356163
597.107379
594.361545
583.781972
579.026412
574.368006
566.735399
565.141682
565.256783
569.141209
575.978705
580.562940
577.811963
578.520965
585.567145
579.380054
577.782739
580.818602
578.522415
569.524102
562.983506
562.537114
562.983541
562.163485
568.311747
576.695007
588.196737
600.195610
608.675442
615.476840
617.557592
624.605001
649.463767
678.463596
692.355461
698.949425
715.755722
735.215874
762.492605
789.277026
811.381776
831.829465
835.605240
836.879445
826.968970
803.839809
771.425669
738.740007
721.926034
730.984354
739.144892
737.414543
733.637277
737.623733
755.575671
782.689256
801.247058
809.281642
827.815119
852.010807
865.717167
868.481320
872.441968
877.767419
869.963853
845.942648
835.417224
843.058809
857.332618
864.005999
864.573403
869.739606
871.648177
863.447401
836.017036
817.113724
814.352042
825.992739
839.315251
850.751902
864.462173
868.735559
853.966853
829.126911
814.250857
816.473882
818.911589
822.862170
822.277571
821.578783
836.589390
843.489767
833.400621
819.900813
805.722131
799.491332
797.944488
804.574481
822.111786
838.538257
836.869841
824.796637
810.111978
811.031244
822.471393
819.634003
818.189053
822.725692
826.494436
821.238179
813.716614
805.204758
801.612865
807.085647
827.833035
855.027538
868.274067
867.285141
866.148045
866.373289
868.654906
869.347802
871.185082
878.645185
891.295210
898.756773
903.932619
915.417953
930.614301
943.910907
966.620237
973.648490
975.588701
983.255756
967.520796
889.157349
882.965071
735.298394
615.287730
603.899030
613.543146
610.040179
605.382415
607.077510
613.487382
629.949560
646.369229
649.906881
655.867223
685.461468
720.888293
740.478703
755.574455
770.944404
765.293722
749.415035
745.212674
740.186905
734.503011
726.348070
721.338139
731.875508
752.481156
775.431340
802.065999
823.682674
829.201738
839.427586
852.420607
862.077251
873.369048
880.520321
871.365328
861.827286
848.086684
841.742145
853.301208
875.604118
888.295435
894.170468
903.360827
922.325353
931.125922
941.923861
956.779534
944.048607
917.059258
921.353958
948.149921
985.356357
1006.001521
1011.907274
1012.565570
1007.449826
1017.439156
1000.616307
977.282067
976.969513
988.403059
996.932501
1002.776287
1008.045754
1004.672792
1006.734735
1008.755136
1014.193944
1016.354069
1001.315412
991.779108
993.109285
1000.814919
1001.509932
978.363362
953.897732
958.339211
980.445236
982.929485
973.894657
955.039884
943.060581
940.821114
944.359920
959.153012
982.613532
989.606157
983.196516
971.064082
961.092223
957.047082
953.961429
949.002688
955.503696
966.256305
977.718190
986.100082
998.844390
989.940214
961.773403
950.369747
961.732689
972.120710
971.036710
977.932646
988.310110
996.444749
994.257856
1002.969532
1024.982456
1025.978335
972.200517
886.465494
880.965272
801.322765
779.265868
797.646085
813.326731
818.245437
805.154452
794.990662
779.767582
769.179820
766.859172
769.751915
779.296382
784.067564
778.332906
763.962382
749.736179
744.339308
766.872662
789.256147
795.873876
793.631486
785.514722
787.867605
784.949888
772.071607
762.221117
765.169744
781.248668
795.808195
803.716593
803.215030
808.993954
821.775806
825.075366
818.209140
813.456499
816.897159
828.673322
837.821741
839.470547
840.523744
842.530556
836.936066
822.442991
809.149888
793.729777
783.795008
787.278788
800.289893
812.124908
817.127373
818.700733
811.082095
808.112690
813.553623
813.975232
816.506263
817.512235
815.948780
804.227366
794.235169
785.783842
792.819623
801.443791
795.621458
782.243899
768.401567
763.012477
756.821383
758.366462
764.454783
758.962383
748.217138
748.630517
753.335603
751.658453
746.369206
737.800682
740.617576
749.197927
762.888848
782.252126
791.811776
794.609461
798.482545
806.945433
809.146526
809.448304
810.087351
812.754483
819.188455
818.364023
813.408092
805.754268
799.954121
794.052473
793.507359
801.536609
816.599114
835.940784
861.440277
890.848471
915.843539
936.258205
952.510569
957.175954
967.352635
984.694797
983.055392
917.541725
911.586522
809.211025
733.922205
735.470163
745.813489
754.471691
768.350078
779.361975
787.058175
788.130040
791.142194
796.580791
808.754801
818.646760
832.657969
841.961324
848.485467
856.991469
859.202915
832.645762
810.864710
802.428664
795.368120
773.827902
746.632627
728.414800
725.620133
727.246390
725.511686
738.607101
766.027881
785.459188
783.792839
786.943847
805.243694
822.749742
817.088060
809.809172
824.633080
857.594168
874.252414
886.562265
904.428282
915.422071
922.501949
927.417924
939.382873
937.370459
905.773572
888.587346
898.702590
915.743104
914.723871
892.576888
864.203670
844.641436
829.832000
820.582650
816.128308
814.163678
803.286524
793.732874
787.315517
784.461937
778.438832
770.655743
773.886481
784.446812
779.211296
772.677221
768.724189
759.794960
757.552772
759.287355
754.808072
746.644183
743.363381
743.626007
737.723493
727.887629
729.678976
738.749719
744.632603
735.915540
728.231112
732.274904
736.277850
732.743457
737.134173
746.617057
759.418788
791.611502
846.336990
908.005206
963.320997
989.996328
957.693263
858.717712
851.921610
755.130748
730.613781
758.599237
769.851732
756.470857
743.152767
753.606672
760.288457
762.813647
766.389844
769.701928
773.449428
794.524783
821.634362
829.900854
840.116666
844.370028
841.800869
848.082220
867.666881
857.121998
829.550281
819.084164
812.576496
808.458599
811.716332
805.388192
787.977395
765.558068
759.101531
776.604106
782.811677
756.791061
741.998226
761.916438
774.032637
777.303374
789.084733
811.078795
812.374524
790.807742
780.253371
796.213181
792.359329
791.081257
805.991828
819.920737
816.145978
801.199753
798.406681
797.342760
789.159582
784.569079
787.233571
795.843338
794.398428
788.515790
791.651865
802.666099
823.469867
837.209298
856.703865
881.154983
895.053947
879.272929
877.594275
880.879984
877.455767
887.679446
897.360671
901.668745
905.146570
908.795772
914.064943
920.966545
912.015667
902.470627
922.914804
953.980735
976.754531
987.074280
995.201357
1010.988522
1022.941845
1049.746764
1060.840954
987.147198
981.593394
843.550065
783.768290
779.305668
769.485381
772.241246
743.831767
736.147664
751.080527
736.184361
720.204363
724.853228
724.763424
721.475100
725.694634
734.303251
751.574498
762.415597
745.703889
720.050220
727.649621
746.687604
742.172588
717.521209
709.853454
731.767803
747.920801
751.492295
761.042787
778.393249
779.628059
758.708266
746.166799
747.357371
738.368430
748.548425
769.436622
787.610828
800.216084
806.152965
808.113371
810.572835
802.881872
781.240294
768.931911
783.268369
810.016579
825.375155
833.542808
825.786784
826.983184
825.368309
815.144409
801.164158
803.573449
827.935389
855.216228
872.784994
855.419506
809.408989
778.603689
781.070848
783.375450
801.329759
823.133812
837.445623
842.644961
839.338853
834.499531
839.308206
848.530372
852.505990
863.109002
883.507910
898.844673
892.574953
889.800888
900.439302
910.809881
926.056540
964.574127
978.292360
964.254671
953.760015
969.651996
1001.596943
1033.754872
1073.396598
1082.135568
1001.257128
995.142378
798.975183
726.387556
764.141065
792.086574
809.443956
813.097372
798.980459
782.094358
778.907576
775.135711
761.311998
759.105510
793.308385
831.512466
861.388240
886.909204
895.306430
897.219713
892.066033
869.355287
851.498470
866.601551
903.545658
944.284355
945.627524
920.623915
906.659692
912.592975
914.645261
890.076293
869.895377
888.545723
908.270468
923.856433
929.280248
914.584202
922.274482
926.408114
899.756554
888.909982
906.535098
931.611011
927.461435
902.332843
879.939127
891.326926
900.977663
894.212376
908.018774
923.020973
927.464436
937.240568
949.421709
960.679091
950.628939
933.500133
942.455712
945.759103
929.420760
937.671798
947.902931
940.178593
953.713995
971.783931
997.683809
1002.100472
991.292575
972.739089
955.351078
936.839850
925.806477
944.530144
959.163590
963.307230
964.008557
956.997725
960.718220
981.019703
989.100690
977.252189
971.028610
970.275333
962.098296
969.375394
986.226215
980.486041
962.509688
973.001269
987.381623
997.435255
1014.734083
1037.830240
1062.604195
1079.572212
1083.185742
1007.162220
1001.454340
847.875757
817.709056
846.248557
851.916394
841.789786
845.381258
853.026445
831.741754
837.834304
859.319821
875.223042
903.670364
941.983078
967.701955
967.331927
948.900347
909.201842
858.399160
856.156225
894.848294
884.303292
862.123332
865.614496
883.606185
883.742197
868.369299
882.076430
892.451502
889.949981
879.325966
889.148072
886.406513
888.194308
893.252879
883.216682
859.443050
832.372174
817.071319
817.523398
831.453420
851.816659
879.291208
881.558870
848.936592
810.301248
795.838294
800.319958
850.828348
870.781563
874.429094
855.533588
829.325198
831.608696
842.023948
839.364701
818.627807
809.527415
844.558622
856.942949
843.120541
819.438307
831.909010
852.826157
865.673472
856.571092
845.799500
849.588922
859.007689
870.611554
869.409276
871.089454
883.157511
884.820591
882.674227
899.671481
930.757820
968.813929
947.623286
858.161775
852.124395
694.165616
668.803341
693.425277
689.874145
691.099976
701.462563
707.109510
715.916171
715.975000
705.402263
717.264223
734.236455
739.574365
739.215216
759.016528
792.723510
808.432173
821.580617
824.274071
806.432453
806.827249
788.302518
741.502189
742.147378
770.521126
789.429545
807.115492
800.820339
780.383923
764.755367
792.984889
793.054473
791.877560
800.785779
831.978856
855.433603
852.782991
831.480924
824.865790
820.597963
835.784598
870.513386
872.568347
838.400264
814.984385
817.840136
825.268847
819.391362
820.235680
845.605760
860.800630
859.176913
867.821440
869.435167
876.900538
871.212841
841.993361
842.674114
879.430037
896.588911
885.599911
892.623034
895.093892
903.827903
883.303048
839.110147
827.670666
864.051197
881.165418
882.016963
869.303522
863.521112
871.073272
876.934418
856.828667
816.753417
815.543339
850.469990
864.140586
856.298596
841.657462
862.295577
897.457883
918.692345
918.708325
959.684647
958.693304
861.954776
856.582420
708.514464
692.449550
698.404236
699.766702
718.405998
741.007609
753.431322
738.898103
738.385045
719.792563
708.918735
714.613791
685.158246
670.946431
709.861455
750.394794
769.390134
771.865814
769.173682
747.367573
747.972144
773.753668
794.070736
796.168512
784.764844
769.486513
761.030807
761.895961
781.627997
776.589456
758.037582
772.054639
803.303591
808.043112
794.748085
781.438559
774.588905
775.786857
788.491625
802.365118
801.028084
794.172823
798.433736
828.994029
849.033854
850.550094
841.746675
835.887310
830.232723
823.007330
801.928226
799.110982
793.397206
789.891585
794.268458
799.252646
800.209033
791.945986
779.242950
803.177576
834.546979
843.528124
830.364618
827.375268
830.806149
815.619603
813.271558
820.430622
809.839579
806.270803
821.278331
822.934456
818.452757
802.296553
796.362628
824.002010
869.779079
850.067018
804.641151
798.286125
800.680658
803.483251
825.649888
856.311364
879.751624
861.938751
819.167298
795.789800
800.754175
826.647290
845.256679
848.690867
853.698368
870.797115
871.595433
865.316568
869.050944
894.425411
929.595558
949.167845
965.128011
993.463292
980.774733
847.715914
840.778143
664.775038
648.457545
687.012806
673.134550
688.653176
741.587683
757.937694
731.244932
714.572734
725.341942
719.439489
703.845312
721.029706
752.365974
746.463556
742.783926
770.199875
770.842810
760.655730
773.528597
782.208930
773.951764
750.068637
729.296380
748.000117
766.971908
749.965092
729.601651
746.182589
760.149697
766.610529
770.453732
765.340964
742.375418
753.465883
762.581629
781.421370
786.357902
781.877754
785.583249
800.538870
783.279216
773.601797
810.679819
848.450974
856.062161
859.408791
855.422199
818.935046
787.075083
784.408776
781.182450
775.635697
816.480744
856.491955
867.796617
868.830687
865.053873
841.646733
827.177924
801.902409
816.142734
850.201638
869.933833
859.368196
864.587933
863.379619
853.702310
848.684350
856.160922
849.815725
850.852988
859.644834
842.461338
828.035964
850.233418
865.035880
845.716446
838.220826
856.590941
887.112253
902.790964
898.957890
913.768783
957.782973
980.510456
987.437338
947.644221
944.541986
824.937263
734.878471
740.320631
726.584449
726.263967
743.697771
738.706428
740.116515
743.582714
765.662902
795.412995
803.154924
800.139184
791.693528
783.546667
784.409326
787.865871
796.572265
824.115293
813.721210
785.477970
780.649136
771.889103
767.154070
774.430041
791.575962
814.156152
806.088454
802.256204
798.320552
809.402408
808.905065
785.458378
763.566603
771.103600
772.525486
780.600945
767.022144
790.460582
827.795169
811.179857
793.915505
818.441751
820.486178
802.352080
797.721814
815.162281
828.212249
835.709264
838.330843
850.464154
869.168743
872.062234
864.559509
863.584996
862.444783
852.163548
821.473627
814.251364
813.928419
812.266390
835.518428
843.866747
833.994314
845.681573
845.059234
828.877359
801.907905
787.781476
804.755841
823.421770
866.218245
885.715722
861.998170
847.664114
834.570322
820.959174
829.573840
847.772753
850.624656
861.109949
874.536335
867.142135
853.249387
878.190689
903.641493
901.576579
895.745799
887.730910
893.098738
899.185194
879.886232
869.857638
884.627078
904.309476
897.131355
879.883338
880.784401
903.314253
939.031075
948.023847
925.575557
890.479892
876.814495
878.709620
883.214975
918.326994
966.503982
976.543637
954.682429
952.373503
836.087773
708.193784
696.524368
704.256096
730.430010
722.926284
744.182288
817.449924
790.629388
758.004326
747.597669
744.429716
741.113438
741.128687
751.250508
748.379735
751.767439
767.421460
770.099742
756.293139
752.046738
743.364183
757.499488
788.931825
802.605669
802.862440
811.451737
801.795741
784.718135
782.156825
773.174642
774.157035
751.151298
735.740914
753.378027
778.001459
806.180306
831.495013
832.217560
804.305528
783.446899
757.551543
765.471326
775.231248
780.264605
789.804230
809.183588
811.392547
829.733623
843.243879
823.474407
792.829889
786.459435
823.651526
854.120850
841.192903
819.255679
834.277896
854.383884
867.622502
858.589980
832.944846
838.587899
863.017363
850.860298
813.811504
800.896406
808.843840
808.866663
807.034534
812.441712
825.871864
837.937428
843.985150
835.290025
826.888018
813.928488
807.419627
825.138381
816.890313
813.068245
812.592931
820.139868
836.867637
839.594701
822.899013
814.927760
834.260416
844.838144
855.537688
848.801387
824.295669
814.653677
840.613626
848.657755
843.293863
836.993695
835.217613
846.785345
852.401034
857.350942
871.616695
876.105192
870.954333
862.052579
853.935675
840.675898
845.742094
869.338388
900.619327
933.141251
957.472157
973.924081
972.673702
953.258263
901.739142
899.263443
828.719403
780.287780
759.399426
755.311297
753.718995
756.444385
758.236950
729.042611
724.005957
753.897106
775.166363
738.375400
712.149925
727.490224
742.172030
770.631351
809.900734
824.884990
831.750637
853.208019
875.040196
882.652637
853.876730
837.098960
838.613843
853.527020
862.154255
852.365392
824.639276
821.644426
837.488210
837.516226
839.028976
835.413880
820.753646
824.374981
836.175536
856.406600
881.896840
876.328868
869.713526
884.762256
889.440668
886.927394
871.367690
849.401747
828.858058
838.091725
864.399347
879.801401
884.369940
884.722088
855.980877
839.037001
834.101257
844.075163
852.853457
848.782975
873.436318
909.923513
910.883644
891.001921
885.721108
896.523211
904.692121
920.463861
929.238549
906.558112
887.945750
885.070997
880.923128
886.573235
914.605456
937.640910
931.536824
904.743188
893.124025
899.089641
898.841088
907.774155
933.205341
963.516513
988.326222
990.352240
951.375753
792.356235
785.678345
652.316620
635.816739
667.557879
719.890696
734.227703
731.369184
738.310265
745.081882
735.515553
767.528370
793.101807
798.295791
803.360637
804.847642
795.463810
790.575567
788.041375
795.413274
832.367592
866.167084
875.288682
875.998133
843.141424
810.060231
800.561598
792.655734
763.406563
758.673957
805.298036
830.141798
838.237961
838.878930
831.770085
789.470236
772.889011
812.603432
843.013001
845.906321
821.405138
796.967228
822.556623
848.797870
854.788289
854.899074
862.767453
868.206294
871.883923
871.491839
849.875364
846.063644
833.532350
806.590834
819.686364
825.073343
807.234801
817.184254
836.482424
855.606729
858.583147
859.721353
843.105066
840.727460
864.864666
878.462520
875.825407
865.468484
833.834623
843.735970
848.031937
835.525261
844.332456
861.619177
869.498492
887.066670
891.670594
906.746566
941.571323
961.211461
955.450058
913.993263
878.060503
857.420413
852.942698
870.866482
880.520287
879.629084
874.384657
871.977199
884.520977
883.215504
867.511022
865.146035
876.842594
891.162458
909.525805
940.536896
951.538079
943.860119
941.184072
829.843739
694.394809
709.080621
761.827668
774.563975
760.452358
759.846607
750.803460
728.487792
736.952618
773.799796
778.865900
769.126160
774.745314
782.758160
794.161743
797.637714
797.491127
800.142669
794.694051
796.418775
805.806178
811.402582
825.890099
815.145622
811.766284
825.920874
824.947128
821.700876
834.801652
859.294200
854.546379
837.142082
822.706389
827.442813
840.566627
853.845244
875.104046
866.673874
836.930510
852.922198
872.015214
892.946522
928.601926
919.328234
876.193906
725.766776
718.361473
633.527621
637.787489
643.551471
645.107462
638.687117
648.070661
673.964167
713.548875
728.320823
744.574240
759.222636
768.721829
787.883019
797.576972
797.894841
796.682750
785.734682
784.842441
798.165259
797.591043
812.165430
807.649927
803.719734
796.396539
784.813986
783.934184
799.404126
812.365867
807.434246
789.623435
794.750119
826.259337
865.256977
894.293873
895.011590
918.201271
952.488646
921.122115
917.802138
826.771684
658.441383
598.818081
608.409698
651.381896
665.977114
637.195595
632.848212
644.049651
654.026742
676.453102
695.847688
685.779186
690.637443
697.282335
691.729888
694.068463
694.569444
693.885871
719.803643
742.531856
756.848825
760.979479
748.534559
748.361693
742.144893
761.081100
808.076708
856.018836
864.741412
866.077910
881.979174
896.178515
902.529288
884.289830
881.695193
799.146775
659.308862
644.576157
659.475313
650.020863
663.481663
686.249854
712.218350
731.568369
730.062642
702.139220
668.362238
674.496093
727.416545
759.091179
768.733625
764.592844
759.360101
770.645608
795.638388
794.565893
805.029057
816.542792
814.290292
831.762007
888.894284
968.439437
993.226901
964.693581
910.541200
905.271277
790.256934
672.599284
651.069175
673.163062
671.205314
675.778182
680.753425
700.022873
746.629755
800.648278
799.944483
772.887562
743.415908
720.938915
725.479896
758.118912
759.729218
765.824478
758.790472
758.254518
762.539839
772.533409
785.505298
775.219892
788.929977
804.242947
812.148967
839.048620
862.558068
866.342304
870.950021
877.455970
882.942445
920.427358
962.560235
955.606913
927.890966
926.333974
895.831933
825.960670
723.619047
686.630394
682.769487
670.392314
673.205004
676.798099
681.328822
679.235777
671.518014
669.812788
690.366935
742.127465
781.033984
777.987068
760.864192
755.010104
752.470566
756.573507
773.880915
778.420376
756.309007
734.886137
743.624352
755.299575
772.278039
794.322127
792.310636
773.657674
788.572496
783.415383
777.272263
796.937403
778.498885
779.763761
783.697578
784.307849
780.247936
793.476481
808.176474
824.147661
842.582169
843.976424
846.301263
854.675342
871.620742
913.841568
953.430862
958.485623
931.048627
844.898471
836.997438
694.557443
671.066884
683.942820
691.701852
714.746563
712.881599
710.263724
715.734674
710.360651
697.586114
699.306618
712.201986
730.724649
734.891531
724.282058
722.623877
722.204254
733.179706
725.040790
694.825753
685.060277
687.099376
692.522461
729.064931
748.143180
741.279746
730.031375
731.820511
746.231156
756.748725
752.671761
744.045156
725.549849
723.361599
750.596733
771.136939
770.041523
774.415597
798.567371
792.543530
775.955703
780.922234
799.928747
789.606842
784.852497
799.720080
830.737122
858.148079
859.755428
850.994886
835.640777
849.436574
884.270736
906.717438
906.663853
912.186813
933.976453
959.926204
978.297683
938.086931
779.932143
771.015675
626.959600
629.540562
659.224075
647.115464
626.039190
624.553546
624.181086
611.669850
599.900169
611.832882
634.882717
657.111485
678.690919
689.329394
681.007219
677.390769
677.739801
665.828348
665.107776
678.772862
689.617173
698.189964
709.297862
711.929732
718.930280
747.725106
758.533633
743.299091
739.289078
751.111450
747.856199
750.306070
762.524364
777.879842
784.947883
758.158823
727.203862
728.083494
764.053493
799.480789
806.738555
792.825353
784.689887
793.076135
814.409009
845.116675
850.815734
838.472189
852.352731
884.621975
908.825844
934.879762
942.578943
893.098190
888.881631
728.516005
582.630746
581.845434
616.699456
630.916843
639.985701
636.552964
610.024068
599.838805
611.667782
616.005879
613.705519
612.754222
606.097584
602.859280
603.632751
605.100888
606.927391
611.065217
609.253181
603.525666
613.385941
627.915528
635.565380
637.671259
640.067990
652.227246
664.762112
680.196526
688.279173
676.240599
677.502613
695.050881
713.993703
720.286810
723.772434
723.189542
736.059071
752.900786
767.725904
774.746107
759.919220
743.247271
738.691488
739.723211
749.000333
750.519873
745.171430
749.197982
761.725941
779.347964
800.602378
804.186199
807.267726
821.743753
825.931778
802.760448
772.370239
783.849369
816.460679
825.824660
845.784424
868.834915
869.538216
854.818222
853.612428
882.850419
928.891603
909.954000
905.472273
728.869488
577.556175
594.156736
610.653160
626.889676
648.152309
659.425834
668.947071
646.061036
631.035912
652.830019
660.917962
655.398070
684.847993
732.212183
734.869999
697.898785
680.831477
668.078879
677.739144
718.264867
740.915826
736.815696
729.174308
719.348925
714.921012
727.781308
729.018487
741.919617
725.112346
719.128736
738.162858
726.048273
723.559819
736.372918
747.999821
788.651102
812.732076
803.615312
787.837674
785.489688
810.519293
833.188943
833.123081
826.255110
828.084163
832.795665
839.326653
866.621701
910.854812
954.120192
937.983436
784.703743
776.091909
634.315577
648.324879
663.858913
636.852533
642.500510
656.465359
652.570387
657.822915
650.854925
624.282189
630.392041
663.646244
676.384877
686.181534
682.752337
667.667961
661.035194
655.130763
690.168952
731.981398
739.498492
729.343235
732.785400
736.551203
725.601940
727.217262
738.761245
775.196551
813.949239
799.697310
768.650222
784.310514
821.306214
825.011569
810.100367
813.057612
828.354923
842.777762
866.088870
888.952507
891.402950
927.783093
961.431162
891.582209
885.373201
687.809860
582.014751
631.000822
664.922622
647.576051
653.170507
676.995698
681.696086
666.318072
657.561443
658.347093
690.420555
726.635834
744.144932
747.061614
721.950585
701.043854
705.112198
725.364661
745.030057
738.797352
749.457122
776.048375
758.794315
753.223152
784.278554
811.164194
811.334654
842.487694
873.091546
891.772792
926.749939
974.464022
965.551707
961.437170
780.827668
606.949747
620.688709
656.717132
653.100906
649.720977
650.599652
634.228653
641.718471
672.476520
682.070268
677.635336
680.735245
697.933999
701.331445
677.256700
633.438021
627.969829
661.944642
704.045352
749.782838
756.591697
713.260573
684.053959
686.238519
727.881190
745.294598
742.152979
735.691183
741.920811
729.654762
734.540242
735.320200
741.588283
761.089518
773.561312
766.165906
756.637230
771.589183
783.457135
796.217825
809.760694
799.401115
792.481719
827.555320
860.495081
853.280155
845.576076
866.373405
886.458364
887.811333
887.634615
899.347278
933.707280
967.166628
933.942210
929.630645
765.574241
624.265021
644.260609
679.314797
656.051278
632.141441
657.376744
666.220407
642.660581
643.422624
650.233419
650.969286
663.000408
667.601821
643.691671
640.260653
662.355507
664.269273
652.962021
648.205335
658.935322
673.919806
687.158273
700.345695
708.738746
701.253858
688.980770
692.387513
699.693847
705.707483
728.199544
729.360132
719.073540
718.081259
740.787327
763.516410
774.271683
768.754940
765.630383
781.427742
798.447771
806.275271
812.608524
821.758800
830.005198
832.986587
827.332030
828.020564
849.679292
874.657478
884.206517
895.226850
923.047990
935.608320
937.931061
943.298546
967.044876
1028.175300
1045.648291
927.460509
918.886582
709.580046
641.159077
676.949623
685.740672
674.450863
678.319899
696.609592
700.433825
681.510298
667.495570
676.023753
709.045775
733.034340
715.873572
703.399199
717.349401
725.344098
740.283820
780.248731
815.766639
827.379101
782.955480
763.576207
793.087188
811.439716
805.709646
802.050006
804.821304
822.515292
837.913969
829.824846
818.778248
840.779280
877.786257
894.611156
889.822113
884.869298
896.612431
919.242237
922.367462
905.098911
914.880022
951.840720
986.013360
1007.973303
1037.929178
1056.822872
983.363550
973.135275
767.808770
687.160146
703.535402
706.224020
693.001135
706.627419
763.289952
800.623400
833.033726
886.915614
958.456956
1027.418582
1082.000242
1102.284134
975.433018
963.428584
732.372990
655.820483
671.059561
659.193423
654.039153
669.504568
705.607256
753.750459
760.333278
754.238436
764.229971
769.386686
752.889372
737.225724
741.587363
756.985769
763.061513
750.470562
745.679848
771.321597
797.836426
815.690228
810.428892
795.365047
805.353937
819.257436
827.277973
829.273603
814.055399
820.766779
838.527581
833.448879
821.306947
845.165613
875.139672
877.485537
870.921247
880.510508
921.966008
965.619664
953.182394
933.195909
972.946408
996.107125
991.182171
1020.829529
1055.351441
1055.638882
925.647887
918.662297
726.584088
685.313169
711.113106
726.243571
732.575102
720.306151
714.703052
721.770976
711.694056
703.967394
715.142716
742.995607
770.623391
784.594843
811.695912
827.154658
782.490518
744.290049
756.326485
802.682994
849.706693
857.963304
832.321837
811.466933
823.260455
840.726974
838.004716
846.419514
853.459297
853.515636
867.784586
893.775824
900.402123
898.341829
903.717010
907.712775
938.061852
962.915483
994.999016
1018.301066
927.973609
923.008282
710.754065
617.925299
640.007054
642.114663
651.955219
658.996786
675.960886
682.080521
689.497024
699.486061
689.471334
691.187102
690.657266
691.955918
722.622286
735.416717
738.110993
731.847105
718.293690
713.056970
752.489941
787.475927
776.295930
750.451720
747.600717
751.490917
750.638774
772.569226
794.912094
820.294296
826.223879
792.040807
793.549623
814.517475
846.591125
864.749315
858.476773
867.038432
916.138633
968.370897
988.960204
989.387294
924.864537
918.910728
717.740157
587.844162
591.156272
608.228625
606.974725
597.941037
613.572133
650.455337
689.119695
694.063733
685.171412
706.197917
736.707303
754.700798
790.749204
817.728338
822.855425
848.373402
864.970255
872.210826
881.283936
912.130279
944.568018
951.684524
922.314435
919.473661
771.257478
613.621680
600.578186
627.195742
615.505870
588.816658
575.726268
603.291825
631.401519
665.732837
692.017496
679.766392
662.143728
662.288293
680.733126
686.749938
701.216092
710.346366
712.456221
717.414825
721.576446
729.423889
726.664330
743.073531
762.457306
737.979734
717.431813
720.271113
765.368486
795.195440
762.937542
730.352111
740.919544
781.041440
825.873277
836.450734
822.380014
815.684886
822.139903
827.973756
852.862442
889.501383
934.898506
960.502843
968.470556
970.709948
930.816661
924.348912
700.443960
570.026045
616.922466
623.228825
599.416952
596.163393
588.764904
602.072158
657.758053
695.595682
680.998553
649.507376
649.591765
691.253717
745.649337
761.406930
790.752180
855.343627
898.075305
906.263728
919.756069
938.385764
820.314338
806.644778
610.202549
582.455758
584.078529
570.526982
612.741216
668.149558
739.521724
807.578778
850.264881
880.286243
898.558497
788.491621
775.607270
609.141499
585.096191
586.992698
563.515612
554.297944
554.220527
570.217968
603.048067
661.747273
714.585533
780.552916
868.557281
933.593653
965.360764
931.339743
739.613638
729.092052
603.438812
630.339787
633.671328
606.323711
584.630759
608.955384
676.337917
724.860882
695.195549
644.424483
665.387663
713.420246
714.034577
714.089373
741.379489
750.761118
736.227327
748.902404
778.090131
765.395909
739.689067
748.187463
784.598190
831.765409
824.503937
836.237023
889.853952
906.133559
922.099770
966.173908
934.380750
926.836134
709.822503
590.195491
606.580675
597.003246
610.316030
638.871478
641.593664
628.422869
643.124012
684.455868
727.562877
717.086226
731.077382
799.140488
855.081135
888.953859
929.716670
987.159696
893.813701
867.636483
617.587757
597.934527
636.085005
692.338819
785.673404
655.142502
631.118227
527.107139
568.467393
575.018040
610.632282
651.411252
689.329242
732.404884
793.564146
861.196302
894.607239
815.095813
804.585804
626.241041
602.401956
614.917812
600.689441
616.094196
658.775228
690.683552
688.666927
678.814022
705.242685
743.887283
780.390794
793.996763
759.983623
767.400266
810.382783
823.583526
846.025380
868.005347
909.957934
974.337819
884.312125
875.126510
659.345157
617.509617
641.395232
629.879515
629.982802
636.111028
647.425894
674.031905
709.073092
731.000411
734.145540
734.050982
733.947343
753.607714
779.065085
772.975507
772.591504
796.538797
835.079631
857.118209
900.074320
945.272541
960.333308
852.570809
839.544493
640.524739
597.261505
598.125266
579.032400
592.292587
614.668751
694.064455
829.196630
933.110917
964.737470
913.050425
717.224990
703.846254
602.999830
626.262408
615.221794
612.943364
614.729569
611.767083
653.111114
691.590925
699.021517
713.852561
741.854647
768.819778
814.663381
855.673989
895.679997
934.364781
972.760267
971.430787
786.079487
771.576556
618.971599
635.294351
642.413302
634.672195
677.880162
704.630689
709.866006
752.796169
855.856652
947.045017
964.375523
844.670371
673.298484
666.007128
651.672771
668.956314
660.115006
648.390211
651.795151
679.814856
730.563891
748.650594
763.789343
800.925906
810.721318
810.693359
825.300162
843.026008
870.449080
927.405087
953.587186
856.324981
836.196401
674.168384
651.853193
728.549420
722.860347
715.192542
660.618426
602.838716
597.091312
616.208964
668.202017
710.229552
723.274226
737.320897
756.442275
783.703906
837.319218
867.115219
881.755119
849.855210
753.375524
747.338988
677.042607
604.525867
576.850529
587.245129
598.590214
605.511978
612.534897
634.322621
656.176724
708.045809
793.356654
852.910006
861.653013
784.250101
717.284778
711.124861
635.020567
614.761371
623.116875
636.220578
667.373767
710.030532
751.344865
781.438308
788.279808
729.391713
723.767242
671.184510
609.124210
584.581793
608.550988
667.285546
743.220741
774.468302
797.820973
773.391103
726.615491
662.718515
658.326048
616.766146
643.006237
648.166417
656.431835
652.640921
656.659580
672.018471
687.606349
707.432405
731.119517
744.515955
758.170674
778.015127
804.365821
822.212970
833.524349
845.161705
874.905539
897.034291
908.411375
913.540796
854.737443
849.370871
719.746914
639.211217
639.556777
632.766032
627.258533
623.396081
634.296622
659.422905
673.865100
682.430862
693.457055
711.535105
730.021153
755.691189
774.277745
780.234696
804.775171
843.088771
863.202922
860.250632
869.357814
874.797128
869.533910
736.600852
652.653869
623.458134
623.632789
631.402287
646.913077
703.888221
768.196552
803.848325
823.034979
844.606748
824.240297
706.717171
697.024995
618.916466
626.723407
601.382150
609.862472
646.364473
683.428287
714.721210
754.734065
791.883331
803.369597
820.120478
816.410504
748.159485
737.725751
615.092311
593.795102
605.160367
623.600287
692.651267
772.742953
806.178181
812.108477
778.923561
667.225399
658.070638
601.117206
616.801449
604.947047
601.447477
615.850305
633.055000
666.294287
711.543737
760.575364
807.868365
822.232380
822.186129
835.519065
774.086524
758.477653
628.356280
634.676880
671.527638
677.539346
624.506900
601.904679
606.279775
684.154476
761.160118
768.535214
736.196859
650.160068
637.958507
589.604334
615.717452
670.912861
731.496533
749.079663
737.914958
694.913109
618.836234
612.348966
589.856916
613.053194
641.255369
680.361340
735.021179
786.627081
793.885647
741.239007
683.897388
681.001123
663.940439
643.020136
643.369198
664.876905
728.163151
802.471090
821.593226
805.517789
756.091396
656.258548
615.873259
617.757650
667.433582
720.697171
727.310203
661.332056
615.777923
614.952769
602.850704
602.533232
642.755642
681.726168
730.164654
800.010375
816.060787
817.690788
753.064775
685.135292
705.279857
707.534694
702.491582
677.703757
660.878926
684.352466
709.860937
708.858794
703.930928
699.915355
719.064942
738.991509
748.954529
745.391233
755.856958
779.125525
786.968785
773.995094
781.162914
811.345747
817.299793
837.500871
874.475792
872.329867
887.301590
928.163432
942.816037
921.698965
918.848171
836.036135
756.684670
705.767514
670.409700
672.991379
690.325294
701.123222
692.673769
698.634393
714.952839
723.621171
737.679933
763.371745
809.295490
845.406416
864.077381
898.030527
921.096156
912.011916
850.838069
846.630747
774.513151
709.376432
677.572559
670.352521
659.479308
676.798722
692.940545
705.851791
731.334572
753.305564
785.642336
811.410187
827.780048
855.360290
899.379775
881.619585
823.019524
819.558664
765.248228
716.373585
708.607091
679.798579
643.146475
631.286154
654.097370
667.990725
665.119053
679.256219
685.602890
692.564672
724.265256
741.582048
752.286631
796.902832
832.446797
859.768484
882.060006
848.585506
803.735105
800.825223
742.028505
696.329306
677.658151
658.705169
656.802774
664.088532
670.560358
671.863267
681.919937
704.607220
742.627346
771.845631
790.972914
805.618089
825.211701
848.389626
865.012496
849.764576
822.342834
820.190719
788.996096
757.237333
739.707566
730.366580
753.325655
778.714230
752.803617
718.179426
716.379633
704.572122
691.780100
696.188951
696.527275
722.128691
770.143698
796.720811
769.518452
739.722742
714.200816
712.324733
690.466429
684.053019
661.464501
644.633280
646.507801
657.962074
675.581466
687.510765
708.599704
730.751421
738.379997
750.279504
768.749506
796.975291
828.141431
842.857627
837.599661
798.844889
795.721567
743.264314
710.346880
696.770313
667.058799
655.236058
659.328721
664.800126
682.332561
709.568031
728.639739
741.491220
764.424370
783.697229
807.464260
824.847198
798.694003
748.048483
745.300673
718.529364
699.067086
673.728740
666.901652
665.406859
673.930706
697.822743
728.485424
750.006322
776.310866
807.570481
818.476591
792.903822
735.819684
731.925433
682.335533
653.053802
637.947270
632.071116
635.349656
653.592780
671.511592
693.830514
711.843116
733.741217
758.272629
780.325260
792.065628
814.333480
846.058221
872.894748
857.625367
790.899445
786.583382
721.285069
687.662474
658.810897
652.120550
659.404115
670.770277
682.749095
685.643010
694.164355
706.544583
727.163034
755.194611
767.900940
775.025797
799.334894
830.406669
862.616830
883.868348
855.295909
781.114193
777.041143
722.250549
711.230404
704.708347
711.229003
725.374924
735.858408
739.479144
735.344523
734.888713
740.235789
760.587849
779.231115
787.187591
784.880313
787.812009
793.309951
805.482502
836.715761
840.135723
770.897298
765.913325
701.234439
682.899199
684.060506
689.602237
686.294590
691.018756
691.098505
702.738680
731.587316
759.500510
783.254076
807.283702
826.568684
836.319662
805.173883
795.602076
680.110888
624.607486
618.888303
634.466767
693.033216
704.703493
686.942866
628.959424
694.862748
731.106392
629.363185
610.397987
600.571930
619.679229
629.877192
638.706903
677.136805
765.471984
778.565077
769.799587
653.635563
594.505342
604.143986
601.139959
624.199584
690.879174
750.933585
688.687903
677.708231
595.140289
614.814073
643.302568
645.865437
656.834736
666.769503
701.889854
751.552711
811.592187
816.986007
706.762060
614.282207
612.254242
646.929053
679.384299
660.784286
648.381220
698.828734
755.305622
768.494479
747.973740
723.370203
737.030088
783.582263
801.867391
801.649725
813.279044
814.963880
818.357384
836.605968
840.630957
854.838296
916.540254
933.691654
832.938475
825.982796
689.029015
656.796665
687.511187
701.026796
686.815613
707.424621
749.771834
759.419779
735.498566
705.388061
705.146539
731.082183
775.158455
815.387757
816.618875
799.380891
803.121009
816.963908
826.564041
833.995852
862.999233
917.961341
951.801322
903.516547
898.777689
760.922560
641.382331
638.356156
669.383655
694.840253
702.047524
700.616325
721.033836
724.815870
703.379152
697.360376
730.256014
768.645390
767.598172
752.566617
767.489614
789.114811
788.988776
786.321374
810.347006
840.239355
861.654731
908.557797
939.034513
876.741932
871.523360
742.284151
681.625816
711.199687
707.327878
669.425802
650.364536
652.025467
673.753053
716.971270
776.223565
821.746577
818.945497
775.734938
747.614595
753.354966
776.885459
798.166558
818.850927
842.367827
850.681013
846.386806
878.434092
924.994719
897.349463
890.746910
762.232000
642.126904
614.746010
648.118126
652.303620
621.222800
653.315939
760.086090
810.702699
808.286247
717.712988
615.381190
593.593529
624.427159
631.279439
640.198073
657.368523
663.079868
709.392631
801.868426
830.896538
719.408813
708.445380
604.990399
600.520688
624.746278
627.258354
621.678073
631.577105
650.231080
678.688447
711.655248
725.413917
751.833899
825.254844
821.156932
688.690815
676.305577
580.834191
602.861301
621.369613
602.731507
619.410794
661.377861
699.931166
763.079523
841.985008
830.893647
823.235149
700.992809
642.244886
682.652087
694.619353
683.476546
706.813898
732.438964
747.416540
786.862218
849.623646
891.884975
812.828763
802.320425
649.289698
619.127936
667.872493
668.040552
667.172411
697.807442
703.190069
687.918330
709.074443
757.241638
790.046128
799.669266
806.596140
832.751954
875.180154
905.353425
851.811290
844.864335
696.588084
639.707267
666.095848
665.413218
652.140905
664.491691
709.856307
741.512888
742.408047
737.282977
748.333068
767.769017
787.493409
800.151383
817.320248
846.387316
862.286487
881.207110
914.090543
880.548555
875.760289
735.265204
643.860996
664.049451
684.317238
677.112737
664.249098
665.668871
699.367245
732.808985
767.403423
789.315968
781.553024
772.597871
792.572676
816.056920
828.456308
838.454245
842.218732
854.615440
855.261131
840.480762
860.131938
901.434990
930.822736
852.532923
846.229529
680.106575
619.783230
655.469078
669.714835
662.038784
674.295290
711.446134
705.943035
724.441642
774.853083
796.019760
786.563154
770.250599
774.137455
804.883882
815.019718
795.467480
799.360926
827.457933
841.139325
834.040551
852.637469
880.161175
894.147268
916.016003
919.371799
813.189700
806.581523
649.343378
606.729102
621.400001
635.699124
669.679721
682.299090
675.413802
683.910144
708.819224
732.691685
727.151949
718.064885
738.796049
759.862378
780.351475
789.602781
779.435158
778.180083
778.014331
783.059995
813.757297
835.181910
839.506237
865.318952
895.683018
914.377183
876.072366
870.571082
698.658488
586.132670
608.298142
653.501799
662.391495
662.677544
634.964258
650.665115
704.383289
722.850453
716.122967
718.565832
733.618220
746.132881
754.195878
775.641032
807.703426
828.714181
833.247232
829.498527
841.413301
877.954203
887.359670
884.638068
755.496804
604.965298
587.133615
619.117964
636.287099
619.367451
614.494008
631.569320
674.365255
712.550206
715.977025
716.566737
735.776461
743.295055
768.859869
815.872770
828.714574
805.094643
809.578107
829.499154
836.772943
868.327656
906.081367
918.643914
838.298539
831.561241
658.018998
564.042464
566.557233
591.147150
624.169413
632.840911
625.402416
619.095741
631.518620
675.877937
707.820723
726.943376
746.726605
765.790439
771.653470
766.390945
759.609851
783.305317
811.855026
824.377702
849.997386
896.550388
929.353724
814.532011
808.386491
665.008220
634.066937
648.632711
651.281551
643.103378
648.259192
661.079438
696.961953
717.253791
709.047322
708.879816
724.175691
769.682415
816.961088
806.352575
767.797438
743.920916
740.877735
764.478884
785.640519
783.995420
773.842205
760.983635
765.557414
783.292440
807.158675
829.317487
822.564472
800.908763
810.025875
813.451116
823.627741
858.813053
889.184309
915.618664
940.241318
883.471694
879.136391
721.516799
612.183529
600.649293
627.177473
644.178999
648.232822
649.318047
646.806935
655.084145
673.191378
683.031915
709.151917
729.242588
714.517715
688.327314
688.782039
735.510828
778.512807
790.298125
786.090388
786.729025
797.521016
808.666821
828.333453
826.226008
815.985663
836.436932
864.682715
905.745920
933.524662
864.505365
859.148006
698.180112
598.531489
580.061964
587.725107
596.928219
590.496996
593.366572
618.093620
644.627252
646.657943
641.695729
655.756960
683.605133
706.183797
730.834322
772.628687
787.268422
776.975985
771.502716
769.281263
793.042884
828.529190
841.772876
862.080864
906.211061
942.913352
900.778454
896.371249
751.194741
601.733684
548.847041
583.974539
633.290202
649.718244
640.713137
633.749830
641.477708
662.129640
681.193068
697.019800
706.665201
712.131054
720.391655
738.994953
747.662757
752.633210
770.735717
794.703020
821.749148
851.494720
894.392220
936.312690
924.589404
844.183886
839.139541
696.888737
581.027947
553.927116
547.596934
548.314707
535.450352
534.394419
566.753514
601.396723
649.758166
674.721329
653.937257
638.245438
638.376315
648.129424
686.753237
720.844785
722.196053
716.398743
739.650069
772.734374
789.159189
796.558827
808.423152
838.947151
895.001297
920.884979
870.481290
758.225641
753.972072
673.874039
629.406913
626.624181
645.780048
656.656337
666.096696
669.364066
670.451589
685.055889
698.593735
710.285156
716.756812
736.545606
771.428130
789.120510
797.743242
805.637628
816.094192
828.411543
830.779582
823.599236
822.655361
832.113449
846.575721
869.142961
899.775263
931.521422
901.717267
773.959946
767.768728
639.916427
582.984509
594.794766
617.952701
628.901751
657.355527
697.409864
739.433991
752.960291
755.507884
757.665011
748.730053
750.455011
762.122897
762.742192
785.275341
795.690873
768.750312
787.322840
809.879483
831.059403
871.232427
913.630184
904.024283
843.729245
840.318953
751.898757
677.269728
602.098777
602.296206
605.410869
631.273451
678.697572
716.685456
732.913182
729.160351
731.260426
737.079737
759.497264
771.798921
771.729968
768.449910
777.215376
789.230278
793.082038
806.918786
818.338316
822.231793
832.339608
838.695297
844.145631
897.041753
942.264348
950.230886
910.422577
792.068278
787.680711
700.040916
612.050982
576.371197
584.182137
595.225191
604.793282
652.204824
678.379755
699.848594
712.515992
706.897560
695.543865
703.671561
725.775482
728.971685
736.271614
730.506225
721.138269
747.903169
749.230550
757.928073
769.023913
790.870926
803.202383
836.805954
895.487410
918.865468
919.179229
857.669157
853.300087
741.699190
677.053124
620.448427
627.673876
637.437244
630.698235
629.529438
620.047328
647.275299
704.125871
718.270983
726.357104
727.760116
725.526638
743.244042
752.787833
774.134882
785.775898
784.087800
820.202523
862.180225
898.200653
887.350290
784.536498
780.264825
713.377533
655.126566
623.613613
625.264294
635.432953
630.766042
617.670870
645.484352
676.220926
674.859562
700.281731
736.149917
746.939769
776.195146
798.957851
803.380800
816.677223
824.247486
821.989898
827.309703
827.988641
835.734354
848.325948
869.345475
883.938937
900.882555
919.321458
893.992198
810.235254
805.491181
705.090356
650.462501
584.709971
582.181481
587.990299
590.326271
601.243621
647.516615
686.148696
701.930102
698.897924
703.264751
705.558235
743.388083
771.156558
789.043438
822.170741
837.409183
864.753436
893.864662
855.677587
750.479896
746.210813
686.142691
625.082619
628.698179
644.976890
655.499323
656.307562
666.823119
684.773935
696.931432
720.610247
735.836896
741.729321
757.463860
767.742650
780.182247
780.371416
791.868163
794.482077
780.850634
799.650170
818.469617
819.186464
862.799132
913.263794
929.473352
904.501640
796.917475
790.219896
695.782003
616.450975
562.912162
564.738114
598.124006
670.023465
769.307986
827.879019
810.684682
744.402924
696.951182
692.127523
605.297212
587.332030
599.630740
598.970648
615.649837
657.240341
693.837130
698.163301
720.839946
747.116376
757.422764
767.663709
813.424043
841.505727
830.617780
757.921942
753.205579
691.104692
607.639827
558.053770
563.952226
569.577324
584.194401
599.411069
644.268315
724.536492
810.250346
889.962990
912.442086
829.388370
742.274650
737.911161
666.830320
582.252865
555.781453
578.959666
589.209142
600.516758
611.137166
632.883818
652.304348
678.326813
685.135592
684.962212
693.073747
711.002670
733.018926
746.211594
759.943552
788.179533
789.458023
803.559292
848.726653
897.876007
924.927437
878.724898
794.298122
790.673214
719.616882
644.594180
611.394541
615.871539
602.631890
597.755113
591.794827
589.844874
614.509803
635.512837
647.586500
675.380473
695.366686
709.042215
733.761887
744.598719
741.611217
747.414044
756.404352
774.567781
823.486748
889.577633
931.218656
911.212989
835.169485
752.298201
749.388658
677.537459
618.624546
612.749665
643.918791
643.167322
637.969578
643.443186
641.381330
642.277141
656.119049
670.204083
685.238861
707.910128
728.050267
728.086243
721.233177
722.436648
720.244502
721.217051
744.031180
753.946514
765.339531
767.285952
751.533134
747.442135
752.679257
760.901479
771.824936
772.303302
784.082609
803.988614
817.037340
829.415051
827.130217
837.433554
845.401378
854.847764
871.505969
882.118711
894.671791
919.600906
944.331394
932.043683
842.978530
839.985855
746.203815
682.709801
649.641459
655.683891
668.737393
662.000121
665.024912
671.315698
671.546790
686.078248
706.351993
722.495377
747.252627
757.324434
743.431287
742.619186
740.975553
754.935956
780.926999
796.371994
801.501946
796.945097
802.724184
815.246599
824.971669
830.773764
843.099068
847.413355
847.179497
835.849165
836.304059
827.898132
835.927532
837.519194
866.847181
895.497751
933.732664
913.216472
813.960404
811.056456
724.071888
664.411879
641.623856
648.433839
678.111893
690.207490
683.254675
681.280986
668.299010
654.444663
671.641610
681.532235
708.100060
725.966192
725.449881
734.646971
738.558980
749.786873
755.857874
769.473941
768.899774
756.992583
743.760644
739.666050
747.850943
759.124158
770.545865
764.904373
750.123955
743.908602
756.621372
777.309302
789.769494
796.516629
798.970011
801.358798
803.208501
793.264771
794.373067
804.017100
820.323812
823.129840
837.649897
859.609923
871.719676
875.492398
880.109896
895.597972
912.858862
945.418706
922.088472
920.463344
820.801275
721.035845
652.448132
638.257698
640.436502
642.570711
642.951388
625.250964
633.887979
638.983282
650.881647
661.845084
670.830808
685.138476
700.724486
710.937365
722.350882
719.916650
725.467084
729.787257
734.240950
729.316653
715.760031
719.335431
728.926660
735.945687
734.678467
743.179884
760.179579
779.438762
794.091270
801.967932
802.135022
806.053253
815.552713
819.242342
821.274978
821.648144
823.026646
820.450817
817.825678
818.485001
810.655148
825.178252
835.308095
842.607346
852.629323
869.344756
889.500984
927.410060
923.007251
852.797894
850.842613
780.230848
714.253281
683.556126
684.306218
689.218453
691.869099
697.046491
693.276637
685.849466
687.548330
701.445920
719.889883
729.428004
723.079112
711.621081
704.015921
713.913515
730.887615
733.386117
716.914004
705.731339
719.375924
742.511154
755.818935
760.404385
746.177063
734.829603
740.698497
753.502723
773.920612
791.201614
793.310943
791.250345
804.951990
811.882425
805.994433
801.588668
813.515291
829.435675
838.365134
846.169190
847.073875
856.084252
883.242768
897.741658
828.062957
825.679581
730.125276
675.620476
657.964786
661.622392
661.013260
657.448157
660.288861
670.795530
686.832329
690.458803
674.177582
673.009668
698.942177
714.988536
694.835000
666.916491
653.696306
668.083251
693.880399
718.630218
726.262040
714.511348
703.237637
694.549597
686.823547
682.525234
695.181603
708.355636
711.345255
713.313933
704.205160
695.069480
701.950148
721.901409
732.195179
740.794447
742.048305
737.671539
742.929995
752.405021
771.307822
776.092139
782.927970
797.194449
808.598308
823.429876
832.199851
838.698843
866.976173
884.119845
820.468131
818.485996
729.357812
667.482955
658.801887
672.576556
686.664085
685.852911
678.732174
679.161308
673.416052
660.688407
659.885763
656.389539
656.871903
662.538118
674.711570
687.116875
704.863075
714.417607
727.641607
729.204461
718.711806
705.190982
698.035759
694.211483
697.675111
695.208012
693.946842
698.659967
699.424588
693.538553
689.409473
697.454703
706.360253
714.427258
724.833852
730.842804
744.515864
764.502970
779.035515
779.636569
771.546750
773.179884
782.857488
792.115224
797.322509
796.484387
796.751578
811.627694
812.252604
817.379012
827.336649
839.798713
853.737382
862.271165
882.572434
891.301970
846.191984
844.013008
753.304795
667.801951
628.794678
635.866908
645.462425
648.585778
647.312414
639.936641
648.038952
647.178096
643.868849
647.097349
649.900259
650.084905
647.650317
647.719081
648.618749
655.737338
672.809999
691.652089
692.918644
684.813026
679.690182
687.255682
697.526841
701.574397
722.012816
739.854060
751.864994
753.349551
756.754639
773.199865
798.748133
819.740550
766.552844
764.057558
679.992472
632.921572
631.802920
640.524182
626.996316
617.206235
609.764696
614.714024
635.011218
649.351417
654.052227
661.910055
674.095586
678.450339
669.161625
664.122342
665.089435
669.615672
675.896945
682.079413
691.351376
705.995272
720.091200
731.247564
740.067882
747.300270
744.870520
738.876828
750.219460
756.275081
754.427658
759.980206
759.216340
765.521462
773.956061
786.059760
802.508563
826.075397
850.395754
866.212715
814.409514
811.725640
713.556442
661.397026
651.800451
649.174528
640.150668
639.620572
640.188734
638.591145
639.007387
648.043292
664.226826
669.368035
670.358463
677.906011
687.113885
678.768999
667.563980
667.014542
667.228521
666.989159
660.952876
659.149259
683.476972
697.358836
696.775958
697.602268
707.085161
714.664291
731.667787
741.584544
747.646557
763.367296
774.996508
787.579213
808.685774
829.421961
790.574924
787.855654
688.065277
637.693596
632.584697
620.865861
608.552957
611.259584
622.263864
631.016709
632.438217
634.541421
633.470879
634.987610
633.340500
621.654006
623.308234
628.083404
630.390612
649.417053
667.961958
676.952788
692.658941
698.175005
689.306247
690.178031
702.873341
711.017684
723.000625
743.028209
751.634999
761.823949
772.290813
794.973989
835.049084
795.555084
790.805019
670.151444
612.471630
603.559619
587.433882
581.463643
584.846420
582.834987
587.812112
604.518528
631.331840
654.341567
658.485397
666.650898
690.474098
736.462767
802.595322
847.962593
779.726644
605.263407
599.009654
581.270447
646.736933
650.935329
594.433710
605.975248
619.795657
623.747826
640.713193
638.844134
653.701715
685.331000
682.558446
671.400125
667.336678
674.651911
695.508206
707.903437
701.028216
692.831491
687.421768
706.727310
714.792493
717.559245
759.584855
775.149063
759.819482
782.054322
840.729055
872.640799
862.768332
860.128037
715.794027
578.240649
597.325200
628.285015
617.608940
584.174431
583.329234
592.667696
608.457123
616.901886
641.087401
684.987500
690.812603
647.909798
630.641674
632.862069
629.400095
627.811883
616.755384
611.772854
657.485038
695.998650
696.172074
690.646355
673.850817
672.198813
674.378174
699.008105
715.205926
695.399630
697.830080
715.311588
741.113923
764.377529
764.483946
771.524082
816.298828
843.245302
796.618640
792.357615
628.813398
584.176708
594.090819
597.552583
599.035192
582.303444
578.341903
601.278477
611.953962
600.874951
613.680572
660.780570
666.735293
631.092036
598.838112
611.102493
631.291172
628.403158
625.761563
638.650191
650.591096
672.524882
666.723263
653.179075
688.249246
712.882945
704.434982
730.778623
751.152200
759.348794
780.479454
799.650794
799.078686
796.006960
656.088348
562.382308
542.986702
541.263842
560.276123
565.415531
561.589798
575.929569
606.615720
583.841390
557.108317
571.292020
576.234458
571.782632
614.174268
621.792705
606.308419
660.518537
707.008587
674.029448
656.953342
684.266275
709.531989
725.423026
735.717926
739.026399
754.948064
783.018261
755.628618
752.422700
613.702971
528.753905
561.323156
555.273899
544.820634
547.400463
542.267501
568.438213
571.926915
551.730625
563.177447
574.990334
567.113539
551.622005
556.608741
585.851982
597.434321
595.565163
589.757145
581.758292
576.140035
594.865124
625.035571
630.976789
635.670320
661.152439
680.173242
670.754073
666.620940
685.169008
713.211261
730.937298
734.423192
744.326555
753.598377
764.931542
758.484796
756.252293
641.821179
563.281905
591.716542
591.650048
571.975191
565.667100
609.047741
615.934321
579.491665
597.328102
629.315998
623.231127
625.224149
617.148412
601.497391
617.359135
627.799192
623.938283
634.560412
643.202308
649.590544
640.019329
649.563891
679.590190
684.731974
692.240476
700.405443
692.524907
695.822588
734.975772
766.292612
768.570738
781.787119
802.250877
788.239796
785.617786
641.477100
560.695921
591.599908
593.359626
568.286050
570.223431
554.967503
539.410618
582.412585
591.234258
581.478117
593.497666
602.555017
590.099855
570.148650
596.567904
624.057877
613.294488
614.880245
620.295160
605.796858
595.273935
588.330814
588.445217
620.945898
640.700963
638.701333
653.602411
659.014295
682.897229
683.871262
681.301777
704.652340
715.377913
700.481267
713.562676
715.402940
723.119355
750.026149
774.536045
811.871904
795.118437
791.863480
655.074936
558.302641
585.954152
603.046407
581.909237
571.513699
594.482936
591.516279
585.945472
570.895614
551.627287
570.166606
601.071449
603.481112
575.583277
566.801595
597.363002
602.191443
599.925743
631.231018
660.460494
668.982906
672.950414
690.122885
714.651180
742.592654
761.362172
779.343864
735.499015
732.365973
633.533147
554.005299
559.305238
578.435910
587.824094
599.344859
596.189445
580.142403
608.405371
595.782907
569.339843
586.342159
616.962696
618.413364
620.576870
621.673757
628.549039
632.715199
631.505650
666.392979
698.611728
695.868827
697.462944
720.249666
736.499455
744.716874
754.233964
772.861897
769.409489
705.946694
700.786568
582.703239
567.844583
611.787576
607.939959
603.904697
579.011120
573.263842
596.396889
598.677929
601.117333
605.341824
611.724378
624.328290
630.650617
639.585707
671.430397
699.288030
737.725215
775.322919
730.852876
608.041188
603.313611
551.980271
545.529858
529.267941
522.126427
511.099441
539.519581
560.782878
565.740171
575.051266
573.808337
577.716240
572.621611
564.866097
589.384719
614.953323
615.528498
620.564875
628.553063
626.658805
641.346353
654.441920
645.535668
659.051491
674.257130
685.758395
697.790079
728.179430
744.193531
746.454265
749.088097
775.804949
804.637076
758.848840
755.628404
638.418929
585.113142
617.730349
580.989655
591.284483
624.113277
642.422553
638.368171
615.802906
624.884139
640.197069
635.789416
634.788400
668.815862
698.096513
675.571120
674.252448
676.308932
639.760476
620.258888
634.848972
630.198186
617.550789
613.416028
604.640884
598.446725
637.754814
653.738361
628.471933
636.849108
681.389731
710.969661
726.607939
733.005443
707.883941
610.812629
607.686637
516.546680
513.201244
517.467581
518.089353
526.890332
520.716456
511.123022
512.814283
518.121039
525.093834
548.773416
573.653294
588.941613
589.431989
602.719298
606.216414
611.517326
598.484609
572.609957
555.021241
567.120709
585.685464
584.255656
597.203583
598.368644
581.236684
598.440391
624.165185
642.879125
658.489089
637.613898
616.275808
617.998907
620.696354
630.793794
627.903066
621.888351
624.307865
620.377751
621.551595
632.177911
631.975469
622.774833
617.456607
623.242632
648.101075
693.843402
737.168099
775.245053
750.679700
619.135577
616.161178
566.780223
622.431165
662.210762
686.570541
634.459357
582.852565
601.458292
584.416585
555.478177
568.608462
579.226647
565.644751
580.647626
583.073759
535.585442
534.798318
568.110421
575.195826
560.168317
546.467418
564.439040
597.627008
583.166614
566.020896
583.477332
612.049388
617.758187
615.554697
610.391962
630.262992
633.486348
651.542172
714.631527
763.213437
717.735289
714.466629
566.378631
492.861938
538.032423
570.792296
546.734141
524.920987
536.744732
552.864282
552.957694
572.979389
599.605107
599.619776
597.908706
583.267012
557.294081
567.055761
582.447817
578.789814
560.413253
558.117452
589.832041
597.519415
564.618373
566.005915
600.007525
629.860628
620.449295
594.111276
606.583358
619.598149
624.574773
624.662070
614.946893
620.235011
634.666810
643.363240
651.903377
651.537922
660.977475
674.917333
705.418260
751.524655
805.201338
773.365344
626.235801
619.264251
511.364361
524.418876
519.707302
514.484808
522.193869
545.765454
544.317647
547.658506
550.586018
582.244992
621.183780
669.170145
713.234223
687.057072
562.267172
507.668002
506.948175
506.003745
493.434707
502.681885
503.534751
491.632913
496.607879
502.602660
522.788090
534.527971
541.925673
582.257256
659.576875
713.108204
707.288679
597.944024
501.936990
500.295096
538.129178
537.123706
516.296972
508.967370
503.837910
503.589142
499.349834
488.436543
481.403094
492.241142
512.216492
529.308268
542.857729
542.073440
541.385598
571.786335
604.393507
614.469921
626.069415
673.001656
716.521975
720.751375
704.281727
622.755073
617.820534
515.820327
487.439343
500.280853
539.981873
570.269430
550.409081
515.623442
516.586392
532.454398
546.921960
531.192117
508.026851
503.012837
506.802747
521.900390
546.159510
563.706684
581.330334
616.905799
658.521165
703.818012
748.605767
728.472586
657.502655
544.722320
540.820500
514.627999
518.693414
520.900013
519.351736
536.274282
532.674085
509.078064
521.572861
564.881208
597.089869
638.582292
712.034675
781.746473
744.062246
639.638458
522.954021
519.187571
515.456032
500.382334
490.514886
499.853609
491.132343
481.336106
480.374340
494.361145
498.438796
506.910595
540.223170
580.008235
590.451972
613.991691
647.909244
696.352761
710.034901
668.701085
568.195191
563.646963
524.663298
520.021958
502.627032
516.884178
509.132267
498.499030
497.881079
488.207304
502.571950
550.111716
566.907190
559.745276
571.935039
586.445143
591.851553
619.511635
688.268668
747.300580
704.090141
616.934782
611.254901
521.029931
494.545272
502.774495
486.415936
460.466668
442.094434
451.101318
486.078034
519.262924
524.241066
536.432521
570.520387
625.369472
717.041748
758.281408
713.630567
632.036741
541.097788
537.839413
528.884900
538.598711
520.726078
490.886827
492.949628
520.947993
538.270784
542.583687
559.108862
588.068300
640.207715
696.357878
702.783073
672.552106
613.530412
605.934139
531.789656
525.248749
530.367691
537.776559
532.389126
508.023059
509.436894
517.987561
519.969445
531.564392
561.027164
581.700843
612.893155
670.027342
747.829374
752.276540
724.589413
723.154107
630.563033
509.319232
465.402606
477.833365
494.475231
578.148527
666.167494
655.283361
656.065799
656.315156
591.240646
530.913019
529.101801
504.452478
509.329358
540.073037
565.247384
575.989460
579.839553
588.044437
627.550074
684.004968
742.790492
744.615028
733.073852
702.764069
615.964186
578.298660
561.159039
576.146027
577.103807
550.269923
564.237984
588.735540
582.924247
582.274363
594.791604
612.144977
628.517162
632.090468
645.858247
671.069415
688.667688
713.480899
753.115328
824.524176
839.482831
762.089070
756.149607
626.318067
589.099967
583.134625
587.069302
607.729151
603.117399
584.559587
568.658703
576.659388
589.275171
609.461951
620.644026
619.891877
612.769655
613.710543
628.939881
650.029755
663.128485
675.136544
691.748313
699.101885
763.400346
829.751859
829.634285
778.074039
684.245413
584.702601
569.823759
557.181074
548.425466
585.959223
656.474232
740.178068
747.463652
793.873371
740.430808
618.739873
565.120255
543.879531
527.995780
549.264188
595.435445
623.100031
648.441435
700.519110
704.717931
774.926319
777.809383
707.846601
610.252851
587.224639
589.095092
599.217350
636.155819
632.377944
600.071758
594.727158
612.377722
617.115237
626.159303
636.959816
642.815948
645.493987
654.495458
654.520007
643.826105
640.463524
657.417455
652.936479
651.558153
653.050406
672.617325
717.403367
736.058558
690.853071
688.392266
608.993527
575.146587
586.337323
613.861254
609.463443
594.538204
579.778271
568.342978
574.286067
596.674714
602.052395
601.166221
622.065999
626.175468
614.621687
609.920112
601.973653
590.027030
593.037610
597.068832
598.513850
602.813999
609.779559
614.384888
620.119289
641.915378
662.434980
656.523186
640.045574
644.755021
660.969250
669.777389
680.181830
699.372580
723.381954
740.810078
744.600636
758.813170
793.708622
799.591777
756.358548
754.428880
660.786384
596.524593
607.329236
594.230807
560.873196
567.671501
570.754805
571.111083
570.559061
577.315771
557.395924
534.840231
522.218966
520.603711
526.088488
533.311038
524.619754
505.925046
482.932455
481.834613
499.575497
514.283323
524.412984
536.814187
538.006566
527.431151
530.176842
536.620487
542.740104
553.388245
543.116318
529.028944
522.805797
522.171389
519.605844
529.849975
538.860377
534.499350
539.109743
553.763237
546.150499
536.024903
555.726586
566.890080
570.485716
578.148794
597.244946
610.067292
611.764396
634.332740
673.841461
710.615625
746.033913
757.897327
756.938536
686.444523
562.284304
518.951283
525.802682
531.569020
509.047516
523.418228
544.010463
630.027275
603.615981
574.938991
587.034724
572.146140
516.123916
497.921865
500.663801
496.755929
516.501092
517.930243
519.854960
538.574408
549.005762
539.571796
533.410490
553.215854
599.282181
641.062846
679.590987
665.219188
663.118142
610.174623
524.820378
529.287702
529.677080
513.398620
497.788269
493.037805
508.559746
532.432264
525.940957
541.163998
558.190742
585.996925
599.572040
596.842750
625.258201
641.540286
630.774703
639.663576
672.364035
696.201696
711.653668
724.926368
730.477537
740.502531
783.854624
807.956881
797.160806
795.776631
746.034780
666.005560
628.100901
639.777002
608.241271
586.064398
606.694823
605.698680
618.041889
640.220878
641.713778
642.831593
643.821380
632.271554
627.947775
628.980390
622.115893
601.516293
595.591506
604.757155
599.388834
594.081405
596.567816
595.688367
587.233762
557.788363
529.699034
522.204489
501.698482
472.411312
464.350891
473.422418
473.518756
444.528970
437.943665
455.489725
467.955753
483.114835
501.912675
513.404304
525.166829
547.933705
576.487943
605.403780
628.433350
652.607279
666.085735
675.995671
674.668390
613.758068
525.255872
499.468115
489.174687
484.148611
474.111228
452.385516
447.624747
453.769072
456.399025
464.476102
479.849297
493.028952
509.585337
552.689367
588.218870
624.359310
662.136358
663.751056
686.629454
668.128373
629.508142
601.273419
577.503361
570.711884
595.849931
635.358904
619.436262
591.665469
610.347654
590.927509
NaN
NaN
NaN
NaN
NaN
NaN
NaN
NaN
NaN
NaN
NaN
NaN
NaN
861.229536
1033.737456
1087.775638
972.298022
NaN
NaN
NaN
NaN
NaN
NaN
NaN
NaN
NaN
NaN
NaN
NaN
NaN
NaN
NaN
NaN
NaN
NaN
NaN
NaN
NaN
NaN
NaN
NaN
NaN
NaN
NaN
NaN
NaN
NaN
NaN
NaN
NaN
NaN
NaN
NaN
NaN
NaN
NaN
NaN
NaN
NaN
NaN
NaN
NaN
NaN
NaN
NaN
NaN
NaN
NaN
NaN
NaN
NaN
NaN
NaN
NaN
NaN
NaN
NaN
NaN
NaN
NaN
NaN
NaN
NaN
NaN
NaN
NaN
NaN
NaN
NaN
NaN
NaN
NaN
NaN
NaN
NaN
NaN
NaN
NaN
NaN
NaN
NaN
NaN
NaN
NaN
NaN
NaN
NaN
NaN
NaN
NaN
NaN
NaN
NaN
NaN
NaN
NaN
NaN
NaN
NaN
NaN
NaN
NaN
NaN
NaN
NaN
NaN
NaN
NaN
NaN
NaN
NaN
NaN
NaN
NaN
NaN
NaN
NaN
NaN
NaN
NaN
NaN
NaN
NaN
NaN
NaN
NaN
NaN
NaN
NaN
NaN
NaN
NaN
NaN
NaN
NaN
NaN
NaN
NaN
NaN
NaN
NaN
NaN
NaN
NaN
NaN
NaN
NaN
NaN
NaN
NaN
NaN
NaN
NaN
NaN
NaN
NaN
NaN
NaN
NaN
NaN
NaN
NaN
NaN
NaN
NaN
NaN
NaN
NaN
NaN
NaN
NaN
NaN
NaN
NaN
NaN
NaN
NaN
NaN
NaN
NaN
NaN
NaN
NaN
NaN
NaN
NaN
NaN
NaN
NaN
NaN
NaN
NaN
NaN
NaN
NaN
NaN
NaN
NaN
NaN
NaN
NaN
NaN
NaN
NaN
NaN
NaN
NaN
NaN
NaN
NaN
NaN
NaN
NaN
NaN
NaN
NaN
NaN
NaN
NaN
NaN
NaN
NaN
NaN
NaN
NaN
NaN
NaN
NaN
NaN
NaN
NaN
NaN
NaN
NaN
NaN
NaN
NaN
NaN
NaN
NaN
NaN
NaN
NaN
NaN
NaN
NaN
NaN
NaN
NaN
NaN
NaN
NaN
NaN
NaN
NaN
