NaN
NaN
NaN
NaN
NaN
NaN
NaN
NaN
NaN
NaN
NaN
NaN
NaN
NaN
NaN
NaN
NaN
NaN
NaN
NaN
NaN
NaN
NaN
NaN
NaN
NaN
NaN
NaN
NaN
NaN
NaN
NaN
NaN
NaN
NaN
NaN
NaN
NaN
NaN
NaN
NaN
NaN
NaN
NaN
NaN
NaN
NaN
NaN
NaN
NaN
NaN
NaN
NaN
NaN
NaN
NaN
NaN
NaN
NaN
NaN
NaN
NaN
NaN
NaN
NaN
NaN
NaN
NaN
NaN
NaN
NaN
NaN
NaN
NaN
NaN
NaN
NaN
NaN
NaN
NaN
NaN
NaN
NaN
NaN
NaN
NaN
NaN
NaN
NaN
NaN
NaN
NaN
NaN
NaN
NaN
NaN
NaN
NaN
NaN
NaN
NaN
NaN
NaN
NaN
NaN
NaN
NaN
NaN
NaN
NaN
NaN
NaN
NaN
NaN
NaN
NaN
NaN
NaN
NaN
NaN
NaN
NaN
NaN
NaN
NaN
NaN
NaN
NaN
NaN
NaN
NaN
NaN
NaN
NaN
NaN
NaN
NaN
NaN
NaN
NaN
NaN
NaN
NaN
NaN
NaN
NaN
NaN
NaN
NaN
NaN
NaN
NaN
NaN
NaN
NaN
NaN
NaN
NaN
NaN
NaN
NaN
NaN
NaN
NaN
NaN
NaN
NaN
NaN
NaN
NaN
NaN
NaN
NaN
NaN
NaN
NaN
NaN
NaN
NaN
NaN
NaN
NaN
NaN
NaN
NaN
NaN
NaN
NaN
NaN
NaN
NaN
NaN
NaN
NaN
NaN
NaN
NaN
NaN
NaN
NaN
NaN
NaN
NaN
NaN
NaN
NaN
NaN
NaN
NaN
NaN
NaN
NaN
NaN
NaN
NaN
NaN
NaN
NaN
NaN
NaN
NaN
NaN
NaN
NaN
NaN
NaN
NaN
NaN
NaN
NaN
NaN
NaN
NaN
NaN
NaN
NaN
NaN
NaN
NaN
NaN
NaN
NaN
NaN
NaN
NaN
NaN
NaN
NaN
NaN
NaN
NaN
NaN
NaN
NaN
NaN
NaN
NaN
NaN
NaN
NaN
NaN
NaN
NaN
NaN
NaN
NaN
NaN
NaN
NaN
NaN
NaN
NaN
NaN
NaN
NaN
NaN
NaN
NaN
NaN
NaN
NaN
NaN
NaN
NaN
NaN
NaN
NaN
NaN
NaN
NaN
NaN
NaN
NaN
NaN
NaN
NaN
NaN
NaN
NaN
NaN
NaN
NaN
NaN
NaN
NaN
NaN
NaN
NaN
NaN
NaN
NaN
NaN
NaN
NaN
NaN
NaN
NaN
NaN
NaN
NaN
NaN
NaN
NaN
NaN
NaN
NaN
NaN
NaN
NaN
NaN
NaN
NaN
NaN
NaN
NaN
NaN
NaN
NaN
NaN
NaN
NaN
NaN
NaN
NaN
NaN
NaN
NaN
NaN
NaN
NaN
NaN
NaN
NaN
NaN
NaN
NaN
NaN
NaN
NaN
NaN
NaN
NaN
NaN
NaN
NaN
NaN
NaN
NaN
NaN
NaN
NaN
NaN
NaN
NaN
NaN
NaN
NaN
NaN
NaN
NaN
NaN
NaN
NaN
NaN
NaN
NaN
NaN
NaN
NaN
NaN
NaN
NaN
NaN
NaN
NaN
NaN
NaN
NaN
NaN
NaN
NaN
NaN
NaN
514.509172
617.707686
652.474695
697.449752
766.978614
843.451437
881.273293
896.996837
891.802696
879.747426
861.858982
848.225787
851.763270
854.800252
852.428882
844.011234
832.633264
816.368576
798.788438
782.911933
769.281094
760.054301
756.624463
753.805015
751.957748
752.538873
755.443608
761.744935
771.452419
783.975911
796.071203
803.017062
805.265556
806.246038
804.404824
799.227797
792.892465
784.111649
772.049716
760.096603
749.724512
743.331117
739.722166
740.371294
744.347188
752.813579
764.389825
776.844536
787.058659
794.948615
800.292586
801.979330
800.296245
795.070166
789.080920
782.893181
778.384240
775.341547
772.840307
770.749285
769.539965
769.854927
771.119124
772.159799
771.622208
769.238569
765.339266
762.136764
760.976650
761.214613
763.290268
767.178420
770.752537
773.610812
775.912953
778.310316
780.647250
782.533588
785.353441
787.818515
788.227395
785.988169
781.064811
775.553679
770.731116
767.015277
765.099557
764.600555
764.939900
764.815260
764.716488
764.919383
764.795511
765.142386
766.749150
768.306594
770.317396
771.024578
769.788254
768.051452
766.696825
766.848085
767.465073
767.499144
768.133773
768.333051
767.902539
768.007323
768.471745
768.924525
769.239117
769.601904
770.467354
771.737093
773.033060
775.004244
777.091878
779.481870
782.177269
783.897962
783.874788
782.043166
779.196691
775.808819
773.720669
772.034124
770.433237
769.620227
768.351780
767.049149
765.421052
765.274530
766.510392
767.496903
767.269127
766.493605
765.654245
764.803108
764.008737
763.316390
764.324442
766.944644
770.463994
773.891581
776.670255
779.655553
782.785762
785.298154
786.365904
788.600981
791.077341
793.630749
794.830994
793.831149
792.277085
789.612922
785.665756
780.754664
774.907769
769.912897
766.256747
765.334789
766.959924
770.018813
772.555143
774.080885
774.305351
773.680828
773.562532
773.241789
772.507073
771.367601
770.723724
770.579299
770.734420
772.044156
772.433788
771.693524
770.183213
768.639129
767.465622
768.511860
771.427020
777.237944
782.943791
787.869889
791.878659
793.861539
794.055735
792.604324
789.546368
786.253994
783.756515
782.830429
783.558785
785.037646
786.260470
786.201756
785.022019
783.563636
781.490606
780.759589
781.397943
782.412170
785.127230
789.689150
795.884915
801.371443
805.720744
808.435079
808.977155
808.056278
807.073119
807.301828
807.161369
806.732693
805.043636
802.315222
798.973804
796.938628
795.405323
793.125302
789.310058
786.575307
785.551866
785.285661
785.593983
786.139534
786.599820
787.939181
789.644914
792.463663
796.392630
799.960205
802.915476
804.991780
805.493281
805.237593
805.541446
805.499026
804.264739
801.441939
797.246152
793.552205
792.456250
792.430141
793.228628
794.299407
795.504123
797.658885
799.288812
800.062627
799.860474
799.788175
798.696533
797.305338
795.821848
794.114098
791.840430
789.502033
787.912433
787.136346
787.962860
789.378756
792.121232
795.189242
797.458962
797.086755
794.211536
789.942552
784.676426
779.145028
775.301477
775.043490
777.611521
781.640295
787.025416
792.234705
796.377828
798.293683
797.606358
795.926869
793.753973
791.893210
790.674397
788.563552
785.396891
781.557858
776.960633
775.007607
776.229728
779.231521
783.662218
788.105105
791.662399
795.228538
797.922179
799.133447
796.874762
792.643423
787.239046
782.256360
779.375384
780.065760
782.160956
784.779007
788.917125
791.874914
791.879086
791.460163
791.002858
790.325376
789.816901
790.081389
791.345222
790.536242
788.974186
787.550238
787.052407
786.776377
786.660852
785.798437
784.352959
782.480143
781.286720
781.666676
784.240118
788.606553
794.350162
800.085023
804.460990
808.072962
811.906923
815.810438
818.070904
816.130132
811.230942
803.856797
795.272750
787.567786
783.964441
784.555071
786.754598
788.778272
790.791906
793.553750
794.900659
794.668586
795.267216
795.083040
794.365509
793.264095
790.989868
788.875515
786.124291
782.387370
779.466891
776.195748
773.355976
772.415735
772.259735
771.618544
771.490689
772.964266
777.313615
782.662401
788.398588
794.560536
799.967030
804.049381
804.839766
803.828429
801.801710
801.979382
803.896870
805.576982
806.864634
807.310576
805.837263
804.013748
802.781785
803.277433
804.327402
805.531232
807.039316
808.137683
808.111645
806.853844
805.252127
801.675735
798.157330
794.782272
790.178111
786.144290
783.775768
782.374566
780.689300
778.992919
776.342131
773.714094
773.164223
774.459878
775.092203
774.057596
772.087719
770.621821
770.439979
769.963814
768.422631
766.592706
764.961010
762.241509
759.828347
758.273634
755.605564
752.535291
751.749152
752.839375
754.563712
756.544763
759.212553
762.309733
763.511339
763.397851
764.249890
767.069869
770.703996
775.268705
779.182538
781.739979
783.235883
782.951425
782.028098
782.440442
784.166580
785.638881
786.474736
787.687862
788.022983
788.561818
789.135275
790.269963
791.544335
794.185907
796.320835
797.789718
798.413948
797.676470
794.554580
793.193039
792.559780
791.497091
790.621134
789.777643
790.090485
790.954715
789.527060
790.170200
792.373590
794.198470
794.245456
791.852699
788.997515
787.535169
787.436560
786.786174
785.695898
783.790372
781.368498
780.422327
779.254515
777.948366
776.815128
774.457786
771.418989
768.693988
766.523548
765.668130
767.267338
770.171507
773.189769
775.978033
778.678244
780.866615
781.862441
782.330680
782.345722
781.846251
781.341541
780.658307
780.016395
779.900313
781.355341
783.491765
785.630744
787.717636
788.584044
788.790134
788.948127
789.790814
790.888031
792.699931
795.279168
797.211801
799.848906
803.219110
806.391683
810.035860
813.723593
816.624421
818.093989
818.341670
817.613496
814.895846
811.170650
806.411021
802.503735
800.227033
799.120577
798.481361
796.540442
795.134729
793.723210
793.476781
794.930675
796.761939
796.897409
796.453124
797.171086
796.592802
794.752341
792.919093
793.007915
793.503381
793.470612
794.772954
796.447052
797.620930
797.514401
797.076721
797.235815
796.574852
796.148446
795.940066
795.177182
795.084802
795.633689
797.826131
800.299156
802.929546
803.924259
803.984682
804.009269
802.728240
799.504637
796.203197
794.800508
793.950156
794.042204
792.151352
789.090692
787.626881
786.082570
783.859665
781.458614
779.306419
777.572424
776.678570
776.217314
776.685158
777.127742
777.998719
779.035855
780.502855
781.932459
782.109159
782.117070
783.352848
783.498151
782.881383
781.454609
778.274976
775.807162
774.291583
771.866866
768.531124
768.050798
768.781992
770.317990
773.297835
777.041307
780.160475
782.173343
783.848247
785.234540
786.355957
786.998756
787.923215
789.439676
790.483024
790.969658
791.642250
790.995235
789.813973
789.008670
787.901775
787.410649
788.105242
789.070305
790.812563
789.388918
786.191949
783.015789
781.351310
781.610729
781.281599
779.454553
776.990674
774.279188
772.003909
770.244165
769.044324
766.763912
763.197553
762.356055
763.336785
765.598274
768.199454
772.042313
774.396749
774.287336
773.451055
771.815754
770.685621
769.882458
769.145468
769.226672
769.905848
770.989016
772.030831
771.640702
769.027687
765.814681
762.339614
759.308474
757.820335
758.231844
758.492844
758.550216
761.088370
763.033651
763.136179
763.464031
764.064550
764.132520
763.912660
765.053110
768.624901
772.620682
776.135404
779.885584
783.422811
785.213482
785.431917
784.981556
784.754219
785.142300
785.373286
785.597353
786.459175
788.652416
791.153357
793.500860
794.276098
794.203536
792.933074
791.989511
791.345789
789.933419
787.711725
786.740211
785.575121
783.867497
783.594691
784.428734
785.469317
786.410927
787.223337
789.076814
790.657106
790.977384
788.536809
786.221043
783.300639
781.086049
780.048228
781.121835
784.141189
786.927600
787.598250
787.009396
785.853079
784.939750
783.391622
783.109575
783.271125
784.524055
786.541876
789.062103
791.394164
793.416900
794.699019
795.444057
795.179371
794.312028
793.057721
790.974672
788.832173
785.921963
783.384645
781.262739
779.417312
777.782919
776.243001
775.883242
776.588829
776.164485
773.298786
768.821125
764.091513
760.007643
755.306235
751.497675
748.936575
748.480786
751.351318
755.741281
757.140522
756.640084
755.349301
753.529476
752.247432
750.174555
748.582487
747.362677
748.084455
749.239940
750.900816
752.701712
756.443183
761.249202
766.352280
771.046057
775.471129
778.498999
779.838171
780.122646
780.417768
780.126301
779.238833
777.157861
774.511335
771.812314
769.760748
768.214524
768.748430
770.968808
773.668133
776.962284
779.359464
781.314730
781.305713
779.866736
779.314488
778.204856
775.929822
772.900917
768.956373
765.237930
762.890300
761.652499
759.658386
758.632548
759.014943
760.558296
760.641451
758.624094
756.128799
753.550503
752.144449
753.220138
755.772312
759.583357
761.144007
760.724504
760.926029
762.221775
764.140133
764.996056
764.250510
761.642050
757.981386
754.586490
752.020373
750.801926
750.506834
751.785211
755.354503
759.266385
762.763415
765.079691
766.439263
765.587595
763.041822
760.740770
758.061967
754.024089
749.657747
745.924062
743.998500
742.732704
742.529172
742.586869
743.725817
745.887480
749.271314
753.645644
758.407320
763.833574
769.083571
773.493757
776.175122
777.257599
777.981032
778.383218
779.651981
782.184555
785.384214
787.852079
789.728425
791.022927
792.641033
794.099578
795.340563
796.944238
799.353848
801.693614
802.611045
803.209652
802.880473
801.422828
801.336635
801.516322
802.121642
802.920992
802.382312
800.370644
798.198978
797.609124
797.241757
796.621575
796.254663
798.228104
801.474338
803.422060
805.714470
807.135752
807.567110
807.321782
807.018529
807.259396
807.862874
808.521144
810.054156
812.535985
814.070071
815.183643
814.801635
812.923290
810.844384
809.612476
809.762122
810.032639
809.101850
808.476473
809.013151
808.981267
807.356056
804.098092
802.467637
802.295772
802.475899
802.590309
802.641536
802.937430
803.664595
804.723002
805.318405
806.243397
807.464820
807.698571
808.519934
808.922843
806.981402
804.842344
802.221670
798.927814
795.939514
795.092294
795.800083
797.282552
798.542932
798.457823
798.891115
799.874468
800.443484
801.106527
803.278879
804.249140
805.320463
806.526419
805.698500
803.327633
802.241969
801.962700
800.926782
801.204446
801.512002
802.631044
805.234354
806.839478
807.043000
808.141572
808.966120
807.765253
806.861916
806.890075
808.091269
810.666501
812.283704
813.595100
814.914059
816.261355
816.857557
816.983891
816.172182
815.640138
815.827872
815.080165
814.625925
815.038796
815.326117
815.528357
816.707192
817.034880
817.834179
818.103189
817.098636
816.841202
818.126480
819.596855
819.830791
820.266940
820.839040
821.554828
823.309528
825.351469
826.893144
827.219943
827.115732
827.489648
828.146644
827.535171
827.210363
828.491025
829.898832
831.205739
832.387535
832.412451
832.524461
833.523963
834.077366
833.634369
833.385764
833.032168
833.091976
832.462488
832.580989
833.055741
833.302333
834.269001
833.810720
832.312521
831.273433
831.425239
831.425511
830.692646
830.309460
830.536802
831.433888
831.836158
831.785169
831.768392
831.383124
831.474139
831.569300
831.329266
830.492361
829.507633
830.030784
830.977353
830.983107
830.294831
829.692885
829.433087
829.072709
829.216867
830.631491
832.146328
833.018516
833.846804
834.110150
834.022257
834.389534
834.847560
835.326224
835.371007
836.318632
837.435041
838.402395
838.302256
837.167905
836.558938
836.026630
836.110907
836.557733
836.647774
837.046260
837.587291
838.737872
838.621516
838.814128
839.538404
840.411447
841.329718
842.202941
842.784803
843.869030
845.563778
847.611856
849.860849
851.065132
851.767652
851.564452
851.453722
851.473872
850.816916
849.651740
847.468645
845.119787
843.084825
841.407420
841.090762
841.890790
842.359233
842.909501
844.526138
845.649832
846.181080
847.048247
848.710283
850.853423
853.388037
855.788027
857.285052
858.151566
859.562268
860.134003
860.941867
862.124477
862.273395
861.431386
861.548913
861.871949
861.796559
861.558013
861.271082
861.352861
861.485280
860.861021
860.237369
859.418535
858.081758
857.776641
858.394862
858.982891
859.014922
858.940114
858.462784
857.214185
857.462909
858.415593
858.695740
859.019200
859.020400
859.815090
861.718113
862.777608
864.478895
865.333444
865.049629
865.063771
865.512655
866.133195
867.363823
867.989684
867.564925
865.566150
863.891599
862.183028
860.181508
858.784088
858.819599
859.507524
861.003862
862.595718
864.151430
865.003654
865.551278
865.328983
864.085879
861.868896
859.924785
858.431574
856.444577
855.448518
855.486723
856.679778
857.354636
857.850500
858.254381
858.095399
857.308827
856.289728
854.227302
852.556026
851.863779
851.170397
849.295289
848.868994
848.846262
849.247950
850.108319
851.895856
851.920272
852.055871
852.458114
852.848884
853.285826
853.272539
853.058992
852.701044
853.279875
854.155787
855.159561
856.149014
856.995770
857.039273
857.122830
857.018462
857.101396
857.503933
857.595257
858.296652
857.996455
857.293070
858.117488
859.725348
860.575309
862.059300
864.534244
866.730583
868.337858
870.094481
872.134943
873.973977
876.024990
878.298552
880.779127
883.558888
886.255390
887.917173
888.633369
888.377496
888.064885
888.141701
887.400251
886.396445
885.857668
885.470474
885.033364
884.776721
884.362104
883.316666
882.912113
882.729335
883.038694
882.638736
881.803910
881.389216
881.953876
882.336722
882.449189
883.282659
884.451813
886.397870
888.348078
890.140276
891.239611
892.028908
892.241678
893.153726
894.531289
896.002939
897.195453
898.441110
899.551001
900.853506
901.533392
902.047464
904.044980
905.890722
906.919484
908.163751
909.183234
909.270763
909.375779
909.546767
909.575027
910.488524
911.142547
911.051893
910.951254
911.145666
910.233565
908.884731
907.674149
906.918038
905.770585
904.734624
904.154512
903.492337
902.646439
901.933660
901.995067
903.166164
904.729879
906.088940
907.250083
908.448405
909.591762
910.614702
910.583726
909.778227
909.709821
910.397377
911.843215
912.439882
912.738503
912.968045
912.655111
912.073891
912.500889
912.943854
912.020658
910.684948
909.752657
909.300400
909.995592
910.838898
910.942590
911.014109
911.015309
911.001296
910.750122
910.717141
910.654119
910.839798
911.134237
910.830383
909.789531
908.698187
908.703525
909.285967
909.842214
910.863408
912.837365
915.129509
915.860986
915.684343
915.179750
913.523247
910.626642
907.136449
903.770131
900.913041
898.262416
896.169615
895.148721
894.115607
893.299022
891.284083
889.200871
887.457136
885.983196
884.635071
883.968246
883.940736
883.169575
882.452020
882.221970
882.344104
881.817719
881.175236
879.746389
878.736102
877.684564
875.955832
874.357515
872.707959
870.466526
868.084420
866.250614
864.785247
864.077839
863.641768
863.181141
862.194676
860.714054
858.171422
855.422754
853.641730
852.085732
849.994753
847.221126
845.006411
843.156441
841.582416
840.387837
839.093686
837.368951
835.432856
835.399310
837.029134
838.946665
840.989041
842.500179
843.139149
842.918080
842.301531
841.209894
839.875045
837.711947
834.645723
832.063125
830.093319
829.204514
829.840355
830.909792
831.307186
830.851344
830.822994
830.983356
831.436847
831.682118
831.811151
832.061565
832.199705
831.942688
830.808832
829.435343
829.454687
830.490888
830.908745
831.112081
831.432107
832.092339
832.789230
832.808570
831.917876
831.060804
831.019527
831.566637
832.846867
834.883362
836.721102
837.648026
838.518351
839.451913
840.227073
840.513545
840.075461
839.532900
838.733831
837.689899
836.470653
835.160555
835.016758
835.298974
835.215757
835.066728
835.103279
835.008288
835.063876
834.722769
835.015151
836.140515
837.342740
837.765821
837.554107
836.579034
835.354067
834.388550
833.157019
832.248072
831.244740
830.315471
829.700268
830.280547
831.020659
831.906555
833.334307
833.509830
831.896725
830.064486
828.435940
826.656955
825.363868
824.997041
825.175191
826.300466
827.136137
828.467141
829.373278
829.735184
829.408840
829.111253
829.353779
829.976387
830.491833
830.414593
830.207915
829.927959
829.840331
829.618372
829.131919
828.974123
828.942366
829.112641
830.017580
830.885518
831.313277
831.883132
832.588282
832.871393
832.978609
831.774549
829.396117
826.943343
824.797136
824.178269
824.360084
824.842618
825.005285
824.985255
825.247621
825.631291
825.357910
824.558644
824.779694
825.860803
827.266060
829.047370
829.743009
829.943124
830.732506
830.660024
829.172538
828.944712
829.533254
831.298082
833.065708
834.107668
834.915072
835.056912
835.035235
835.494225
835.539388
834.746181
833.324507
832.146857
832.320665
833.020024
833.402868
833.277323
833.366180
833.621263
833.904687
834.736645
835.337346
834.783643
833.697837
832.100284
831.052740
829.425120
827.855100
827.189064
826.867947
827.024757
827.194020
827.591944
829.127219
830.210164
829.899279
828.276578
826.375192
825.208534
825.513640
825.605272
825.511923
825.794480
825.261334
824.401828
823.948957
823.938636
824.456488
824.237827
824.592647
825.331520
826.431953
827.847885
829.190801
829.537600
829.028025
828.320817
827.660267
826.786342
825.957137
826.015680
826.728220
826.897230
827.807356
828.857580
829.219061
829.271151
829.465686
829.706243
829.239027
828.339859
827.428154
826.512104
825.683533
824.440983
823.206972
821.772546
820.048675
818.619536
817.602598
817.929468
819.019489
819.367113
819.724507
819.578297
819.435693
819.002547
818.978242
818.932176
819.649689
820.903449
822.029344
822.145560
821.037418
820.181319
819.316867
819.207998
819.266083
819.153663
818.212708
816.904196
816.064806
816.508317
817.888491
818.785766
819.958835
821.780147
824.123506
826.325421
828.420105
828.372373
827.708052
826.342268
824.846292
824.702427
825.567183
827.500425
829.388280
831.570705
833.533498
834.635378
834.771639
833.599404
832.165802
831.372900
830.692437
829.966732
828.925545
828.246497
827.706767
827.150863
828.059145
828.679360
828.696024
828.958158
830.116206
830.924682
831.146528
831.266484
831.097301
830.694210
830.666729
831.998535
833.852855
834.887251
835.242615
835.916966
837.103219
837.217303
836.314592
835.206548
834.331310
833.177501
833.391978
834.501249
835.229474
835.739857
835.442073
835.191318
834.542776
833.939530
833.900934
833.822711
833.019115
831.332499
829.104883
826.474263
824.127636
822.133688
820.688007
820.637734
821.216768
821.976450
823.298444
825.640979
827.327818
828.807004
830.140766
830.745617
830.101836
828.294281
826.957659
825.886692
825.754656
826.475883
827.387676
827.915908
828.000394
828.013489
828.758185
830.248464
831.183494
831.316445
831.360446
832.118284
833.570542
834.964214
836.206785
838.040447
840.414092
843.217325
845.504169
846.265205
846.423993
847.362292
848.725363
848.954022
847.866496
846.569848
845.842451
845.692140
845.707932
845.442618
844.702817
844.199721
844.467900
844.191114
842.983163
842.320966
841.715473
841.784597
842.755744
844.296179
845.744007
847.280447
848.102733
847.824654
847.024494
845.771075
844.011916
842.003907
840.324164
839.142269
837.967483
838.134420
838.834991
839.599389
839.563129
838.750634
837.713656
836.538187
835.641724
836.151745
836.845954
838.052192
840.247643
842.514418
843.193215
843.305008
843.495728
844.008134
844.979091
845.984754
847.122664
848.361566
849.685855
850.561026
851.162076
851.397742
850.869513
849.129843
846.206380
842.243426
839.163573
838.288217
838.050318
838.042382
838.028482
838.264175
838.384626
837.464911
836.583547
835.601135
835.363931
835.822307
836.683471
837.245011
838.228262
838.716558
839.487623
840.245998
840.326388
839.155801
837.509803
836.951615
838.114618
840.696233
843.382325
845.012323
846.245488
846.968829
846.626235
846.280918
846.838581
847.828786
849.015040
850.010048
852.139681
853.650944
854.037108
853.060252
851.158879
850.016661
850.614296
852.104475
852.918475
853.148451
854.076906
855.454520
858.034184
860.670500
862.889105
864.156241
864.947439
865.898636
865.434168
863.264173
860.621378
858.282398
856.538770
856.210612
857.039205
857.984944
860.004131
863.098410
866.180610
870.229585
874.346514
877.719610
879.435332
879.879938
878.342503
876.155218
873.753395
871.999903
871.839721
872.518938
873.021084
874.236240
874.749370
873.524972
871.956640
870.467931
869.029429
867.482626
866.691911
866.137264
865.276797
864.211642
862.643127
860.947525
860.124406
859.606836
860.080911
861.507039
862.929409
864.703318
866.700573
867.890890
868.223997
868.481558
867.455984
864.831580
861.734558
859.385542
857.593158
856.610895
856.314405
856.005389
856.718008
857.624651
858.971766
861.682029
864.158529
865.426054
865.078940
863.816639
862.328307
860.588466
858.442482
856.474177
854.599968
852.779386
851.782324
852.184316
854.204056
856.694437
858.643899
860.677448
862.125250
861.829464
860.622958
858.982451
855.845520
852.100567
848.378855
845.236220
843.282459
843.148865
844.757778
846.911713
849.511606
852.962978
856.718446
860.301143
862.608801
863.650419
862.394063
860.792140
859.719254
859.418687
858.961013
859.098750
860.589321
862.467023
865.250171
867.729224
868.945716
868.503802
867.796683
868.577562
869.821160
871.951026
874.171094
875.282679
876.195991
877.425841
877.761429
877.540881
876.128609
873.732468
871.545955
869.831058
868.818743
867.128236
864.338054
861.773136
859.855572
859.007894
858.307905
857.358613
855.456755
853.702244
853.916602
855.058339
856.731873
858.749311
861.166864
863.008852
864.318763
865.995547
867.248633
867.856257
868.136156
868.851571
870.044344
871.237090
871.286447
870.943725
871.355698
873.167447
875.230617
877.370508
880.143530
882.734885
884.343506
884.321710
883.348552
881.358016
878.699848
875.632079
871.798976
867.639732
864.463117
862.648298
861.863742
862.271441
863.281736
864.219229
864.844272
865.114358
865.767377
867.032783
866.967716
866.082414
863.835934
860.313654
856.268831
852.542860
850.305484
849.848445
851.003111
852.741607
855.677836
859.216186
862.916446
865.849046
867.698780
868.608986
868.890656
869.498630
870.032701
869.416857
868.111316
865.935476
863.165082
861.454593
860.573400
859.335003
857.809412
856.578967
855.386998
853.858111
852.882414
853.109857
853.511457
853.524961
853.715087
854.665831
855.312495
856.062893
856.036893
855.572327
854.508218
853.497302
852.302944
851.945159
851.704716
850.823877
850.479279
849.967869
848.204253
846.351661
844.311670
841.518178
838.347897
835.180780
833.112759
831.895359
831.340480
831.746090
832.973039
835.076337
839.107543
843.489324
846.860375
848.628456
848.832937
847.741063
845.998806
844.638909
843.532579
843.287211
843.225764
844.473634
846.408024
849.382255
852.150721
853.824490
853.653159
851.386189
848.527668
845.904213
842.868523
839.276740
835.266580
831.667850
828.682343
827.108738
826.785214
827.720436
829.560148
832.477477
834.999627
837.159852
837.787773
837.037387
835.988711
835.407504
835.310577
834.748974
834.668995
835.593451
836.742929
837.794103
838.452432
838.487369
837.637707
836.550349
836.923170
838.872374
841.664164
843.573982
845.433279
845.786904
844.282887
841.476966
837.533355
833.632394
829.890479
826.077857
823.837601
822.518311
821.754882
821.264572
821.946376
823.540385
825.905209
828.811224
832.284035
835.825480
839.609246
843.418218
845.892778
845.726416
842.549194
837.722598
833.117755
827.900767
823.041282
820.059356
819.305964
819.198332
819.476905
819.779622
820.020400
820.159977
821.265756
823.936775
826.019884
826.439171
824.868930
822.900677
821.848872
820.467431
819.041215
818.216764
817.085624
816.990572
817.048416
817.288333
817.355790
816.512935
815.187756
814.146693
813.467999
814.085992
816.167877
819.916571
824.111101
827.446677
830.372772
831.761464
831.686250
831.010723
829.811751
828.631511
828.271690
828.739697
830.661783
832.775170
833.787859
833.942313
834.046407
832.667215
829.485080
825.570248
822.079577
819.664523
818.299600
818.298646
820.118381
822.940721
825.831223
829.325363
832.308849
833.142722
830.881102
827.467329
823.559698
819.761310
817.162116
814.466435
812.993619
812.519204
812.303485
811.489799
810.201406
809.595917
809.431692
809.468050
809.800850
810.277588
809.625672
809.292380
809.479408
809.855448
810.515521
810.908038
810.571285
810.878360
811.156409
812.004175
812.767786
812.662877
812.112802
810.965070
810.180992
809.398862
810.152730
810.373048
808.222875
805.904503
803.395822
801.023385
799.275876
797.857213
797.108365
798.003764
799.801795
801.929715
803.174339
803.879414
803.938851
803.575717
802.580188
802.009981
800.684215
798.383852
796.801623
794.860720
792.547547
791.915480
794.425696
797.550742
799.730944
802.210438
803.537103
804.461720
804.340285
803.560724
802.878179
801.534022
801.077054
800.489642
798.077114
795.127050
794.967732
795.589704
796.400816
797.773279
798.451181
798.310189
797.375508
796.803510
797.014598
798.656875
799.839592
799.298245
796.807495
793.706655
789.198233
785.408299
783.248644
780.858118
779.523772
778.850553
777.473740
773.890227
770.930939
769.523732
769.717101
771.442095
774.374690
778.182784
782.870334
787.502664
791.764602
795.613865
799.516004
802.065436
802.345929
801.422218
801.446862
801.376129
801.370399
801.913856
802.097774
801.748153
801.009939
799.088993
798.139828
797.914855
797.375136
797.518386
797.539699
796.905901
796.204182
796.692813
798.176555
799.306851
801.217152
804.136981
807.257766
810.283271
814.071632
817.925434
821.858378
824.858301
826.692504
827.281958
826.554303
825.225266
821.653480
816.214709
812.624268
810.154645
808.069975
806.101281
803.397559
801.114791
800.475579
801.146920
803.544381
805.147829
804.311916
802.254588
801.137081
800.930529
800.993317
802.263145
805.657982
808.607907
811.398518
813.515977
816.023753
819.152290
821.865533
825.656902
829.707062
832.991504
834.803700
835.569813
835.754136
836.423902
837.615580
838.404628
838.996301
840.643331
843.164865
845.988867
847.437064
848.401149
849.316977
850.436735
851.902846
854.458841
857.732547
860.650224
864.427454
869.105217
872.640249
875.070404
876.216926
875.301286
873.600279
870.751914
866.796524
862.563148
858.187743
851.688079
844.057760
837.419775
832.506215
827.649984
823.490494
821.877373
821.829570
821.686952
821.108800
821.270345
821.883318
822.655256
823.736692
826.123842
829.065690
831.415700
833.194149
835.329686
837.957759
840.580403
842.645361
843.661069
844.492054
846.859079
850.134158
852.881116
854.779611
856.292675
857.663338
858.968784
860.299515
861.009108
862.019766
862.508438
863.147270
863.680802
864.105105
864.074485
864.086213
864.334159
863.910741
862.566902
860.465121
858.176932
856.703554
856.090792
857.086671
859.808466
863.736812
867.934065
871.873991
875.308896
878.674727
881.755283
884.437559
885.271713
884.920224
884.736809
884.509834
884.422426
884.501328
883.618734
882.204480
880.266873
877.240245
873.328053
869.204561
866.048546
863.153499
861.155866
860.690977
862.009626
863.969112
867.884410
872.942007
878.378010
883.670590
888.164878
890.700439
891.872320
894.113439
897.082507
899.916956
901.682825
902.695596
904.412786
903.158705
898.492449
893.180334
888.777953
886.912165
887.291546
887.998986
888.669037
890.286805
892.130194
892.754403
891.473808
889.072361
886.193366
883.797488
882.062170
881.442602
880.732150
880.463351
880.573220
881.446026
883.138077
884.200856
883.411966
880.386224
878.360236
876.761353
875.157589
872.979106
871.275209
871.204896
870.487945
868.192578
865.852693
864.111284
863.963317
863.111965
862.037973
860.934914
859.326862
858.364737
858.699215
859.549236
860.955941
862.436450
864.150090
866.740235
869.483194
871.466900
871.102296
869.560546
867.904196
865.574159
862.628194
859.797901
856.432713
853.891872
853.764949
856.475310
861.248393
867.484128
874.541475
881.208676
887.604204
892.608912
895.432527
896.259386
895.936465
895.605143
896.195594
896.211281
896.500237
897.678123
898.970599
898.821440
895.831863
887.859845
877.005740
865.539037
856.188714
849.137677
845.463187
844.081561
843.638217
844.498706
846.162414
849.130299
854.093896
859.814054
866.116795
873.138285
880.164763
886.462990
892.097647
897.630810
902.795016
905.257228
904.115701
900.056971
894.038869
886.542682
880.072414
875.556130
870.898511
866.415502
864.677800
864.563541
867.043529
871.377267
876.819601
881.747523
885.056229
887.151726
887.673627
886.050448
882.706956
878.977633
876.365105
874.640039
872.196162
870.121917
869.072167
867.123220
864.800632
861.054791
853.998899
843.526984
830.643702
816.297282
800.292050
784.755018
772.448644
762.968084
755.778354
751.476031
751.144367
752.724493
753.756698
754.738401
754.657811
752.032994
746.483996
739.172785
731.631493
724.224079
718.912051
714.097560
711.426224
711.870472
714.542822
718.367863
722.383408
725.955972
728.568867
731.159024
732.169478
731.234301
728.753511
726.612923
724.964097
723.798224
723.060254
724.057585
726.505114
727.581392
727.662271
727.826413
729.108781
730.124209
732.032750
734.937973
737.184971
738.255573
737.176659
733.900192
730.316098
726.955335
725.678062
725.576157
723.917646
724.056376
725.354181
726.886774
728.606818
729.249572
728.196943
726.514186
724.554808
722.159646
719.789122
717.162461
715.328445
713.579023
712.459860
711.754882
710.668970
709.559949
708.724153
707.798836
706.014383
705.127501
705.599413
707.019311
708.296386
709.063745
710.157842
712.300966
716.008672
719.729347
723.930623
728.395641
732.978074
736.537776
739.696228
742.495495
744.068475
745.382570
746.780603
747.694698
747.602234
745.553850
743.111163
741.097538
739.163675
738.773308
737.336497
734.406475
732.309217
731.028281
727.240305
722.455505
717.297827
713.326287
711.735987
713.121535
715.812334
717.447751
719.526594
722.437563
725.928270
731.063560
736.084390
740.437348
745.875045
751.882810
756.834799
761.349989
763.161170
762.689908
761.004329
759.057022
755.387262
751.076616
747.251265
744.062191
743.099289
742.704120
742.502655
742.495409
741.865644
740.841053
740.158733
741.657335
744.281861
747.404876
750.320819
752.169797
753.619364
755.285305
756.749513
760.017271
763.400280
767.062970
771.489614
774.795516
777.382348
779.962802
781.640645
782.388835
781.748829
780.689407
779.460075
778.386150
778.745613
779.676575
781.988730
783.217666
782.750142
781.965855
781.393850
779.696508
778.336028
778.004623
779.982958
781.455274
782.371729
782.652259
783.195345
783.857262
783.871248
784.777949
785.751333
787.734541
790.868825
793.798543
794.702931
794.610991
794.969540
797.403309
800.036898
801.689787
802.601125
803.519735
804.473429
805.608296
807.061935
808.414940
808.781354
808.657235
808.817870
809.953884
810.900704
812.052685
814.164579
817.600492
822.371270
828.473090
834.240725
839.092587
844.134022
847.352183
848.261998
849.190237
849.534092
848.113688
843.970251
838.198746
832.008086
826.188801
822.786777
820.084578
818.654795
820.309843
824.709169
832.057169
839.492677
846.043344
852.886364
859.360746
865.056943
869.196863
869.757644
866.127280
859.898355
854.116012
848.320952
844.091978
840.613014
838.723396
838.424484
840.032068
845.083282
853.880122
864.362032
873.324144
880.931540
885.730377
887.993910
889.117584
889.254458
888.536692
888.211868
887.370129
885.882083
884.887986
883.415031
882.244380
881.171791
881.073373
883.103936
885.959171
889.091814
892.420956
895.177637
895.998155
895.711097
894.809143
891.961284
889.363083
888.201277
887.620290
888.108311
891.100708
896.232479
902.576973
909.555470
915.811253
922.948564
931.129216
938.876601
945.307527
949.067090
949.608538
947.841530
943.759723
939.059440
935.004110
933.498867
930.621808
925.176763
917.838802
910.479303
902.732431
894.387834
885.861171
876.276603
864.130786
848.980666
831.619987
812.085178
790.742480
768.649097
745.979590
725.559393
708.507353
695.568901
687.044271
682.785600
683.529224
686.943936
690.442957
694.020422
696.747923
698.719391
698.594840
696.748314
695.106195
692.934918
689.997344
685.988180
680.701607
676.934653
675.025349
673.754356
674.051882
676.241384
679.883038
683.570583
686.161046
687.837748
688.478790
688.121355
686.658013
685.550343
684.819888
686.167310
690.043207
695.093920
701.165132
706.778598
711.610696
714.444380
715.007593
715.960631
716.993870
717.455957
717.585609
717.157894
716.417030
715.531090
715.166017
714.015229
712.938803
712.864319
714.155705
717.230242
721.298277
726.056923
731.884084
738.360849
745.355642
752.885801
760.768193
767.270780
770.207452
770.306268
769.251880
768.317645
769.103397
771.990840
777.725568
784.310834
789.910763
794.035898
797.036380
800.560674
805.139550
809.493578
813.656622
818.497054
824.923183
830.927184
835.299488
836.083774
832.646193
828.861222
824.999485
822.518640
822.443032
824.064118
826.495235
828.873910
830.157889
829.641955
826.957990
823.533616
819.123100
814.427665
810.790123
808.210363
807.231593
808.175733
811.204351
816.794909
825.183827
833.632632
841.932904
849.878043
854.976524
857.654184
859.185123
860.783713
861.435957
859.705347
856.656166
853.730413
850.371174
846.963021
845.041648
844.046884
843.952597
843.996342
843.975982
842.945850
839.743884
834.937524
831.852109
831.388219
831.336733
830.245055
828.246864
825.470508
822.469229
821.611261
822.506562
824.409678
828.431342
833.398354
836.992756
840.619823
845.986799
850.350933
852.581115
852.850587
851.806656
849.499385
847.243568
845.738508
843.180142
840.357194
837.352945
834.535612
832.079256
828.333038
824.027542
819.017285
813.700232
811.390364
814.013695
821.716351
833.518261
844.562155
850.858906
849.327126
841.640761
832.579945
827.984361
826.920136
826.512576
826.541170
828.459035
830.419411
833.064525
835.442405
838.378341
840.724166
842.010457
845.191734
849.225899
852.386395
855.494131
857.622059
858.868576
856.032918
849.657018
840.646966
831.199017
821.324035
813.743536
809.875325
812.980969
821.811867
834.748617
847.325621
855.998381
862.078333
866.481613
870.321140
871.037487
868.773282
865.818283
861.397909
856.378261
852.068419
849.127835
849.825507
854.629991
861.407847
868.854494
876.152423
882.402475
886.261524
886.989183
887.081416
887.607812
887.834227
886.297879
885.671441
884.596794
884.473540
885.891873
890.194444
894.997700
897.034855
896.507851
895.675725
896.212753
899.348935
903.724439
907.473994
910.866733
913.812536
916.711321
918.440225
919.266987
919.018538
916.408846
912.141053
908.091229
903.367812
895.914597
883.694017
860.237718
822.342406
779.763251
745.230270
723.972606
717.158667
722.293169
734.675539
746.012828
753.760469
759.670111
766.047838
771.431175
776.562822
778.196812
774.536322
765.598433
754.755273
742.865357
732.887520
727.337902
726.112835
726.623309
726.582012
723.712817
719.382015
714.139930
709.735231
707.696231
707.642881
709.365630
710.598039
712.042140
713.648263
715.397647
718.229136
720.679236
723.850019
728.135689
733.006672
737.956124
742.267452
750.050132
760.770924
769.286112
776.339865
781.465186
781.562625
777.055962
772.609301
768.680136
767.722163
769.825462
773.207841
776.393050
779.432768
780.129295
778.574059
776.229376
774.648564
776.001704
777.769375
777.872388
777.428760
778.626016
780.809451
783.273567
785.432545
787.777195
789.393821
788.620544
787.052635
785.744642
786.276540
787.719726
788.551289
790.347571
795.949074
805.559807
816.460794
824.514214
830.278185
835.015445
839.676113
842.664777
842.712579
839.630465
833.836046
828.753102
828.357675
831.202248
833.349513
833.945547
834.387626
836.225771
838.266960
841.637607
844.531594
844.923200
842.350448
837.540663
833.304180
830.509801
826.882445
822.133500
820.582600
820.343181
819.623706
819.810882
819.753045
817.551653
813.326288
812.397978
814.918844
820.116856
824.385786
825.455240
823.793476
821.487765
820.192994
821.430214
826.309261
832.435116
836.143039
838.110691
841.905750
848.099522
857.392818
866.310714
871.577602
874.304909
875.755340
875.320748
874.076925
874.856301
879.218600
884.875458
890.409409
895.515769
900.236064
901.878755
901.360109
901.016504
903.588704
908.256793
915.748843
924.766664
932.775491
937.450777
936.280192
931.124958
925.048252
915.648407
898.800470
876.533098
859.754019
848.100428
837.390483
822.680257
802.696289
780.545064
760.893867
751.578376
749.228417
750.713691
753.108266
757.479132
758.089709
755.675969
753.565401
751.835733
750.586183
753.291754
755.181373
752.621793
748.283241
748.033573
753.447585
757.534401
756.761297
753.589986
750.881067
750.472201
753.612620
760.768044
768.786741
773.446594
774.070386
772.462485
769.445613
770.367572
776.671836
784.116888
789.817065
792.995981
796.224477
799.799456
800.226235
799.453148
801.192980
803.963174
806.382535
809.707951
812.162456
816.358998
823.031868
828.998929
832.224863
834.828487
837.359828
839.771096
843.532010
846.323619
849.686373
854.320438
856.174672
859.223323
866.814915
873.394660
875.836293
872.809621
870.537569
871.839539
875.795314
886.009862
900.766380
913.814749
922.824350
930.345869
930.848453
922.321993
910.172579
901.707295
896.794797
890.711990
874.380869
850.885657
833.398053
811.226110
786.958926
764.481593
748.402107
747.235790
755.186948
764.136214
775.779101
787.955844
790.781116
782.360348
762.432495
751.217052
751.024357
756.727761
762.713761
764.595968
761.535448
756.213086
750.918507
748.391304
749.913134
750.988766
747.702783
746.306600
751.226974
755.525453
764.333472
769.537954
774.659034
780.069794
770.710460
755.686285
751.238764
757.519688
761.191555
771.230496
783.168859
779.856378
763.599414
748.047063
746.688323
746.000041
748.645664
752.650221
750.237247
745.965848
744.142766
750.630443
760.466549
766.467645
767.052062
768.698775
775.830996
779.677086
780.947260
780.237608
769.965171
763.313415
767.278395
777.524250
790.096491
800.029840
805.537634
807.442076
805.113421
805.558236
807.174091
811.045438
821.591270
834.725441
850.741746
868.807075
886.563994
888.830060
870.693894
842.115698
785.357334
706.865915
638.041582
607.710623
614.072798
624.703283
631.636457
631.648211
631.365808
635.213645
642.067461
653.347191
665.304223
669.194255
669.338452
673.525130
688.633778
706.642365
723.866735
734.333361
746.291055
757.766953
766.316772
769.694364
769.684921
769.884454
775.146145
789.691027
804.543437
803.820508
799.911128
810.915731
817.696979
818.932665
815.714098
813.888317
825.248860
828.861092
808.733380
793.257581
799.145484
816.989605
827.961113
818.693468
801.245048
792.891852
789.229381
790.588661
801.713398
805.477049
791.416305
790.222956
799.591268
811.616957
819.841537
819.103435
815.747813
817.395834
810.261690
808.320525
826.087163
843.262346
845.528912
839.521836
843.133572
843.315780
834.118444
819.185926
809.590870
821.879392
846.129682
862.401904
862.591166
858.645425
859.978668
869.626682
882.351835
898.205163
914.296863
928.777894
935.691996
948.959422
960.590417
958.697949
950.910822
952.807564
963.517994
961.197830
939.068306
893.463723
832.937899
777.974195
746.115610
746.003880
751.932631
757.170316
763.250762
772.945457
779.600664
784.069848
788.335084
801.525533
815.540981
815.598040
809.666049
813.885233
825.881414
841.067659
845.075919
842.051940
838.140550
835.602693
829.734356
818.606711
806.372061
799.162694
797.205780
797.457062
800.354062
803.478475
800.745190
805.068295
811.799389
809.207686
813.898252
822.844902
823.612384
833.922578
842.804181
842.696406
840.379885
832.389350
827.122887
833.315879
840.540194
844.328730
848.509777
852.794141
856.173573
844.434388
827.253843
812.186191
805.702017
812.150985
823.400579
838.881256
852.692317
861.245281
863.768501
869.955959
869.838039
858.525372
855.533971
858.980316
859.950591
863.972423
872.989159
874.662891
869.176081
866.191008
870.422439
879.157190
893.377233
912.301240
920.269650
919.868685
921.167712
924.343303
932.022552
938.432270
945.724549
961.773045
974.841058
981.909370
988.047779
997.049518
1002.577991
1004.823253
1004.050800
987.483099
948.206854
893.232669
839.953123
796.896387
771.371414
765.740444
770.144418
777.017988
784.822185
794.080926
796.204832
794.660266
800.941923
813.474924
816.143860
811.904634
807.504383
811.850247
816.829300
820.634486
825.472134
827.795672
822.951006
821.006019
820.735772
815.749239
807.640951
806.311255
801.270680
795.520026
805.076604
815.971946
816.165394
810.039480
811.666610
820.222248
828.158363
827.976075
827.048521
820.803671
814.676079
812.141769
807.506675
803.084392
801.333234
800.522042
803.090769
798.550339
788.975182
792.895592
803.785409
810.494674
810.289709
807.897404
811.090656
813.047341
809.349641
808.142033
804.230928
801.178299
805.349543
811.387727
816.718715
818.783630
823.386378
834.096423
851.450827
861.841558
860.286234
859.504355
859.217308
862.036040
863.036036
864.002118
861.279071
857.755899
865.930583
873.728945
877.810156
884.156824
890.355155
897.484516
903.605886
904.428689
907.604061
914.893909
926.540459
943.036319
954.902924
965.173255
976.639476
984.026460
987.745724
985.619117
983.044596
978.210557
959.516825
931.935402
887.248142
838.288460
818.966771
805.008437
779.642315
750.370215
733.674242
732.778459
737.464695
747.083244
760.006905
767.677021
778.447037
791.611317
801.320519
806.572686
806.466713
797.468807
785.911181
774.316800
767.960057
768.600424
765.437907
760.813011
759.842509
762.538875
756.391907
753.297146
762.925858
772.218881
776.423119
771.178838
771.152803
782.008719
796.978831
807.483109
807.689122
801.686470
802.220585
813.068549
819.544871
808.522857
792.793848
789.865080
800.941790
809.836184
812.222209
811.301999
807.762442
802.194806
790.472028
783.851266
786.605638
789.668579
786.391414
783.176190
783.468203
787.524134
796.922026
797.392758
787.481271
785.031087
786.000506
786.690186
793.033772
805.705778
821.885557
837.430449
839.962050
830.065913
817.572997
811.875750
813.869775
813.137787
815.465162
825.513031
832.754462
833.767985
838.154261
854.117982
871.211568
877.381135
870.506080
873.066778
884.247641
897.596467
911.850399
921.532320
920.925556
918.894161
905.146563
896.341104
882.941440
835.982005
762.501986
707.217169
696.646372
710.267656
721.893780
731.793600
745.654935
755.386378
757.250386
754.796123
752.721931
756.347691
765.406090
772.706970
771.615104
759.098481
747.082141
745.570704
753.433177
759.394486
757.709633
754.160409
753.912063
763.044486
774.185592
779.856052
775.629211
769.820524
771.018035
778.949255
787.024653
794.733335
794.748850
791.791418
795.977520
800.419964
798.883492
797.792907
790.893046
777.757511
766.026135
764.215779
772.015472
782.167402
780.924960
775.797718
773.662396
774.354259
775.520499
770.922147
760.290519
755.041383
759.857363
765.411383
774.912621
782.002763
785.884482
797.546704
808.585257
804.378576
790.335440
784.625312
784.829133
788.204849
791.987047
801.629647
812.992016
813.577051
807.985876
808.148753
810.860604
818.414698
824.448135
825.113541
825.252176
838.194357
857.383901
869.779295
873.333496
878.768189
890.605684
906.183751
919.811667
929.490046
943.710528
959.209281
969.924079
966.013779
944.428756
901.830305
840.090328
794.257545
760.570859
740.078628
730.490708
735.860936
751.350487
768.877471
781.350179
782.994257
785.690748
802.925697
818.612701
822.875129
822.505497
823.106900
816.086439
807.368753
800.952486
801.061153
809.600032
816.712365
815.629770
805.309691
793.635076
792.497770
785.203345
782.783305
793.503867
796.569334
788.625239
781.939351
774.876253
770.524402
762.985280
756.659266
758.468037
763.561098
770.422408
773.119432
770.591919
770.875445
772.914158
772.167923
772.996448
775.453316
771.424398
765.926936
764.554112
761.413147
758.749895
764.684109
769.544192
767.083383
770.765932
773.898317
770.688740
769.356885
771.709277
776.374173
785.224454
791.470643
795.895306
799.885897
804.551761
808.827455
808.123293
809.325180
814.002663
824.546903
836.083242
838.429729
827.703192
818.184898
817.402319
823.339905
833.171977
832.828842
833.041773
850.852847
874.032248
886.446174
885.442841
880.535308
880.325177
884.755768
890.611501
891.886244
895.145928
896.139656
898.519385
906.835881
917.552810
932.782437
954.206013
972.345309
981.419560
986.607919
989.583065
991.842864
993.033327
966.641137
898.448670
813.669318
756.463504
737.294428
748.943130
769.619074
787.142106
802.262342
812.804285
813.008095
808.852249
805.318261
808.115698
816.313628
826.571078
834.346061
834.343704
835.193298
841.522785
851.368604
857.315258
864.718249
866.050951
848.525850
830.616389
831.901985
842.553872
857.806590
861.577123
856.022281
851.264407
856.112677
865.861025
876.470447
876.027615
859.624026
844.229217
839.077375
836.753051
836.258815
840.328960
848.163209
856.152927
851.331453
837.483816
831.314762
821.048746
818.404563
824.287172
820.542272
813.550645
800.949865
796.916892
798.661728
789.501838
775.243803
773.500167
780.564673
785.198931
791.266655
788.851319
790.844210
800.117022
795.371809
793.546134
791.621497
787.442000
779.950839
775.147523
785.007420
802.156092
807.449506
805.692818
798.579054
792.185106
790.691891
792.806192
800.775466
820.130524
827.952326
827.268792
828.161439
835.722875
845.355765
842.745368
840.438359
851.713903
878.051608
912.020133
922.764983
911.026887
913.768891
928.810231
931.542409
914.776229
887.309338
833.146404
759.913575
735.511448
753.597826
768.967637
778.923665
783.794960
789.359905
793.165775
784.422543
778.176651
783.533508
788.040192
788.305836
784.861890
786.950531
786.865966
793.503081
815.282630
826.518569
815.916899
803.127113
815.371869
821.256819
810.614523
809.552002
801.578558
791.263902
788.296294
797.376048
809.103745
809.917149
802.227649
801.635567
802.818359
796.016834
790.108671
784.882052
778.065650
779.839781
787.062848
782.485932
778.710673
775.707126
781.371754
778.120955
771.696092
781.887308
781.423892
770.378834
764.526463
763.717584
755.539469
762.477628
777.997404
779.652570
777.035425
779.795154
790.858506
796.001345
800.048293
803.457743
805.719577
813.671660
822.120545
820.807759
821.725415
834.285710
848.291008
862.583073
860.811033
855.137457
853.408152
842.952719
829.158672
832.570799
847.630723
847.827018
844.037850
851.041903
865.892621
874.496386
880.828115
893.126302
898.821190
898.127150
911.976014
937.215384
956.530148
960.617222
944.952216
909.344021
877.231091
859.306706
856.825607
849.755564
843.937951
840.609076
831.874966
797.910789
765.414127
759.707583
767.703734
777.807829
782.404665
775.621975
774.523315
800.956459
826.132248
808.093872
778.638984
758.312555
765.520651
775.885368
775.879165
776.070120
778.621059
780.321633
782.402524
782.290785
781.351689
767.115498
744.124505
735.393420
750.883065
765.740260
760.948019
740.604540
723.814977
736.375614
751.307771
755.005500
754.052712
751.961777
757.600112
769.954825
776.896874
778.623595
790.062248
810.846513
827.885056
837.517976
844.159097
861.961106
866.676479
862.383387
858.883075
854.583039
861.168257
869.701936
821.750774
711.931815
644.236123
647.022798
656.078404
659.818762
673.582699
680.972603
683.652946
700.581190
718.675756
717.803238
710.162419
711.380308
721.549703
734.630529
736.897688
732.463124
724.093599
710.215544
712.550947
711.325795
702.102212
691.098471
695.841030
715.280486
720.167896
725.760079
727.187946
734.450020
729.235489
735.543350
750.895501
761.142530
776.328055
788.009508
792.329465
802.888013
826.311638
853.077292
876.841220
895.391231
898.245418
905.276433
893.840384
826.325000
711.565107
665.270495
678.811911
696.206964
712.853348
707.231077
698.632353
697.433464
697.731637
715.230809
729.854714
756.125805
763.755281
741.888796
727.949687
739.968130
742.096668
742.019021
748.393211
738.485275
737.190367
735.989092
731.702738
725.422501
714.300059
719.054642
739.718668
753.592622
754.724251
754.515371
760.428224
767.735228
773.576718
786.467157
798.646411
813.291018
823.507551
830.159588
851.086462
862.057975
883.840837
888.146793
877.859616
851.648161
737.639005
661.339782
677.182794
707.376319
712.957068
701.605565
708.451107
735.542583
745.802727
726.959082
698.809243
697.909257
718.309682
728.445490
713.782681
729.643731
752.365178
762.905158
744.586585
736.419396
745.712291
748.390057
748.807819
734.591754
719.368157
725.245490
745.896746
761.930661
782.428245
808.170367
800.255964
781.383870
792.199201
804.237368
814.140830
824.805783
826.980822
815.908747
810.887983
810.774844
822.508287
829.159501
842.471016
849.318147
863.494479
875.926763
884.709806
883.836378
887.873898
902.275564
921.344479
933.438223
917.585772
874.203350
779.032148
696.744006
692.095665
714.650050
735.856368
748.620672
755.560532
752.645249
767.080652
787.677744
800.658090
806.798994
814.473511
818.182449
797.980534
772.693481
769.585058
786.233382
792.688926
802.512588
814.993827
816.165708
809.364689
782.378794
780.836221
799.579863
818.984144
814.440799
793.565243
796.395636
825.970051
845.099141
829.555828
800.524430
781.855186
783.927673
804.922960
825.232551
824.909974
797.792234
795.034380
812.730279
827.577194
822.852851
823.607737
841.367316
856.206080
848.478460
848.848955
864.379420
871.035665
873.889018
872.863331
868.770443
852.962043
866.426680
889.864291
909.906487
927.294787
933.361901
930.091155
938.263642
947.619534
942.382199
951.028548
957.272857
935.914395
854.805432
780.312641
789.226765
836.342909
843.625853
826.017045
817.331187
817.104376
827.414388
818.286373
816.011749
828.674779
857.719656
866.481037
862.194701
849.308244
840.622993
852.001012
856.839735
851.533534
859.486631
875.934340
874.289647
867.423769
878.646543
882.670438
877.471155
872.548657
865.611487
863.689463
859.120076
859.689707
861.988417
856.763290
822.785200
821.300242
836.985784
840.319692
832.885885
829.114717
840.170395
853.349665
854.634860
853.275967
869.030254
896.051998
903.269838
880.987829
863.333976
848.721640
834.634216
826.761494
824.561985
833.371099
850.187190
871.377322
880.265264
863.181296
842.468011
843.449189
859.558057
881.027236
893.987964
893.384795
887.523213
884.005916
893.337912
919.309405
932.285242
925.307371
916.333863
928.572636
948.256847
958.502741
972.030446
940.760931
905.380420
915.254139
920.413371
873.564399
800.466728
755.580765
754.212309
760.438276
785.987904
808.899745
818.889761
831.279384
821.487981
803.759267
797.243307
812.235864
831.005088
820.206581
805.409748
822.197320
836.517631
824.658872
804.080790
798.259148
795.841200
800.222415
814.037753
834.422541
827.009853
803.992253
802.987084
806.517139
802.579792
802.787693
812.563790
812.148636
808.863914
794.987530
784.642995
787.148558
797.922479
794.961887
801.676803
810.907008
809.381514
820.770919
828.476724
816.889547
817.470961
830.761138
838.589664
850.049532
859.612336
862.398433
867.813636
882.915170
897.960985
896.901834
891.198627
900.552989
915.797894
914.045918
905.773415
836.319508
748.200859
707.606175
699.865017
717.419836
738.008945
734.850178
730.927492
777.411781
793.771023
779.015298
772.798357
778.983209
791.172506
797.039020
792.211885
794.901344
798.808076
784.284150
784.754368
794.235442
797.037439
806.331863
813.505227
809.071343
796.043835
778.152707
778.309471
793.028852
801.245013
796.754400
790.656034
797.080923
815.106803
818.778482
816.013573
823.857081
832.872403
834.045221
822.635901
806.493933
808.943858
830.587976
844.589798
843.778307
843.186105
854.594739
870.150007
873.986886
875.689132
885.434548
884.681815
880.024559
902.090818
909.861678
884.011853
813.895685
704.132266
629.508455
633.004643
664.918143
694.098477
716.032948
716.321932
707.387699
697.796064
687.537280
705.847152
734.266694
752.895392
764.632222
768.295130
771.413140
794.275908
810.646139
818.402640
823.978622
829.455290
822.580179
807.765694
812.622232
825.349294
815.856974
807.763849
802.825767
804.331909
809.850013
818.760990
822.339683
820.475649
821.182340
820.175457
833.901796
822.767705
817.006628
822.502948
832.892435
841.964770
841.739927
839.932107
843.977516
854.868963
855.255926
865.936007
868.607191
865.848592
876.857181
886.726430
899.052216
909.507102
904.313727
906.220165
922.594833
906.363246
859.675502
775.512928
686.813031
644.048948
657.142956
689.505572
709.747342
698.865039
689.480151
705.759202
729.226115
740.891447
744.355386
753.649290
763.724640
770.645882
771.823565
776.660193
788.699796
788.511796
789.720203
794.557196
793.734816
787.536566
785.440662
792.076173
811.342926
820.406797
824.923896
823.132012
810.303021
800.303219
787.394263
796.334988
810.688434
805.229028
799.834343
796.425167
783.752063
770.828572
773.169528
788.204007
803.025773
811.112293
814.673071
816.315780
808.626492
793.515758
798.238730
806.039788
801.623915
793.667895
800.091163
805.945863
794.933226
787.940457
785.870494
783.330220
777.892731
778.827866
788.414069
790.259725
797.993236
814.632441
830.487652
834.939352
836.596823
846.922512
861.148310
871.968073
878.039940
878.519865
884.661048
881.541874
857.265705
827.717990
757.173065
705.402576
687.702472
705.430393
736.456316
749.787986
752.935564
739.988244
729.785741
734.139086
748.099235
764.608224
780.133447
787.114195
783.924732
782.985536
773.929480
771.514581
777.125437
797.378066
794.575960
784.179931
795.691554
822.709537
831.132352
831.608453
840.340948
855.175293
881.146683
898.360554
901.290888
895.529976
890.907188
883.037190
847.617045
788.470286
743.590354
719.523979
698.076369
689.342316
695.568359
708.021292
719.543025
723.078595
726.958770
735.487377
748.933907
761.520817
765.766501
764.179040
766.686781
780.147496
798.502675
808.188015
807.370183
800.766085
805.985268
810.468719
810.268705
813.811682
813.331460
821.563967
834.500082
837.967201
831.433937
824.904109
818.686772
817.256862
826.424494
839.713859
847.661117
859.403083
864.854465
868.518585
874.286993
883.106475
890.176639
907.639589
942.713595
968.399060
967.010110
969.326423
984.489093
974.750940
911.912358
820.073709
780.126901
802.048284
815.483226
813.248309
812.739705
837.149251
860.142301
881.848899
905.082283
918.559533
926.000359
914.338441
898.736618
894.808604
893.583423
890.954248
896.768162
895.400557
884.932508
888.193445
892.241301
879.336525
878.529368
886.308055
887.613710
872.415680
880.642039
886.120168
870.327100
870.311266
879.020337
883.836350
879.414463
875.360747
874.091263
892.385380
895.854458
900.421919
901.327953
906.566860
922.325495
943.832940
956.213078
964.467753
949.111822
897.593010
840.175709
791.919042
735.712814
729.637126
747.717261
745.077666
738.001062
767.240969
770.158368
755.371573
762.700006
791.940343
823.449291
839.987059
847.633459
843.055327
828.730258
817.052200
825.243750
843.886813
842.405910
840.922559
855.605204
868.665870
872.422741
880.163570
883.959820
888.969030
884.042705
874.608863
870.389388
885.671922
892.971121
892.420139
890.725956
900.644036
918.206622
918.174440
910.628482
890.132884
834.882355
761.731078
680.495078
681.326780
714.339136
729.732657
729.500330
742.318631
777.281285
809.985692
815.052618
810.103740
819.661442
829.471469
828.693127
833.019187
845.130091
850.207261
843.949781
835.113853
819.250852
800.396996
803.564842
834.380487
848.915429
846.896848
848.539187
863.231289
874.093340
878.534584
882.069660
878.661779
876.118229
882.796414
889.590110
897.350936
906.823304
900.281098
883.106601
882.732175
902.695742
918.929476
930.918351
935.965083
932.033763
923.785467
909.652790
853.773938
760.593441
702.403304
713.150861
734.097770
747.957229
761.903751
775.804195
784.334860
782.119459
773.511862
766.888519
772.154098
773.891478
786.512146
813.332216
826.555647
824.085785
821.454013
827.814196
837.383949
845.319191
845.057887
835.892949
827.800173
835.185535
847.751315
867.616039
876.411769
873.604147
870.040323
868.430050
873.927143
878.908648
880.804300
888.839437
901.948455
910.109553
915.131983
911.224447
865.996749
776.338358
748.023354
784.972148
830.964808
857.019117
866.853364
863.636633
828.219340
771.482175
724.236446
718.244573
753.152591
777.064090
774.239807
764.325274
773.787834
792.873375
812.059532
826.763556
852.870272
875.405671
886.944452
895.405418
898.330560
907.051435
903.890771
898.491936
908.784644
882.715812
802.268548
798.181135
828.189948
841.345627
821.253743
762.557201
671.960112
625.530546
625.031944
630.596883
638.427257
650.815574
676.843946
698.969901
703.597554
683.704495
692.482367
715.440540
741.444320
756.384658
760.143475
755.284665
768.028213
793.220303
820.563748
841.273595
807.166391
772.441595
788.752522
827.811608
847.500834
833.397702
832.476204
847.408155
837.490651
835.191423
834.183317
835.931674
839.680677
845.371829
853.968259
851.353067
849.822803
860.474611
880.280409
877.793281
742.575952
629.534517
651.999622
689.198111
699.347375
686.631339
707.036874
716.766045
709.241131
714.296297
720.692151
733.155175
753.289518
765.673372
769.845114
771.926124
771.102694
784.104773
799.890011
802.197860
802.501942
797.242011
802.390222
809.998576
816.562140
826.798576
832.043730
832.521586
844.041920
852.158861
862.040283
872.002861
873.713165
885.074399
899.502364
908.396037
916.252108
914.815566
881.683486
799.296238
773.663693
818.594404
844.039956
856.273363
883.471422
905.351371
897.117545
861.724675
783.570483
705.347867
715.976090
734.298241
755.050429
770.705114
787.492982
804.851265
818.347662
815.580162
812.878488
801.164152
790.685460
792.051679
798.390787
804.048859
822.629046
854.897874
877.684951
876.676230
868.200087
865.180192
869.224349
874.786431
875.079775
880.770331
901.295147
927.057458
936.796415
919.999933
865.009439
731.805110
646.172549
647.876420
673.450146
684.003305
690.388233
709.745860
719.180515
723.151757
739.022961
743.360985
736.311013
740.622417
765.700182
800.346088
823.665872
841.580941
860.785598
870.330814
882.964583
897.045498
902.002718
901.768098
892.023505
899.409557
915.088380
865.616861
692.178706
616.361818
671.968601
731.958282
735.405868
731.193047
730.769798
738.873749
763.825787
775.622598
773.505669
765.963312
770.780420
776.164800
799.014857
823.428264
828.840618
843.866028
865.899954
869.029870
870.406672
887.966647
883.227851
794.539545
662.429873
630.237683
664.131390
707.054190
702.274910
702.410533
701.840208
678.683053
699.703282
749.992723
758.309894
748.714089
733.935557
705.947699
725.460834
746.105968
741.389361
728.089651
733.576856
740.156863
760.847418
788.197663
796.462953
827.042390
832.254326
820.783506
835.623006
842.062733
814.598053
779.872065
769.854076
754.838179
660.485643
641.885893
679.279568
710.349884
737.232054
778.589687
798.188764
801.814082
791.562130
786.941520
702.764870
598.758204
615.618695
642.358256
649.025326
658.666511
648.104644
639.520395
653.521196
675.168625
691.405053
687.148026
693.260613
691.703537
688.422276
705.301927
725.123330
785.538125
822.109155
820.498475
765.426131
587.295903
521.165269
544.442332
571.981543
600.557506
634.478504
652.394522
642.150055
638.175828
641.033107
647.542575
650.686997
662.116365
672.778710
663.970488
656.045384
665.277373
687.294482
700.551149
707.108218
707.119454
706.597398
699.191193
704.269717
728.495711
741.767084
740.278433
742.964320
741.205367
746.791293
761.925778
779.995250
785.979787
790.693629
818.449715
841.139946
841.173129
836.346835
744.737852
579.283663
541.639460
584.032989
622.640812
629.082233
640.258436
661.281371
683.225725
693.120027
703.164497
679.471132
678.235047
691.998060
672.841691
685.561120
715.677048
725.031406
727.487998
736.190367
744.092973
741.582057
744.121087
734.972703
742.292309
758.489667
783.728203
797.990854
808.032920
817.100248
831.262746
845.421217
851.662544
892.877415
915.386508
910.917797
822.489148
646.966504
635.947067
679.342639
686.407480
684.722656
692.293746
706.286742
729.100108
738.636769
749.488083
777.770554
787.661776
785.562384
810.737648
835.159183
864.039559
898.120746
912.603569
890.163851
840.854030
697.004333
621.801806
658.562896
686.425184
712.687903
756.109258
802.715020
798.121221
777.970343
676.715573
613.020864
604.768055
620.769764
647.823684
665.307754
658.288813
679.076792
680.542151
677.231848
674.737083
680.779192
719.293142
719.893645
709.409730
702.505706
708.578084
747.396485
739.080453
728.265782
739.165950
758.695789
784.676463
781.544195
775.953502
776.800973
777.391507
784.853196
807.273230
840.770019
879.301164
886.303248
869.055235
818.833672
664.827456
562.889786
589.288387
625.237981
648.606711
644.273410
627.891435
653.536646
643.815654
654.217004
654.111701
666.369795
682.810744
686.672493
673.383109
672.885381
723.794346
759.212659
770.484208
769.899767
783.833368
776.950892
786.794501
789.782894
793.145682
792.155109
797.436653
814.840596
825.202617
828.445439
844.214048
862.617430
873.029500
862.923221
792.723545
630.981958
592.448111
620.186516
625.582538
643.710307
671.924930
673.213666
671.469104
677.337574
682.350472
704.189247
709.679029
726.445399
752.469043
739.273182
731.922199
747.547994
750.769161
747.093675
760.406832
748.261722
732.370019
742.240755
762.937591
777.920884
775.950259
781.092838
788.661775
782.144883
783.725782
792.680336
801.326449
804.440604
820.223581
827.733640
847.670115
845.650629
849.716342
880.867666
904.513926
910.725714
923.598511
920.588446
887.314936
769.390248
641.865695
648.631780
696.208811
721.893337
713.822017
713.434371
696.829897
691.667580
719.598250
741.212677
742.506907
731.486837
730.363700
730.787928
745.467866
767.952569
771.127356
774.415167
771.327551
745.092976
737.043711
750.759920
782.948433
781.658285
777.942521
781.430208
771.626128
768.758821
788.660441
806.104481
805.438497
804.458987
802.820709
808.580306
817.483265
817.128891
826.031553
831.571547
847.073405
864.127959
890.656144
901.820844
871.276669
804.203142
709.643858
637.326180
620.865891
639.919577
669.385417
650.457260
633.134650
648.088629
661.333642
669.649622
668.201981
686.843636
724.655574
717.348555
695.832539
710.928103
725.632862
722.230849
711.935087
729.588414
751.134674
748.989041
736.461321
758.410516
775.546927
767.083278
755.824340
767.390443
773.627854
782.043285
801.483522
816.625989
833.555208
839.428828
862.114585
888.932689
893.239641
878.324567
846.721527
753.204273
713.192959
718.922898
716.519545
705.266765
719.489992
722.101268
734.868608
732.831831
709.189403
727.046385
748.475186
763.620096
792.690042
809.080501
799.084141
795.057323
818.629571
844.211753
871.346135
898.944864
913.120346
916.347372
813.107674
639.673709
638.928473
662.514674
680.704873
705.907089
730.482510
732.203174
722.128090
731.020395
763.474207
810.446162
858.164714
877.473809
866.685912
854.196226
764.793076
696.828749
695.487878
686.056327
656.520368
665.837595
698.855581
710.168924
711.005598
725.857086
736.777684
745.542434
753.157001
755.149653
756.474902
767.923599
775.153357
780.083835
781.314659
787.191142
776.175059
775.809445
796.680680
802.342485
785.321728
780.711509
796.674513
801.065193
789.131519
786.755920
787.294795
802.203156
815.830651
813.797103
810.112750
818.662475
833.344909
847.560949
852.783481
863.962610
872.160790
887.764396
856.947818
763.769849
637.035953
624.670388
671.346371
698.075884
685.815726
698.043974
739.792498
735.957862
756.681763
783.420828
786.978383
799.355525
814.131324
826.445741
839.772508
834.835210
838.033928
867.125062
895.834253
901.044298
902.571547
902.711974
866.178020
779.358380
703.094397
695.603719
708.996255
698.504653
739.649670
783.908859
823.017739
813.780116
798.857500
818.516929
772.068829
686.139342
687.006033
726.883009
717.702427
728.510394
744.874232
749.648347
760.999753
752.411419
748.680393
761.447420
779.679517
785.276353
802.673669
826.147799
836.605129
842.672212
854.619572
885.449940
892.544085
872.259772
839.381692
812.736804
774.064434
743.202209
732.846693
724.691270
734.512512
730.013324
732.852959
763.351202
794.605158
801.541273
792.216520
809.500550
798.276712
787.009803
808.292023
821.842257
847.344289
861.250344
845.943182
845.765351
848.902380
856.266163
862.076704
867.309596
895.745851
913.124545
913.429949
889.619881
845.917511
805.454599
721.836740
680.616370
697.792311
714.928719
706.821691
724.511800
728.651156
762.350199
785.024993
784.790377
775.341918
780.420300
788.727254
796.228488
805.558765
831.422220
853.827696
855.834543
889.701326
929.347355
930.946120
911.580357
843.861011
725.169260
646.218280
654.585484
664.802206
687.028616
721.840230
724.943293
730.839703
743.046443
748.721778
762.611971
769.331151
773.557282
787.592823
798.778565
815.856941
822.666122
853.636083
904.485858
928.955388
923.167152
869.183795
777.761650
670.621490
612.629617
610.372840
636.092486
692.330726
687.330606
681.017872
692.649305
718.075578
728.450946
724.559323
734.131195
759.103005
787.006372
771.640065
772.390103
814.650780
835.729038
833.231365
820.986189
817.376980
834.973027
851.326056
868.295945
876.834903
901.482909
927.811492
928.352675
926.789910
904.437535
791.542006
654.586597
695.902832
726.182840
719.656156
730.803169
727.641937
703.221912
668.698712
701.693486
745.665904
784.405122
795.383908
796.414596
799.102384
796.748398
818.006460
842.707176
857.607103
897.165518
923.857026
886.662858
744.855304
591.492881
637.853802
705.202720
741.046237
743.479804
750.897965
770.008696
802.843207
841.138603
866.645739
880.843271
813.835099
604.347531
537.033199
594.646498
632.366603
638.909148
634.222163
657.654034
691.743188
712.136183
704.008708
691.610763
705.551941
725.256661
721.086260
743.257789
754.051002
762.282796
791.100983
778.354914
796.116397
817.686056
835.039309
862.735563
893.280982
919.129891
934.030141
963.462452
952.348688
870.653809
765.496643
780.056898
799.519450
815.868473
831.781653
808.424706
817.945033
849.305823
869.922348
910.631222
935.345850
875.210558
673.390005
599.431629
652.960401
676.346729
672.771141
710.246746
766.416102
789.110817
762.392572
725.824322
755.086156
774.170284
782.580491
785.536586
770.259869
765.074733
809.570832
825.826304
810.309259
839.507201
879.076250
879.173326
873.821256
895.833167
925.127028
948.438601
921.541509
767.936428
678.741623
722.175672
716.288041
720.036690
809.786559
856.431726
845.815952
815.368005
796.635394
821.977777
842.293545
842.135687
882.017415
921.766359
876.997600
718.784152
626.556186
670.263360
694.477850
714.917193
735.843625
752.571543
732.089931
744.227916
774.841829
787.133982
794.967478
836.737710
851.111771
821.193626
844.248199
902.898119
914.099856
841.014914
680.254380
624.295278
647.155205
664.323137
669.878432
703.932611
750.911091
739.603377
702.207304
698.459577
734.865378
731.860421
735.311769
751.538265
743.358522
732.659301
741.599676
765.708734
783.613893
779.681445
777.578911
792.875154
791.057958
812.129097
841.405069
835.420285
843.079832
869.979147
876.654024
876.713620
881.494825
833.409780
731.509641
751.156241
768.894084
709.534327
676.238756
700.132800
723.702060
780.660688
821.837596
837.712146
827.849259
829.317614
840.367233
826.301605
822.289068
826.863247
838.263878
858.569063
897.726331
905.365100
903.712158
867.675620
722.439420
564.046211
618.267617
658.136868
682.568836
706.234349
691.826870
706.428359
740.185800
762.676053
759.133993
753.478700
751.903403
762.980536
805.604197
824.302447
824.616025
820.749671
849.180668
857.637999
849.477192
877.837413
904.394261
913.296389
858.456000
696.918433
546.142663
572.051725
596.602155
621.544423
640.525628
653.046816
667.388699
698.147257
706.763848
736.533389
750.956918
759.112134
767.229759
787.238326
785.603274
781.120724
779.559208
811.443363
826.203721
844.330686
894.906549
898.355181
828.155466
682.597852
599.953210
652.345511
728.137412
790.146576
752.709545
695.199046
640.378867
749.046410
826.813445
858.720557
865.838185
868.461911
890.544744
900.583296
875.221782
765.072849
625.349668
667.792488
744.791052
771.830357
785.230725
796.418955
817.945644
822.548899
823.821482
808.835797
783.625615
820.446727
860.795328
879.475828
891.864839
892.757497
825.154580
620.273194
563.142672
604.950568
623.655926
621.333584
633.567496
671.089453
688.616433
692.722758
716.459429
729.798971
770.252366
794.394498
802.050128
807.337306
827.731086
883.841720
922.865114
895.037514
773.802821
727.254066
713.240858
751.932498
809.340969
836.548560
842.973176
840.775055
862.722241
875.946602
874.364666
898.444827
929.413756
967.331198
959.736056
846.477221
731.402560
774.508166
837.367993
871.183639
815.953558
644.376254
562.659315
612.167009
610.100488
588.151490
586.763655
587.890019
598.752491
629.574792
672.403732
679.184575
684.681141
723.762550
740.760537
730.977340
745.510124
773.376077
789.265616
799.636384
823.944761
828.400287
832.848946
844.979187
846.488846
848.619257
857.346079
866.353077
882.582991
904.892955
927.540830
943.856121
912.668898
723.928289
569.710878
618.916079
688.947776
729.465912
742.216193
759.295226
836.040245
904.198473
918.832427
835.707845
675.082729
662.586170
657.663014
650.563330
676.708638
730.246442
776.235146
800.190252
811.765851
809.914641
803.987074
801.814281
799.471268
794.367879
804.164793
813.560760
840.099292
850.206476
832.914245
833.583707
863.599084
886.087396
933.484428
936.444922
851.336292
631.640669
560.026474
606.258256
637.280729
621.174526
572.442789
571.639081
604.657512
665.775838
737.422286
744.397319
722.413427
726.793817
768.232507
790.580664
805.977566
809.110196
812.606521
830.752390
840.013313
858.822731
901.871555
935.954342
939.206789
847.045522
621.333932
590.200705
660.065879
689.258415
678.356437
659.559101
657.270993
675.402486
713.797672
750.326075
736.693736
741.205655
747.172742
760.464049
761.129334
780.592446
788.232357
779.609859
762.699027
774.041777
798.998986
784.760208
794.005399
810.594976
804.746363
804.557372
798.988633
795.982173
798.378081
798.004685
788.211994
771.641386
783.329270
808.282842
824.319470
843.649099
856.378900
801.253787
635.013207
574.198076
630.895011
648.307656
640.379054
663.948217
653.519306
665.877894
702.608161
736.276353
777.300254
798.418432
806.343116
829.269402
867.338560
899.505406
905.146877
849.071603
730.431484
627.577043
597.175127
605.135116
627.951014
651.602849
654.360894
672.890227
691.494374
710.989008
745.456806
757.994395
751.127786
756.850808
752.092373
773.395241
756.878380
741.116757
760.789906
766.533971
762.703734
783.256267
811.159650
800.052406
789.188596
792.513706
802.036305
803.330840
782.233178
794.231013
822.992399
845.761922
878.669846
885.809197
888.861571
886.190827
813.935239
651.323704
592.062413
598.212720
584.522678
596.139522
591.509622
606.412769
671.517750
706.508446
689.972718
657.347164
670.900273
684.404028
675.129469
703.601242
730.436872
739.226654
769.091494
781.628394
782.749418
756.103096
744.841207
753.579191
751.639283
760.200733
772.867779
781.873618
779.829647
779.486085
806.004749
826.012868
819.513096
834.806353
856.516032
861.889308
873.599169
864.734802
782.604705
628.817898
592.783066
616.715486
609.884521
605.111123
632.773464
660.542526
678.759902
689.367930
710.441719
726.957776
737.971217
730.458411
702.854314
707.562210
758.737669
786.027034
761.543568
737.821075
741.991267
746.857220
742.997635
774.200302
793.923987
785.573938
800.931558
808.230492
789.777144
782.578506
773.795711
780.008461
807.681687
818.607811
815.799259
817.360846
812.024724
822.047887
825.236153
833.246879
839.454790
872.370748
913.338817
920.846812
910.520073
881.190066
756.707528
656.332386
657.841186
645.833357
671.452517
696.132198
694.297388
685.805103
688.852433
697.451481
724.760748
715.736804
702.461487
730.460466
740.337832
735.372808
751.226602
734.710777
720.386949
740.240928
752.314165
752.584262
738.444837
746.605105
772.249707
780.386782
772.089018
777.250005
777.312781
778.899064
775.062257
781.291767
803.402302
828.806305
832.986026
836.237399
844.442160
841.980482
846.533929
846.770421
851.805380
889.883449
937.396499
948.033911
908.742727
845.371500
692.855741
608.952138
589.905947
603.666057
627.745396
619.753083
628.965223
643.972378
663.932832
663.275449
658.864215
652.289358
684.902638
722.270614
738.301571
727.614206
748.263625
775.482060
801.075258
801.434593
792.166695
805.628171
828.951902
832.800181
836.496787
859.343327
895.318685
931.611541
890.105072
805.512670
720.948196
654.851387
606.810378
623.270323
637.715572
647.349459
677.946100
676.985160
666.330703
676.142994
703.033297
722.267242
722.164522
735.135115
768.037656
782.150983
777.355756
787.730076
794.130655
810.361175
827.396068
858.241494
897.128473
924.879705
922.543493
912.387912
805.623890
654.959679
628.985512
648.394157
662.358991
664.941054
676.985193
691.589241
701.972236
697.272942
714.638969
695.440125
699.239409
713.141896
726.576843
752.325419
761.872273
756.364594
741.315333
736.652516
744.731924
755.225694
754.618259
750.305359
762.951324
774.376124
766.476827
754.993334
749.473718
754.740416
788.022420
815.490331
823.697167
820.824549
819.903060
826.969212
845.004032
864.263900
890.961621
904.589433
906.545294
890.224032
763.673638
616.901426
595.543203
628.164267
648.604262
642.822691
647.570255
650.594606
660.143375
670.629284
669.283950
684.824370
707.325619
722.192667
717.429769
701.137507
701.819686
719.458513
728.043381
740.116358
753.821162
758.184285
749.934905
761.274645
790.621518
807.731380
821.445807
822.968897
811.439214
791.132191
784.587856
795.935934
810.977977
821.282338
826.219597
833.902072
846.017869
873.562552
899.351663
904.382282
906.673364
883.210120
749.813131
618.197046
613.269777
628.236494
603.284662
596.027781
614.739955
640.368955
684.790535
746.601401
808.787046
835.099979
841.240650
760.289279
621.384107
582.593303
607.527602
628.203127
638.108266
653.325968
650.393725
637.205509
646.145851
666.444761
669.797300
656.179299
657.724658
688.413826
721.549596
739.446018
744.468075
760.754316
778.180388
796.961232
803.466193
798.396849
799.915401
825.263814
847.479819
860.940687
875.128045
877.028093
881.089145
885.302224
864.664360
759.253104
625.975379
620.228623
675.059772
717.112590
744.724689
686.751194
620.273028
642.672920
693.937886
733.851372
750.849114
744.931931
696.859104
599.418261
538.521437
545.158793
554.398287
549.766250
554.070417
574.038928
591.911382
605.948904
593.435647
585.246352
592.014537
581.028744
582.244917
621.617832
647.420129
641.945795
648.349929
661.729729
671.828078
673.402139
676.864586
697.716170
704.213404
673.866258
667.883226
703.372725
730.031699
745.445646
750.503537
758.082188
771.585560
783.229792
829.098327
874.834231
868.286618
816.988318
701.328944
603.233633
569.175027
572.426103
575.913557
572.415516
566.467412
566.147977
569.986827
589.718731
609.974154
626.846648
641.084290
646.404509
657.222383
666.289695
667.620442
677.165765
676.315587
673.830586
682.391741
705.483343
732.295779
722.485338
723.295537
730.024527
734.335649
730.042006
757.164907
801.135217
822.652889
838.569237
851.342427
857.422325
872.948866
816.599055
660.970862
538.611131
526.549741
550.380806
556.655778
554.496257
558.203751
550.789376
552.562406
573.534126
595.529935
598.525839
587.389548
591.327135
606.915791
605.959423
616.038617
626.292202
634.396400
639.951235
644.250713
663.052202
676.072327
678.177803
676.080273
683.781659
699.474195
695.699139
682.546022
689.759971
707.192589
717.982310
727.972342
741.991808
746.592174
723.106383
739.318930
770.101644
792.401063
809.993904
816.542751
830.652448
845.169901
862.029336
876.064080
866.846873
808.271507
657.745736
537.441619
509.938331
525.772752
544.093331
552.045783
551.961799
553.189012
556.553658
560.224309
572.530971
587.778021
591.220597
607.127992
617.144218
631.434514
643.225180
646.736072
646.089563
656.544865
670.056469
688.929665
685.147110
684.841858
698.815630
726.697728
747.261591
741.889917
734.256754
717.674071
728.712423
748.605566
761.099456
762.093160
758.480868
771.931175
788.253745
792.864871
796.922630
802.257046
820.382081
849.319528
845.535041
821.308218
759.490521
615.070977
542.928792
540.512131
578.289189
603.841209
619.610369
670.397868
720.917469
738.309764
729.558103
681.790610
602.245568
603.769422
623.956758
632.119672
627.375662
629.893527
643.327998
644.958413
654.616349
679.771298
691.965476
727.123820
724.282410
701.247733
694.793045
707.649674
728.149164
749.235634
777.614016
799.959221
803.394744
815.517763
826.520171
731.857535
614.073093
573.540352
586.116822
583.624865
585.902383
608.668132
627.169106
606.519552
617.107610
640.415710
668.621387
669.475643
674.752598
670.608217
670.779927
703.571745
725.292760
726.596218
733.978454
732.588756
734.272705
734.639433
746.141956
764.195901
803.518470
817.183682
814.555128
840.838779
818.942565
731.725086
626.946893
641.172041
653.156402
635.886006
626.044227
624.725368
637.684519
640.938663
646.146610
650.930501
645.709849
636.624960
643.959397
673.964768
691.965608
701.607283
698.683886
712.929928
739.340712
765.176485
777.770629
814.260937
828.876939
843.304934
865.997533
858.486409
782.153820
652.115900
638.944670
672.298187
664.626399
681.835158
726.573690
766.722602
792.696344
829.153380
858.906186
796.854531
688.534965
687.421028
721.852505
719.043207
726.735937
744.055134
744.627192
750.330337
774.807428
804.472862
819.327408
854.915705
863.254385
770.806785
610.986227
596.705932
626.510964
630.346411
640.035703
642.147772
646.194179
669.080549
667.514178
657.706391
648.968837
656.055250
675.584424
702.247028
697.666552
684.898826
705.173188
732.724298
772.194814
758.324815
740.125838
776.607594
798.586196
770.184125
769.704767
780.995725
790.380623
823.366790
819.049839
804.036682
796.994991
809.046010
830.149421
860.145321
912.853543
846.099373
695.085632
617.874592
639.240292
676.847259
686.550868
726.362640
722.819887
695.336712
671.020112
683.726295
709.199780
705.553532
703.292150
719.741968
740.130041
768.035299
776.383558
769.792340
761.967768
754.549583
754.721803
776.159470
769.701197
755.188648
742.469826
743.296878
767.961300
797.190339
796.434376
808.511510
799.292880
798.429281
813.546201
827.963655
848.602469
856.156316
834.169225
809.861992
812.690914
809.782344
846.420988
878.692925
890.056234
899.414415
836.917324
637.510073
617.063858
694.605503
690.302567
633.595644
642.950223
679.610809
671.081645
648.066258
661.442902
677.038600
684.392235
693.096227
715.000670
738.840583
737.028437
711.648837
721.877633
746.444603
774.385409
791.527299
789.298113
784.891398
799.885488
803.368842
830.901399
818.284510
795.294698
805.094073
833.544339
850.040818
823.572828
826.180922
851.936725
824.515654
812.248375
824.407278
835.544597
848.963266
847.730449
837.836515
866.793173
876.780978
853.821494
872.596274
905.487486
931.288929
937.539759
872.437288
662.031083
595.173633
639.566698
680.017563
696.769289
700.902828
680.571092
663.261682
664.825110
653.450604
656.256934
688.693436
684.436144
683.138810
712.319552
743.908776
759.080389
758.069380
755.397495
756.459194
760.248787
753.190319
740.139221
755.014079
776.429819
790.619773
786.074691
768.335106
788.156965
804.860832
803.799211
791.705134
808.391063
806.200517
795.848382
812.791838
821.552154
845.006691
849.515370
841.471081
846.805362
858.997499
849.359453
876.905979
882.810802
864.013565
849.581820
862.107175
897.928182
940.610369
935.872712
906.861488
757.244371
638.971036
650.969946
660.316690
660.213621
626.882576
605.590535
637.102916
642.033535
664.932008
675.990419
676.986490
682.706188
700.857557
725.720314
725.707216
711.240594
738.142498
778.675521
794.886818
780.887882
772.011349
761.895767
787.076330
817.028329
842.395703
833.200843
817.061376
811.496875
832.154656
845.868615
846.494333
865.076874
866.590388
855.594519
856.627922
854.732801
878.639361
891.804148
893.864448
897.720370
914.173133
897.553713
822.837036
722.727624
677.287598
718.657114
752.274164
736.043847
728.293913
734.991141
766.549304
807.278737
814.319554
781.988563
727.633121
728.048347
758.039108
761.893602
765.919858
785.423089
777.259369
770.678976
782.402058
802.000906
810.096264
798.731513
814.126076
822.588469
812.666301
822.378786
837.183606
840.397131
845.563156
839.940925
847.956091
870.945397
882.533275
873.587953
875.245746
894.819531
884.936664
861.821534
852.828281
861.215861
864.301092
885.501000
906.076767
900.680158
893.519686
918.741199
940.300891
945.857628
928.153903
901.903918
800.212990
723.409009
711.976002
698.727066
651.582366
640.948593
654.727011
699.978727
723.813390
746.109453
796.821051
797.795481
776.785989
755.564105
756.557587
778.243448
790.587494
794.837468
808.950557
822.704645
829.458351
848.775317
846.557108
831.115441
822.705398
829.223078
849.476893
859.471595
867.400203
860.343682
868.257232
895.399654
893.326076
888.338316
890.465052
896.992188
915.309652
910.623374
912.559430
921.166512
920.384255
863.698268
697.969574
677.277004
731.079526
719.995259
702.931806
706.651145
683.859456
713.435527
750.738323
751.653711
748.997312
739.328198
738.451605
745.944637
750.597135
762.948019
776.394375
797.639192
812.728559
831.377998
800.779955
798.535711
823.216627
808.492903
822.094021
821.790956
812.226516
854.503975
851.921220
856.839041
882.590509
857.444637
861.798698
870.685182
898.200331
892.983457
877.203045
877.572542
869.663508
855.254541
861.560973
876.530744
887.266899
761.568634
596.002912
633.443504
648.911393
648.374682
648.607250
639.834555
657.443646
676.763297
677.518963
700.147132
707.495557
739.511576
764.542301
774.202664
774.785100
772.257695
820.331717
854.244489
839.193309
823.386759
819.572536
818.362229
843.412096
858.521803
845.049054
840.280293
858.624609
882.059140
886.126700
860.001836
872.872023
860.793592
842.664562
847.607276
762.159294
651.419872
697.497167
719.495773
707.454522
738.484713
752.938893
742.698851
764.347454
795.665928
782.873496
779.942643
802.970068
824.680133
865.017681
861.169800
820.021801
813.600800
838.251841
857.850741
860.976994
877.392941
866.146482
860.461089
866.486832
854.728203
872.947383
880.147928
871.992794
885.951449
872.453401
876.582507
888.170576
893.466540
915.095913
805.305812
689.110706
710.280767
718.278301
702.959150
678.869298
701.504479
782.246475
805.604269
780.446162
784.858467
757.223728
746.325154
806.413989
839.046682
831.704547
824.225185
847.138438
858.912757
864.709776
867.509047
871.917198
870.929385
881.108391
883.043605
750.356785
594.727997
597.163209
622.180129
634.296998
696.540381
731.643320
720.943347
702.593827
725.749571
729.136211
729.467485
733.008877
734.078883
774.359212
775.685180
782.818103
811.637621
804.254010
804.997360
803.193792
801.582431
806.556450
778.879849
809.450154
834.274036
817.869199
820.852312
845.182245
850.870951
841.400156
846.316266
852.650787
841.124588
734.957312
693.177079
702.048537
712.663049
708.697752
710.422259
743.308193
761.622911
792.150033
785.830090
775.939300
759.476448
785.309601
792.296988
807.334445
831.564703
842.691026
846.771459
864.009807
878.469613
887.746628
889.108016
865.284195
690.462795
657.565840
690.942767
736.684071
782.848463
755.017654
738.942293
744.605312
759.690389
736.513386
714.953272
762.142913
769.803570
784.789508
804.091166
778.329351
783.347747
800.804825
807.039612
814.188440
830.469455
826.444429
819.283875
807.937025
834.705094
856.094678
869.174395
862.634740
849.406773
791.346785
637.433120
610.712473
637.367172
657.792937
671.972888
677.073691
718.581799
762.382936
745.886208
723.662687
733.924935
743.319468
748.236237
783.025280
790.293096
769.029853
799.062785
837.229975
837.212421
811.937314
837.790688
853.172043
873.515221
891.373164
869.673015
836.710910
781.986603
659.770562
646.594705
674.255615
675.598249
642.214533
630.567719
663.219805
715.825402
727.354852
715.968135
714.971156
710.778978
692.697862
701.772319
731.117196
740.874793
742.548015
738.196861
762.722199
774.277296
786.604593
781.575319
772.068712
788.363876
816.648642
841.463792
843.763574
873.147194
877.948827
874.731684
870.291763
796.242063
692.715085
714.144718
717.885028
669.675039
650.136695
691.473609
704.811852
693.968798
724.548246
718.414709
729.167552
757.586807
755.128320
749.315624
738.925119
754.336857
769.645560
759.001858
772.512862
781.957535
772.141569
784.453351
829.803214
858.858494
856.273008
856.417019
815.922589
772.159914
742.498184
681.144286
682.392341
705.685914
702.831104
711.492635
703.343913
715.121783
706.143002
737.821025
771.485647
772.096332
766.494255
786.870665
796.661185
783.262554
798.512699
828.439742
821.242945
822.318326
823.044172
846.994802
864.464298
864.553126
841.659484
811.919671
743.531353
626.968268
614.523088
658.807200
694.878128
682.849796
707.967046
731.173770
756.028088
773.030455
803.406100
827.147663
839.577136
824.064386
780.718780
671.140215
636.841623
642.489594
660.975919
694.116870
707.590004
717.522492
732.073494
729.065271
713.545354
694.626151
706.650262
743.395850
742.032735
732.087388
755.982325
776.270294
767.777255
767.782886
775.726766
806.294831
824.672579
800.202116
790.861407
821.489437
849.631283
838.707247
772.740588
623.049049
598.892303
689.122336
744.090593
764.365320
782.721427
815.809525
777.424151
673.618236
636.805762
655.537837
681.706718
660.976732
661.373562
681.545403
678.688777
688.062000
691.599616
694.296594
696.341560
705.999265
707.474782
726.726038
741.293743
727.224665
736.573203
750.438161
775.927186
781.897329
784.295432
803.101107
802.398677
771.894238
648.644906
600.602079
610.375013
619.390592
600.776244
605.998124
611.755852
615.638344
637.104558
658.850228
690.548229
708.689046
734.762472
757.483606
762.079213
783.209224
815.450909
817.092478
823.348573
810.571355
694.970469
618.054376
631.988321
659.046800
677.845423
677.308183
677.874692
711.074938
726.847823
693.772096
689.290736
703.933644
731.745043
737.781504
727.472805
724.480526
726.831591
739.491549
761.726969
768.045131
779.012345
795.436569
799.111802
812.507224
797.862098
801.323362
827.744371
820.701706
816.404595
771.563856
651.960909
630.637658
688.017634
703.810067
630.535695
603.702807
654.351935
689.296930
703.451442
720.145971
754.438472
769.890035
754.200100
665.559331
588.743296
628.186496
642.632449
630.467039
625.825470
645.033560
679.103987
664.488850
639.319474
654.939107
674.980056
667.200879
663.639638
669.928154
664.506851
665.019513
669.342010
679.822922
696.100728
701.500064
713.225166
721.019225
715.332590
719.943432
736.219146
752.144760
752.861179
758.575693
736.825943
750.660109
776.863662
798.779334
770.574713
769.751188
787.980753
791.368781
775.904560
764.460506
784.272092
808.638805
820.010606
815.481305
801.997681
721.818267
621.362375
679.641619
692.909814
631.401301
615.763028
627.878520
636.325054
650.904606
651.734214
663.506639
680.483347
679.595450
666.671101
633.687465
639.635064
693.048198
686.486648
691.764380
713.746757
707.385014
694.907926
700.203547
719.143917
744.952393
743.367219
744.829241
772.049157
781.197051
749.670907
737.920896
765.545429
773.442805
794.840770
794.060727
776.985935
801.372202
807.429781
792.305028
800.982752
810.411313
831.039767
802.925207
790.383784
803.571192
805.967712
800.275755
804.048422
810.658937
821.582597
818.927405
818.097792
848.905511
865.294209
806.619112
683.677782
626.372638
650.296880
675.503301
676.443180
661.602358
639.461410
630.312940
634.669872
641.127217
649.182379
634.285992
652.327364
672.697902
697.230429
698.395547
689.237279
716.236235
728.862586
701.562702
700.809074
709.796706
727.750169
739.778703
739.477913
733.709435
734.579873
755.288671
753.188068
739.756024
745.104249
748.658564
765.986823
775.712872
779.883472
782.178925
778.695714
759.915309
766.236731
786.388068
787.342324
810.224053
819.480857
812.001590
795.846756
802.153499
799.147062
801.600115
816.940744
832.853578
830.234700
768.593664
637.864884
627.230814
680.057462
723.389122
714.005865
689.840058
675.136007
664.847720
653.368821
669.599903
663.617478
657.158941
674.223055
685.307017
693.424385
711.411969
702.060253
664.177947
683.684361
723.869659
726.572788
736.113255
748.348368
744.980687
743.672261
749.250007
755.945162
737.952943
727.367485
733.866650
740.959969
737.569170
726.697413
738.941764
742.249930
754.632076
755.875737
737.229354
741.613732
759.090847
756.284453
761.257664
783.829104
807.521099
823.024613
825.074406
743.258580
618.555735
606.667553
626.488135
614.008270
593.025453
601.956768
628.862709
619.511416
617.317495
638.645708
661.448242
672.570421
655.388525
644.732454
671.692184
684.717266
668.934826
685.393061
696.284702
677.364384
659.229369
691.871955
724.721438
702.105621
710.330649
728.036932
740.570833
727.050095
724.588599
735.037638
742.400385
738.940254
757.835440
762.138175
768.743382
782.094122
779.699546
794.923318
796.864486
789.208812
797.796311
800.693080
783.038852
774.188805
774.506317
801.283915
809.511017
829.343491
812.635409
691.914072
584.518395
606.223435
619.962474
613.522472
649.172657
651.812569
654.458740
660.607002
646.100921
613.563111
596.143792
627.265371
661.863428
674.745756
678.370413
690.643707
692.978560
697.251974
711.643338
702.977168
712.136171
743.323947
752.043261
738.767647
742.975885
727.055971
723.223895
756.354931
773.292712
754.119519
759.784739
761.210446
761.509052
757.104083
747.887169
747.487400
771.887161
799.569507
792.350251
769.445869
776.450844
792.264777
797.691061
776.870231
767.671771
788.859838
798.415514
785.240574
783.716933
792.150609
791.007416
796.075390
815.134326
831.505922
830.918935
723.967872
578.304234
602.228064
639.703318
622.673385
587.916439
583.349309
583.891280
579.778166
596.596233
587.614980
588.249427
594.597229
617.306966
642.443892
668.321214
666.245421
685.944003
707.244515
712.628540
713.447923
737.729583
780.086760
823.149806
820.828900
701.288332
570.887238
616.235510
660.707491
683.339031
697.947148
694.729147
697.367636
699.439079
682.740504
689.575736
712.298977
713.319039
703.372260
724.351119
763.498007
782.160329
711.865223
595.710877
565.268618
588.368502
566.731572
545.961402
581.450645
617.623092
603.082320
610.917266
616.140016
616.546773
625.468614
639.424923
675.229896
689.756488
705.942919
734.240551
730.143054
645.737952
558.330510
569.506123
571.695669
584.033550
613.794512
647.680429
671.987019
708.220193
737.812913
758.288978
668.638520
579.312789
588.778526
593.823973
626.615707
634.161395
628.539285
628.744933
686.487129
769.805992
766.014395
642.512604
564.401010
668.791544
729.113672
743.127780
711.354480
676.082671
679.890919
704.432772
704.590803
716.117584
719.149241
738.739312
770.427116
797.205890
820.424819
800.723846
672.111953
612.297550
624.179777
628.922300
625.162801
621.503221
628.697638
650.740748
665.942132
661.251675
675.290032
693.596962
691.658433
701.590394
688.852557
720.437634
712.212273
690.765815
703.917046
713.874229
714.385616
730.043149
738.761953
735.629562
774.201793
781.771078
767.550695
755.039148
773.792206
782.724170
779.792133
790.054581
809.794138
796.622863
641.011581
563.704366
614.880372
624.204696
589.643701
586.683249
581.902640
630.580671
653.394846
634.782274
637.915987
626.968281
648.380034
670.976270
716.457408
731.601913
729.974642
739.548362
767.577266
758.538483
769.312680
792.285874
790.100100
778.917006
778.963449
781.718400
795.241874
821.252006
815.967402
697.382985
579.159373
623.268758
662.670466
629.340832
600.187894
579.463495
600.855951
626.472788
636.561761
650.992093
687.979328
682.608664
651.030826
655.690646
676.187182
694.885903
718.116676
732.740727
738.850052
752.397048
774.281557
761.483293
770.505382
760.290392
746.609228
754.543710
771.339601
800.435697
813.505228
815.665362
802.483631
799.083747
776.888186
705.043237
541.052580
495.288966
531.336139
600.249114
587.155311
587.481316
590.177770
568.003451
595.093146
625.470312
686.920445
669.130986
639.696466
656.340896
682.696353
676.222810
688.620946
688.901270
704.806029
705.870721
708.880903
695.964793
705.495661
701.583533
691.230135
684.661383
697.229932
735.608329
733.149777
734.878236
714.901027
598.368938
542.857445
573.564031
598.335323
585.243572
547.149499
590.197539
619.787017
608.794929
617.918829
652.028689
670.101551
654.764773
653.541378
665.833348
690.287320
702.989293
733.000976
707.852288
710.334521
704.596615
708.993859
644.338555
514.820862
528.879093
509.437018
496.323036
523.229189
561.587186
569.020213
597.023297
594.086654
602.722643
644.033309
619.582711
638.954129
634.230998
618.967370
626.000786
622.748724
606.750360
617.235579
638.464207
564.663511
422.336277
438.972253
490.527470
529.932223
561.872927
573.167860
583.723782
558.557179
564.060528
453.472454
419.782136
445.634183
456.356609
498.751114
511.159933
529.009176
529.468017
533.134729
551.280968
602.552114
597.724364
594.777201
598.875567
564.657068
515.934501
431.208890
472.545313
497.916887
557.191672
612.111236
612.120738
564.107423
417.701714
473.248462
514.692122
559.484439
584.223650
569.586453
600.824517
636.408727
635.387569
639.016837
654.957108
628.710507
631.776532
571.913098
481.434115
508.109319
525.065240
563.507077
574.006192
606.993880
627.849637
606.883957
590.699392
624.446954
631.674911
637.821629
627.296092
565.178013
522.360645
559.347403
608.820636
613.637198
627.030214
621.364709
623.275160
636.239383
644.664385
632.093011
635.653885
665.325574
666.050845
610.546333
525.080083
526.985100
554.152246
565.703309
587.408608
597.613261
619.183862
625.426580
614.569248
541.053791
508.625656
543.038236
565.645078
574.906329
572.893266
561.848755
586.635757
587.038661
572.246014
575.985545
555.941562
580.635868
544.572434
504.196690
513.973534
446.305104
410.427431
362.495537
338.990088
NaN
NaN
NaN
NaN
NaN
NaN
NaN
NaN
NaN
NaN
NaN
NaN
NaN
NaN
NaN
NaN
NaN
NaN
NaN
NaN
NaN
NaN
NaN
NaN
NaN
NaN
NaN
NaN
NaN
NaN
NaN
NaN
NaN
NaN
NaN
NaN
NaN
NaN
NaN
NaN
NaN
NaN
NaN
NaN
NaN
NaN
NaN
NaN
NaN
NaN
NaN
NaN
NaN
NaN
NaN
NaN
NaN
NaN
NaN
NaN
NaN
NaN
NaN
NaN
NaN
NaN
NaN
NaN
NaN
NaN
NaN
NaN
NaN
NaN
NaN
NaN
NaN
NaN
NaN
NaN
NaN
NaN
NaN
NaN
NaN
NaN
NaN
NaN
NaN
NaN
NaN
NaN
NaN
NaN
NaN
NaN
NaN
NaN
NaN
NaN
NaN
NaN
NaN
NaN
NaN
NaN
NaN
NaN
NaN
NaN
NaN
NaN
NaN
NaN
NaN
NaN
NaN
NaN
NaN
NaN
NaN
NaN
NaN
NaN
NaN
NaN
NaN
NaN
NaN
NaN
NaN
NaN
NaN
NaN
NaN
NaN
NaN
NaN
NaN
NaN
NaN
NaN
NaN
NaN
NaN
NaN
NaN
NaN
NaN
NaN
NaN
NaN
NaN
NaN
NaN
NaN
NaN
NaN
NaN
NaN
NaN
NaN
NaN
NaN
NaN
NaN
NaN
NaN
NaN
NaN
NaN
NaN
NaN
NaN
NaN
NaN
NaN
NaN
NaN
NaN
NaN
NaN
NaN
NaN
NaN
NaN
NaN
NaN
NaN
NaN
NaN
NaN
NaN
NaN
NaN
NaN
NaN
NaN
NaN
NaN
NaN
NaN
NaN
NaN
NaN
NaN
NaN
NaN
NaN
NaN
NaN
NaN
NaN
NaN
NaN
NaN
NaN
NaN
NaN
NaN
NaN
NaN
NaN
NaN
NaN
NaN
NaN
NaN
NaN
NaN
NaN
NaN
NaN
NaN
NaN
NaN
NaN
NaN
NaN
NaN
NaN
NaN
NaN
NaN
NaN
NaN
NaN
NaN
NaN
NaN
NaN
NaN
NaN
NaN
NaN
NaN
NaN
NaN
NaN
NaN
NaN
NaN
NaN
NaN
NaN
NaN
NaN
NaN
NaN
NaN
NaN
NaN
NaN
NaN
NaN
NaN
NaN
NaN
NaN
NaN
NaN
NaN
NaN
NaN
NaN
NaN
NaN
NaN
NaN
NaN
NaN
NaN
NaN
NaN
NaN
NaN
NaN
NaN
NaN
NaN
NaN
NaN
NaN
NaN
NaN
NaN
NaN
NaN
NaN
NaN
NaN
NaN
394.373660
387.106303
443.324543
491.181933
471.241786
464.480162
482.610379
553.434725
634.516069
681.312075
713.943812
739.458407
747.601627
766.962708
770.617184
756.589263
701.665346
651.779142
660.798250
676.218500
679.272442
597.335578
605.998818
625.766311
636.860636
648.867853
652.421629
773.057244
919.022229
1090.283714
1234.509207
1298.808034
1293.253623
1294.195047
1306.128833
1289.561300
1335.383390
1332.519747
1334.111198
1315.276977
1340.144937
1295.730281
NaN
NaN
NaN
NaN
NaN
NaN
NaN
NaN
NaN
NaN
NaN
NaN
NaN
NaN
NaN
NaN
NaN
NaN
NaN
NaN
NaN
NaN
NaN
NaN
NaN
NaN
NaN
NaN
NaN
NaN
NaN
NaN
NaN
NaN
NaN
NaN
NaN
NaN
NaN
NaN
NaN
NaN
NaN
NaN
NaN
NaN
NaN
NaN
NaN
NaN
772.287330
749.726892
746.336018
581.516354
537.381994
603.780461
702.636883
779.868929
894.424217
995.800618
1023.672177
1013.748987
965.246645
892.844782
883.683495
841.964665
775.543888
845.874514
902.604294
892.771891
873.753733
858.716704
867.113813
982.585619
1001.958669
941.579321
811.785350
755.803216
726.806064
566.071598
348.393942
464.464001
NaN
NaN
NaN
NaN
NaN
NaN
NaN
NaN
NaN
NaN
NaN
NaN
NaN
NaN
NaN
NaN
NaN
NaN
NaN
NaN
NaN
NaN
NaN
NaN
NaN
NaN
NaN
NaN
NaN
NaN
NaN
NaN
NaN
NaN
NaN
NaN
NaN
NaN
NaN
NaN
NaN
NaN
NaN
NaN
NaN
NaN
NaN
NaN
NaN
NaN
NaN
NaN
NaN
NaN
NaN
NaN
NaN
NaN
NaN
NaN
NaN
NaN
NaN
NaN
NaN
NaN
NaN
NaN
NaN
NaN
NaN
NaN
NaN
NaN
NaN
NaN
NaN
NaN
NaN
NaN
NaN
NaN
NaN
NaN
NaN
NaN
NaN
NaN
NaN
NaN
NaN
NaN
NaN
NaN
NaN
NaN
NaN
NaN
NaN
NaN
NaN
NaN
NaN
NaN
NaN
NaN
NaN
NaN
NaN
NaN
NaN
NaN
NaN
NaN
NaN
NaN
NaN
NaN
NaN
NaN
NaN
NaN
NaN
NaN
NaN
NaN
NaN
NaN
NaN
NaN
NaN
NaN
NaN
NaN
NaN
NaN
NaN
NaN
NaN
NaN
NaN
NaN
NaN
NaN
NaN
NaN
NaN
NaN
NaN
NaN
NaN
NaN
NaN
NaN
NaN
NaN
NaN
NaN
NaN
NaN
NaN
NaN
NaN
NaN
NaN
NaN
NaN
NaN
NaN
NaN
NaN
NaN
NaN
NaN
NaN
NaN
NaN
NaN
NaN
NaN
NaN
NaN
NaN
NaN
NaN
NaN
NaN
NaN
NaN
NaN
NaN
NaN
NaN
NaN
NaN
NaN
NaN
NaN
NaN
NaN
NaN
NaN
NaN
NaN
NaN
NaN
NaN
NaN
NaN
NaN
NaN
NaN
NaN
NaN
NaN
NaN
NaN
NaN
NaN
NaN
NaN
NaN
NaN
NaN
NaN
NaN
NaN
NaN
NaN
NaN
NaN
NaN
NaN
NaN
NaN
NaN
NaN
NaN
NaN
NaN
NaN
NaN
NaN
NaN
NaN
NaN
NaN
NaN
NaN
NaN
NaN
NaN
NaN
NaN
NaN
NaN
NaN
NaN
NaN
NaN
NaN
NaN
NaN
NaN
NaN
NaN
NaN
NaN
NaN
NaN
NaN
NaN
NaN
NaN
NaN
NaN
NaN
NaN
NaN
NaN
NaN
NaN
NaN
NaN
NaN
NaN
NaN
NaN
NaN
NaN
NaN
NaN
NaN
NaN
NaN
NaN
NaN
NaN
NaN
NaN
NaN
NaN
NaN
NaN
NaN
NaN
NaN
NaN
NaN
NaN
NaN
NaN
NaN
NaN
NaN
NaN
NaN
NaN
NaN
NaN
NaN
NaN
NaN
NaN
NaN
NaN
NaN
NaN
NaN
NaN
NaN
NaN
NaN
NaN
NaN
NaN
NaN
NaN
NaN
NaN
NaN
NaN
NaN
NaN
NaN
NaN
NaN
NaN
NaN
NaN
NaN
NaN
NaN
NaN
NaN
NaN
NaN
NaN
NaN
NaN
NaN
NaN
NaN
NaN
NaN
NaN
NaN
NaN
NaN
NaN
NaN
NaN
NaN
NaN
NaN
NaN
NaN
NaN
NaN
NaN
NaN
NaN
NaN
NaN
NaN
NaN
NaN
NaN
NaN
NaN
NaN
NaN
NaN
NaN
NaN
NaN
NaN
NaN
