NaN
NaN
NaN
NaN
NaN
NaN
NaN
NaN
NaN
NaN
NaN
NaN
NaN
NaN
NaN
NaN
NaN
NaN
NaN
NaN
NaN
NaN
NaN
NaN
NaN
NaN
NaN
NaN
NaN
NaN
NaN
NaN
NaN
NaN
NaN
NaN
NaN
NaN
NaN
NaN
NaN
NaN
NaN
NaN
NaN
NaN
NaN
NaN
NaN
NaN
NaN
NaN
NaN
NaN
NaN
NaN
NaN
NaN
NaN
NaN
NaN
NaN
NaN
NaN
NaN
NaN
NaN
NaN
NaN
NaN
NaN
NaN
NaN
NaN
NaN
NaN
NaN
NaN
NaN
NaN
NaN
NaN
NaN
NaN
NaN
NaN
NaN
NaN
NaN
NaN
NaN
NaN
NaN
NaN
NaN
NaN
NaN
NaN
NaN
NaN
NaN
NaN
NaN
NaN
NaN
NaN
NaN
NaN
NaN
NaN
NaN
NaN
NaN
NaN
NaN
NaN
NaN
NaN
NaN
NaN
NaN
NaN
NaN
NaN
NaN
NaN
NaN
NaN
NaN
NaN
NaN
NaN
NaN
NaN
NaN
NaN
NaN
NaN
NaN
NaN
NaN
NaN
NaN
NaN
NaN
NaN
NaN
NaN
NaN
NaN
NaN
NaN
NaN
NaN
NaN
NaN
NaN
NaN
NaN
NaN
NaN
NaN
NaN
NaN
NaN
NaN
NaN
NaN
NaN
NaN
NaN
NaN
NaN
NaN
NaN
NaN
NaN
NaN
NaN
NaN
NaN
NaN
NaN
NaN
NaN
NaN
NaN
NaN
NaN
NaN
NaN
NaN
NaN
NaN
NaN
NaN
NaN
NaN
NaN
NaN
NaN
NaN
NaN
NaN
NaN
NaN
NaN
NaN
NaN
NaN
NaN
NaN
NaN
NaN
NaN
NaN
NaN
NaN
NaN
NaN
NaN
NaN
NaN
NaN
NaN
NaN
NaN
NaN
NaN
NaN
NaN
NaN
NaN
NaN
NaN
NaN
NaN
NaN
NaN
NaN
NaN
NaN
NaN
NaN
NaN
NaN
NaN
NaN
NaN
NaN
NaN
NaN
NaN
NaN
NaN
NaN
NaN
NaN
NaN
NaN
NaN
NaN
NaN
NaN
NaN
NaN
NaN
NaN
NaN
NaN
NaN
NaN
NaN
NaN
NaN
NaN
NaN
NaN
NaN
NaN
NaN
NaN
NaN
NaN
NaN
NaN
NaN
NaN
NaN
NaN
NaN
NaN
NaN
NaN
NaN
NaN
NaN
NaN
NaN
NaN
NaN
NaN
NaN
NaN
NaN
NaN
NaN
NaN
NaN
NaN
NaN
NaN
NaN
NaN
NaN
NaN
NaN
NaN
NaN
NaN
NaN
NaN
NaN
NaN
NaN
NaN
NaN
NaN
NaN
NaN
NaN
NaN
NaN
NaN
NaN
NaN
NaN
NaN
NaN
NaN
NaN
NaN
NaN
NaN
NaN
NaN
NaN
NaN
NaN
NaN
NaN
NaN
NaN
NaN
NaN
NaN
NaN
NaN
NaN
NaN
NaN
NaN
NaN
NaN
NaN
NaN
NaN
NaN
NaN
NaN
NaN
NaN
NaN
NaN
NaN
NaN
NaN
NaN
NaN
NaN
NaN
NaN
NaN
NaN
NaN
NaN
NaN
NaN
NaN
NaN
NaN
NaN
NaN
NaN
NaN
NaN
NaN
NaN
NaN
NaN
NaN
NaN
NaN
NaN
NaN
NaN
NaN
NaN
NaN
NaN
NaN
NaN
NaN
NaN
NaN
NaN
NaN
NaN
NaN
NaN
NaN
NaN
NaN
NaN
NaN
NaN
NaN
NaN
NaN
NaN
NaN
NaN
NaN
NaN
NaN
NaN
NaN
NaN
NaN
NaN
NaN
NaN
NaN
NaN
NaN
NaN
NaN
NaN
NaN
NaN
NaN
NaN
NaN
NaN
NaN
NaN
NaN
NaN
NaN
NaN
NaN
NaN
NaN
NaN
NaN
NaN
NaN
NaN
NaN
NaN
NaN
NaN
NaN
854.307661
869.596238
851.553896
806.971923
826.590226
789.436157
760.257442
780.232201
786.766864
837.012110
833.938824
845.680997
854.564630
826.384217
800.514176
774.077608
747.409827
742.773317
760.734879
771.584246
784.880557
806.958670
804.988700
792.218009
789.551292
807.087436
840.392907
862.973251
869.044115
871.184593
867.764739
848.261199
812.191038
773.872519
750.460267
749.190491
732.767716
738.476057
753.925607
735.500844
732.056630
729.831789
719.191219
711.885093
710.606596
716.879881
705.868614
699.391964
701.174450
705.147476
707.878993
717.867642
719.262866
726.867708
727.555238
742.494315
767.916757
797.087109
815.235873
817.397946
827.634388
847.233484
858.318406
860.291767
822.605812
730.912985
726.471587
701.439980
716.174881
722.612242
743.492120
757.808192
732.759067
703.689920
704.365716
730.392226
751.514151
764.221754
765.827648
771.180892
776.206463
759.408896
760.941179
778.454158
743.422334
722.181609
737.377725
750.257668
781.191034
787.093139
772.600889
737.985833
751.095156
761.145168
776.989348
766.940799
756.560359
737.939057
725.513514
750.528006
759.395384
757.894212
770.939526
781.917630
784.326574
786.947700
799.671402
817.870012
853.557576
875.124951
875.357734
880.630188
897.656851
927.926482
936.428504
867.324441
758.403016
754.899721
722.178096
710.123078
687.864088
664.674655
662.283205
689.932859
702.544480
689.286119
681.270779
701.063335
717.635837
714.662831
713.460527
738.250099
747.417164
744.222406
759.983314
764.604469
751.743077
747.292469
750.806777
745.437898
738.862047
737.936932
749.561986
759.383370
738.676194
750.698954
808.159255
835.444133
824.740418
810.449058
803.047424
812.013597
829.580744
836.655416
837.818452
830.845336
827.704105
836.926700
850.142940
858.829354
860.837822
859.956997
855.595493
850.743629
867.953922
903.383354
926.804822
926.341100
944.226240
940.735866
881.727506
812.143773
809.840651
783.722027
793.015310
828.531426
793.664140
763.849313
779.491339
774.547606
751.119319
757.940953
792.598772
808.774949
795.265082
802.199390
822.156168
807.649462
770.914937
770.041018
793.428682
799.167925
789.621818
772.351833
786.622439
766.185778
757.134540
763.655924
788.134990
794.107282
803.922768
781.360218
756.343229
765.642974
796.080387
841.590547
852.948022
818.769695
806.771542
805.494724
773.893112
763.814340
788.030377
808.062701
819.921268
825.519384
800.571333
777.316527
783.126762
793.168630
810.935600
848.141933
865.309876
851.642740
837.984213
809.956141
796.778528
826.032015
842.377916
821.350890
822.058213
839.106981
851.512284
847.107492
840.208051
855.395578
868.683309
878.293324
851.028004
837.205386
873.369713
897.689097
895.046466
903.132589
921.931329
937.436311
946.223503
892.319715
773.530364
769.832395
755.024616
769.143091
758.327229
764.501647
784.755698
805.949682
838.624956
855.777224
868.307088
865.778864
839.084946
817.148249
794.628741
780.960010
791.172097
793.187552
793.943877
803.044680
800.675760
796.153324
775.237706
766.201292
785.627765
812.426300
834.007369
827.374830
802.765991
784.433929
777.700616
771.279921
754.163940
740.974651
760.918315
785.255874
787.298842
777.431578
793.452087
803.280172
797.371730
800.191637
799.431410
799.830569
806.657071
826.305922
841.388955
839.374113
845.336600
858.489715
881.091717
881.575198
867.240368
869.769254
887.519090
909.445588
914.799801
926.951171
948.069267
952.835702
907.249467
803.071244
799.023296
773.957436
777.183745
779.163542
783.867002
780.468852
795.256091
816.055910
824.507624
833.426082
826.877374
821.710246
817.625437
819.601330
829.554471
835.758536
826.157563
841.964106
838.773353
831.099693
851.286125
837.378361
825.935163
830.317151
834.840665
852.050654
864.969390
861.855743
848.729394
844.405342
851.093281
855.538718
849.801557
843.024580
843.087740
846.743886
840.486586
815.679501
815.542016
828.704518
823.433057
809.389675
800.573592
804.188637
812.527638
812.124331
825.650335
836.760806
836.409730
830.704014
838.691135
843.420837
836.214475
824.470780
830.119207
835.631200
828.435941
833.662195
846.995962
855.162692
840.532436
834.160204
840.452313
841.505157
847.148122
855.354445
868.230072
889.546381
918.987379
923.114030
865.712303
771.774533
767.999259
728.410480
731.324830
726.729288
721.118697
736.965009
753.417993
758.088986
758.111428
748.614259
741.810968
731.177357
730.049311
747.682733
757.643906
763.615759
763.666394
769.746168
754.615407
759.762243
748.495283
721.235247
723.070691
733.212385
742.259916
752.789032
760.965939
780.051092
769.822821
743.155568
735.638419
733.242062
740.111739
757.557243
770.504064
776.766249
766.799478
755.248331
751.910745
748.200715
741.954821
749.597129
769.026351
769.448234
764.955693
751.002146
747.365504
759.778847
776.550292
797.390354
803.957334
776.501089
761.285128
767.703330
764.816888
765.562834
774.849612
785.987883
801.877873
822.902880
843.235150
865.264872
887.535809
874.308107
797.260264
724.315877
721.201326
689.343299
675.730960
688.184133
702.178643
701.878943
724.201090
733.547376
730.792050
731.307451
734.199001
744.661425
760.725285
772.135907
766.366889
764.914612
757.263749
740.646792
722.578290
713.044326
697.159615
668.055395
669.253972
681.066290
671.186562
663.602313
670.927807
685.446793
689.181403
690.958817
692.864975
671.553331
660.117960
691.939041
704.919331
672.136162
655.619384
676.887926
702.952539
695.563080
695.468313
708.488447
709.556964
715.458262
734.924527
746.756519
720.023573
696.697199
685.127350
689.082405
710.382686
735.838736
739.866991
747.736197
759.502012
765.706045
758.123276
756.777015
769.248600
785.030659
778.592406
779.940602
781.443721
791.375987
794.621044
802.666980
833.403267
870.347284
893.137431
919.191611
940.365489
914.306036
886.634096
840.897274
836.767834
808.490481
818.631236
814.631681
816.803940
823.472597
824.161652
824.575262
811.903792
810.301769
814.794259
819.633147
813.804678
820.909431
830.688505
823.525127
811.109152
814.495653
808.381979
808.892433
818.676045
813.390449
822.609391
840.426750
847.661553
852.595100
849.405891
835.990483
827.401896
828.179957
817.296218
816.909177
833.060381
820.786772
814.352797
821.920675
826.498124
815.762793
815.517528
821.909109
829.092678
828.253188
823.605478
845.985092
854.317056
835.535896
824.010438
819.258654
806.040653
788.259166
771.144634
777.357352
808.436852
830.813354
831.522969
813.797612
801.038891
797.905545
793.793209
788.853640
793.630170
791.496820
778.897698
769.462906
764.531519
758.319034
759.826509
754.133843
757.577701
763.183508
772.495006
780.384325
768.527556
759.625045
762.383065
767.228172
768.437524
788.743461
833.850276
849.430468
805.805120
701.187464
691.648033
666.308623
667.935296
663.051228
681.132681
738.390183
793.767640
821.830445
804.246328
784.936374
838.199820
872.913950
883.584233
861.720252
778.129515
675.284103
668.221284
674.717226
689.044601
690.383181
689.533050
668.997676
653.834016
663.967453
667.214809
668.470885
677.462917
683.275362
694.556252
702.351599
697.988526
701.118725
727.756436
729.807373
739.976872
746.816618
725.654152
710.364039
715.691688
738.225964
772.362949
760.222322
738.737698
731.153205
734.945599
728.977650
728.791440
731.320355
725.705371
715.667000
706.873529
703.603668
686.843519
650.006008
627.247446
632.318700
667.810628
702.102463
700.943120
708.395276
761.657979
824.004492
792.814835
739.233348
733.381687
703.262321
716.118667
727.682844
728.165386
728.551613
725.482823
718.949941
726.367302
746.204537
749.287367
757.452270
764.740068
765.005541
740.354560
728.945209
721.948766
725.851611
770.284479
787.858621
796.447197
798.107411
782.200552
780.149242
783.204083
799.217864
817.473464
820.672116
810.334885
807.064338
799.982537
779.042480
744.037021
734.626233
756.475913
773.760758
793.678575
799.126251
797.097528
787.773969
791.027634
804.665304
811.081666
786.001539
750.895522
761.999384
782.559843
777.210267
757.677358
760.062764
764.468065
766.819185
763.803381
762.393002
757.144133
738.479001
743.419993
735.813569
711.728384
718.396081
742.894984
769.046853
776.569446
752.655145
735.384973
747.280299
753.923284
728.401237
722.085222
744.427389
759.386138
758.659016
749.529283
749.454422
750.471016
747.104017
762.966545
784.569871
754.900084
665.956949
653.492385
621.804452
636.126509
655.428704
670.482421
658.552292
650.105790
658.655008
666.801245
664.091830
657.285977
649.543888
664.475809
687.134857
686.735805
679.081239
692.773999
682.879573
676.830177
697.953303
702.161860
683.123633
674.702162
678.920476
688.829176
682.408647
677.150895
681.107463
691.405061
709.177590
714.591149
696.881225
686.554529
701.720433
717.398695
721.406027
735.669646
738.265908
707.566072
681.718069
667.211780
669.668298
671.992540
668.713743
678.563385
703.369049
720.696240
723.002821
724.839484
730.755103
722.595247
702.377769
708.804576
729.076033
733.124920
725.473955
728.276043
732.884057
735.857455
741.434728
751.973105
753.570488
750.074574
751.758781
772.432746
788.100019
786.690816
796.780057
805.335796
826.981149
844.480988
805.255403
729.599966
719.727026
696.678889
702.391444
698.807718
691.762036
696.748150
717.297125
739.484199
748.800051
773.235416
827.806780
846.885440
827.466897
803.930315
787.992952
774.738427
776.691951
781.874771
785.884010
770.656276
763.492680
791.805472
818.068736
825.652482
828.486622
833.868467
848.189547
846.590747
831.461983
826.079445
817.013585
805.310792
801.339439
806.703974
809.070706
800.520737
803.237304
821.510366
842.319139
847.914997
849.292598
847.229319
844.113934
852.060179
855.894698
863.520759
879.164309
890.061485
892.047222
883.465431
864.668903
818.700624
805.897715
725.524028
694.614651
710.429752
725.515326
732.635600
748.518351
759.237624
762.777808
751.262679
741.138422
734.569863
735.260103
743.559370
767.779867
782.387273
780.206153
773.775482
780.408666
779.682272
756.967580
725.061505
724.679808
759.343113
777.540820
775.039268
784.233467
779.484484
754.334164
749.215369
780.738358
797.611397
793.925758
767.339588
735.075941
728.990556
760.591131
787.850396
784.200885
770.594966
761.556334
752.133865
767.829490
774.624701
764.272136
774.461101
796.797447
809.228460
812.722966
813.868799
812.792039
815.270069
820.941424
831.249509
851.855668
873.853397
878.446939
886.487160
901.424014
921.858391
943.513223
956.520937
942.579291
887.932974
800.920097
783.290273
727.284250
734.459355
754.248073
775.525869
791.959704
784.993637
747.179227
723.830170
733.278856
743.902149
754.596531
784.574586
789.443427
771.025090
752.761745
745.565402
740.315556
746.954500
750.872154
749.509380
746.951480
749.441563
755.786847
757.782377
756.970447
754.578964
740.015572
733.655062
758.946781
780.633362
794.301757
795.686115
778.082795
776.217821
795.708567
819.598324
832.357046
825.384363
805.013030
805.878954
819.898028
833.595629
843.787900
859.418491
892.854102
921.472390
933.027731
948.956860
958.829760
916.964040
798.237144
771.233301
701.345970
713.288602
723.565613
731.122783
733.827097
758.399320
784.669659
791.603798
805.132390
821.459383
829.527953
835.272828
830.828011
811.561051
774.828460
752.206445
768.741421
796.639447
814.795540
826.889795
821.885726
807.844340
801.630409
814.925647
817.611503
795.312081
792.584115
820.109748
846.076116
827.614551
791.074277
810.239472
826.406851
819.671900
828.631968
852.906434
864.225586
867.427623
877.776041
874.143609
863.423469
860.064856
878.863565
900.160534
912.714866
920.429174
941.997927
954.122308
942.968669
865.335114
838.724540
729.187776
702.781696
703.677458
703.134023
707.699786
721.059386
737.361255
751.010895
761.507695
769.441203
770.808091
765.777500
785.884083
789.424931
764.532435
752.649480
751.700153
759.267890
752.310700
743.209494
726.157706
725.287699
742.043005
756.110388
766.061244
790.296831
806.636169
801.192462
788.498278
773.517898
746.870994
744.550929
780.953897
788.435172
783.468105
778.589952
775.032931
773.466338
756.045634
740.025070
733.838680
738.203144
748.655879
747.056000
746.964560
769.175075
773.611034
758.295710
760.747551
777.236290
773.799670
761.116347
762.514914
759.903261
750.309557
736.632115
758.617729
789.915205
812.808221
813.388750
794.427041
779.212972
788.250502
765.387152
718.651171
674.652962
669.707145
667.337814
680.038909
681.353378
685.003116
694.706447
708.298625
700.029371
678.139709
679.116435
685.294077
691.819808
690.233362
689.267541
703.957445
719.676638
725.681463
718.135097
706.200066
710.317645
747.803271
769.927290
766.343925
772.414279
785.665916
788.293283
788.946471
809.947612
828.053991
803.456133
786.476964
805.934412
825.239182
843.567949
880.382679
891.408334
888.067521
892.726079
905.263998
934.942222
955.339110
936.827846
907.499746
874.071122
868.484186
904.726832
908.949358
905.067680
908.724659
897.869667
892.854557
884.566774
876.726331
865.161800
865.205182
872.621682
884.821687
899.896801
914.551669
926.130302
918.280866
892.884807
890.365734
913.419792
942.607780
968.557693
980.710520
917.543544
781.197839
755.499600
690.463056
686.272841
691.435191
690.873496
688.846808
702.509773
729.867746
739.803874
721.558946
701.792534
699.986875
704.267008
713.799105
713.883775
709.834082
710.995585
706.424762
707.219543
712.584175
726.281686
746.402909
738.373028
720.448735
706.707961
709.676978
740.796168
775.113509
763.165368
746.696325
734.574781
719.359895
724.831860
717.906250
709.891483
709.214164
704.484738
708.267456
709.839904
719.428020
755.205865
773.214832
760.624408
751.561000
752.359056
766.613667
793.261820
808.896695
805.837825
826.661661
862.339151
878.526816
902.049311
920.427071
859.814305
743.876649
728.628991
689.863226
679.765554
683.404977
701.636361
723.182283
738.583410
742.046014
742.783738
739.109171
728.271381
732.340236
766.893983
785.306207
789.704009
794.701281
797.253711
782.671844
767.744647
774.462172
781.593895
763.692758
754.988103
770.218536
797.462243
805.096235
793.158721
780.602202
781.545964
767.170479
771.279919
794.985904
801.562629
808.780547
806.339000
792.023650
769.587039
771.426133
802.692190
809.453571
812.716429
837.722654
851.095309
836.986401
811.391745
814.945098
854.614701
883.922366
881.300285
883.101887
899.234338
905.508324
912.177765
917.877819
932.586654
969.620313
985.570552
910.337637
804.169605
796.465906
793.840182
800.417058
796.760466
801.219579
807.481208
822.805582
812.951980
805.399317
804.276045
796.984212
782.097136
772.090511
771.876116
776.677653
782.508089
784.878954
784.299144
786.964708
793.956225
787.785874
781.128109
780.316634
772.364974
767.874922
767.056277
772.943499
789.917623
799.078225
805.998062
801.623919
788.853701
788.547494
798.637342
822.834753
832.364785
811.981071
795.518707
799.878774
822.859110
849.367499
863.248860
870.930798
889.482137
917.614178
924.282607
919.429897
930.679207
948.186253
931.115177
840.290484
761.455349
759.472227
770.292890
786.533528
806.356162
778.317979
749.839281
737.058880
739.764971
749.572853
764.082371
771.351240
788.845319
823.552576
811.874221
796.554969
829.779090
834.157154
805.594600
804.275511
833.004787
848.011075
853.793833
859.160485
894.486313
915.818691
916.520440
924.293758
943.238758
960.243407
931.116656
810.599462
792.989289
752.602390
792.727742
797.620442
762.034120
772.283656
795.139324
794.474988
768.802006
738.753085
753.450887
788.711552
766.538784
727.727802
757.646188
790.229105
793.379694
786.925301
775.454580
763.860951
754.158888
772.499329
781.892058
767.564613
766.916950
781.916021
777.464278
749.803635
743.126563
763.124229
778.220604
775.748659
788.004108
790.223172
782.456139
785.601548
796.063988
803.250735
798.885281
815.244819
842.234887
869.334896
903.829331
918.975088
871.836187
779.560247
772.998482
771.932631
784.046933
757.856229
738.904340
756.740656
761.466869
763.966536
748.325078
759.779970
790.565689
809.057500
805.996368
796.696346
785.585083
763.416514
755.113969
774.466271
780.372367
793.329069
801.305622
782.952463
775.882378
775.862605
775.341434
780.127081
769.392327
773.780637
803.636407
849.310449
880.207265
876.924507
850.230988
845.865833
842.601681
822.545117
808.744297
824.728437
841.015008
863.751392
859.514033
858.712016
855.747611
849.123916
863.686101
874.797073
876.926674
880.528919
877.225700
873.669028
898.770619
894.414271
909.343364
969.370399
996.078881
882.895365
757.814765
753.643602
769.215056
768.306482
758.923578
773.987492
776.195281
757.091046
763.322190
768.458375
738.278476
720.500225
725.543809
721.075388
736.120101
744.508428
720.232471
714.288319
714.742680
726.501507
762.200798
802.652001
809.153527
779.468447
762.197292
772.403124
795.921951
799.024922
783.328999
817.431858
858.982011
881.188093
873.863347
851.952639
854.374046
869.823148
866.995249
873.301414
897.509098
932.788764
991.252860
1027.084255
990.869794
841.620165
828.793755
769.477109
771.716575
774.487416
762.056600
740.229117
750.626630
799.608690
813.565383
774.050145
766.250582
773.497466
804.365583
803.707516
766.997299
770.902323
840.344444
872.359672
846.457175
850.031589
885.460277
915.163684
925.641234
947.034621
981.985416
1033.702927
1064.791309
1010.154117
844.748244
832.329014
781.002971
783.454902
803.273414
823.551569
809.113206
798.800566
788.543582
775.325008
762.911553
784.331618
792.899979
762.708801
748.079263
758.100169
779.408693
785.716046
772.771300
751.504313
782.735742
837.613285
849.137784
861.761459
899.431971
939.122128
985.698156
988.348206
862.662638
706.953782
701.362151
711.044485
731.711070
726.750597
700.126190
645.697585
632.148613
647.079579
681.810840
677.358338
644.848425
640.131251
645.243638
678.536283
681.395779
648.119028
635.484877
650.491414
672.929898
656.629262
643.744756
670.187605
690.505608
696.713522
691.836543
687.336022
708.853016
790.091574
881.968248
885.334097
741.972465
631.019242
627.633940
632.854163
659.994280
689.177050
678.628416
653.764380
653.438829
649.210097
634.867734
631.169971
631.323561
638.570536
657.082977
669.454667
689.192120
688.372214
666.865188
665.694088
687.420930
691.671113
683.158784
715.053603
742.597155
741.414368
724.685582
711.066474
715.024155
701.024150
674.015904
654.976718
670.249251
695.333242
707.053650
740.948299
784.913475
785.494294
692.219214
597.306038
594.410749
588.754689
591.935253
601.344883
606.454919
603.749727
620.920726
636.519716
618.851161
609.409757
625.277911
641.521936
648.310929
653.548432
709.821049
787.502124
802.745045
742.599371
612.291289
606.342803
578.936944
593.328019
593.978036
593.806628
596.448833
600.652985
613.566827
666.537463
739.885958
772.590311
757.105276
634.601422
580.866145
581.367255
595.040435
565.113637
560.209405
587.361878
599.248899
602.222753
615.577731
698.708704
773.436190
789.851731
736.803073
600.263006
573.967887
575.465306
589.171212
589.315228
577.625704
571.005369
567.430107
565.612791
574.893876
591.123761
606.266026
613.404081
614.634824
622.133112
626.027271
655.616267
684.185730
676.511157
693.857157
719.812684
730.658144
768.917938
825.743245
862.283547
916.976671
890.571115
736.734261
707.407386
709.660368
730.147203
721.701606
706.025511
696.248630
697.764237
709.147427
741.975231
741.381422
708.242836
704.233142
734.812071
785.718605
805.389033
752.236219
722.391361
736.382681
770.583236
800.523781
814.736315
844.710873
880.847039
913.843540
949.970200
996.115823
1011.498754
913.592100
781.327907
774.504796
731.670460
739.407520
743.760409
723.243473
692.052728
673.149917
677.379125
680.491927
671.691459
668.700552
677.254005
679.215161
678.761308
695.819515
695.789870
687.697707
688.749061
691.394134
667.947728
674.721712
711.349957
724.667379
714.057507
704.401983
723.442227
753.934442
769.448385
810.751449
861.871176
888.200662
893.213504
801.220424
722.236816
719.326183
696.430704
685.069445
691.074063
704.442340
714.698320
707.581456
698.739690
714.898258
707.061010
694.549950
719.618970
736.638048
729.849289
714.471924
729.913537
761.201731
747.804542
735.213809
704.387269
706.415232
753.907948
767.168418
746.753923
722.797196
720.823261
736.968984
767.424640
756.111095
738.669107
763.620253
791.646942
814.809961
840.712004
853.809777
869.587022
835.245220
741.406661
680.870178
678.737963
641.342840
633.766621
645.809836
647.936089
636.498599
654.212112
656.753207
625.096908
612.877216
610.179764
604.295111
620.756478
656.618178
675.277408
672.276294
658.954816
657.203892
676.299390
687.737353
682.664678
678.863598
692.282964
712.478028
728.532299
743.072728
772.573707
776.250488
770.008642
811.967226
853.202532
872.039892
887.880994
905.505601
795.439787
689.874117
688.202549
693.485643
688.609779
660.080742
652.361215
675.739415
679.328936
682.229580
696.851479
698.098842
704.951372
684.005664
677.762246
704.570457
731.421112
755.916280
769.918561
760.827652
743.493014
744.242201
776.798848
796.213387
813.662849
830.710001
850.994075
869.161207
899.382530
876.511157
770.626775
766.322808
663.447022
618.938923
628.252441
646.807004
644.546539
647.691262
674.677159
685.255093
685.971226
682.384285
679.827609
692.939738
713.319022
705.396787
687.100331
695.258636
704.628221
690.901356
689.596983
711.748804
731.436093
745.586363
776.531803
777.228062
753.869701
752.655804
765.195723
774.157282
788.498954
796.976865
804.421393
830.169041
820.653784
815.354749
827.631861
853.023747
894.048156
876.454124
773.310693
769.664710
668.409201
652.604658
665.305546
684.328145
703.509889
719.585061
718.793369
714.786765
723.684666
732.741392
734.628382
735.837228
742.066559
727.754080
729.794395
732.891041
723.060881
716.132281
724.041059
744.009821
758.996457
768.582581
772.118155
779.577086
783.158781
782.665922
788.400356
790.482971
792.077257
807.986208
830.067678
820.721698
816.724825
844.434382
844.261489
852.810402
900.624398
891.263973
775.272148
771.100494
645.066318
637.222677
631.260447
648.879536
674.439091
673.107156
676.131049
687.443728
694.598295
696.391882
702.148172
710.897484
718.338821
716.863669
722.230263
740.389320
738.361285
721.400574
701.474424
709.078118
734.102123
748.335513
741.046598
725.013047
705.207895
693.126828
689.167152
686.459288
677.451077
672.983797
661.472882
643.999320
643.842158
650.592118
648.569088
649.831051
675.181636
699.763026
721.673834
788.164766
799.787286
667.675492
536.344715
533.826701
507.198482
504.557769
508.672417
518.548905
539.817593
554.333051
559.497942
570.607985
582.162207
592.469770
602.593500
619.468124
625.883255
615.078406
606.824789
593.069835
588.149876
595.850242
601.228974
603.073463
608.879515
616.807051
633.908228
658.844534
684.057096
718.161764
751.927909
770.820679
739.513082
651.312007
557.554736
554.928687
530.326808
515.039320
516.628698
522.263331
529.831707
544.117591
547.318038
538.572711
541.750447
550.644153
563.334919
571.637745
584.185241
595.666820
612.025934
633.907381
659.871392
681.317505
681.732543
682.980459
690.872110
697.243679
705.237979
723.149639
743.732279
770.958088
797.484599
813.930282
830.046382
852.843451
865.071831
828.928825
732.969394
631.792206
576.722119
575.175883
552.658214
540.053092
532.107202
521.687987
514.603390
513.882877
516.451347
509.274058
500.691987
499.332354
505.925008
511.600724
513.251299
515.995237
525.622989
537.777926
549.116067
561.408089
579.423401
602.921208
621.988995
643.591032
661.041432
658.806243
653.609404
666.899213
671.874678
667.706009
673.588232
684.477883
685.140967
685.442854
690.815311
701.555250
721.651142
733.384345
733.814943
732.459859
749.841275
759.645680
761.482408
770.117491
779.579263
795.024628
793.763328
796.559114
817.116842
814.780824
763.867840
681.611663
633.943032
655.825412
656.563751
673.546256
689.069461
709.922052
735.049034
778.582046
791.241208
777.447264
770.593343
784.885149
775.812497
747.189468
728.559552
745.336055
775.986973
786.531822
795.372732
795.542049
808.116193
849.868185
877.334609
890.133319
893.270297
868.916111
775.012065
697.079649
697.233857
701.199401
701.753705
716.110004
723.310576
732.945523
733.419508
735.505548
746.330606
766.508137
800.668482
824.158186
835.450506
859.760381
895.405563
916.218783
917.059175
872.834580
761.959122
726.288806
738.519980
739.264453
748.529980
779.215542
802.591299
780.729809
754.006204
739.855092
748.515941
764.038831
767.129321
769.472673
772.678121
767.812671
775.375103
797.692269
797.378967
808.485103
830.451728
834.059757
810.238816
764.893219
678.348716
647.751597
655.595647
656.283102
667.793364
679.651182
684.614971
686.242131
705.062822
732.023166
747.541757
762.625576
804.438162
822.819308
825.862718
860.412140
909.160881
936.250919
897.395079
791.739342
747.490787
761.470844
761.809314
755.902054
766.113754
780.220401
758.252990
742.780757
760.158204
778.839611
798.589413
826.216810
843.784699
821.483267
798.318459
855.931541
869.785962
859.349477
878.421453
897.663892
846.449203
723.099689
639.269382
634.782532
641.313799
641.824364
657.518151
674.857035
662.676665
645.982999
654.618695
661.850032
675.334467
706.682906
721.883257
729.767681
742.658537
756.421338
755.342735
760.501834
781.756630
812.200933
818.649316
804.080426
796.190401
783.306597
774.608536
807.053583
774.992362
660.008011
609.680476
610.548608
610.784303
612.410751
614.487185
603.301799
610.173742
634.233490
643.479049
641.683407
629.773054
634.334738
627.669477
615.756132
615.569943
633.202535
667.419640
684.937787
694.613346
699.050275
708.523789
728.778068
735.459492
734.320437
732.055963
750.148227
803.130636
816.213285
789.426684
785.698079
797.787360
827.220279
853.398490
844.913534
848.779055
865.102431
910.503197
932.709397
764.375092
655.653937
687.702156
688.491920
681.405267
649.440876
635.902191
649.445008
672.770981
694.832547
685.483713
656.504748
654.655848
657.131890
674.849250
711.771722
729.454470
731.737020
735.951814
716.265894
703.618648
717.493256
718.400929
721.289619
721.255133
701.886375
690.321371
696.868719
708.117214
728.309469
750.525241
776.572153
623.691053
516.375142
514.402598
509.650927
514.764575
515.108549
534.515918
551.275256
565.825151
587.821987
584.179686
586.349566
602.696251
605.266957
614.561852
628.859305
639.946890
651.080542
659.520389
651.831273
661.573343
669.411154
659.182688
672.273331
695.148728
713.334078
717.444484
711.212828
720.751020
742.019891
751.400464
750.082183
746.423777
748.371603
754.034650
770.913793
777.235105
764.478926
752.040765
741.501316
753.358528
764.913955
765.359671
776.600513
791.206311
815.030099
841.554108
849.856566
864.255578
866.938264
855.832164
873.281119
880.787226
875.256327
882.545209
898.311857
911.594346
960.734587
921.423113
731.610351
650.746722
678.045356
678.856500
701.137065
690.755347
677.019547
665.319013
656.919287
681.779104
694.792961
716.248087
758.195885
799.465330
803.504596
797.589188
796.624215
805.679420
787.135308
763.379465
751.636805
731.745125
730.946242
759.345180
763.180065
744.431291
743.465329
752.181494
768.283684
771.712139
763.506662
767.499956
797.191659
817.346425
826.488254
825.136318
844.140623
867.481533
855.400241
856.126659
861.412241
907.684419
938.161429
825.589623
603.030008
551.440145
551.307940
572.562841
577.965175
566.340770
549.630332
563.319360
579.421006
575.011571
576.047375
587.926792
604.399420
601.577559
584.204155
593.928389
604.597944
611.480059
614.119498
621.651047
636.855868
651.068948
665.374352
690.035905
711.167313
708.785991
699.154980
708.909268
731.617719
750.929438
757.024317
767.175452
778.040366
778.132704
784.331720
799.740700
808.596457
821.983412
835.633358
849.336710
859.539695
860.957522
866.486943
885.808022
889.307023
904.100890
922.581790
957.007242
975.276511
968.430365
836.857858
714.544459
712.409240
680.762024
675.490031
664.623604
647.347955
653.933314
654.672631
643.083216
637.612268
635.062840
633.766434
633.666301
634.807421
649.933816
663.012434
664.426375
659.949833
657.743974
649.156179
655.174344
685.285790
717.288133
733.339266
741.154763
751.363372
754.767706
752.318032
741.141523
736.661461
771.802492
815.801080
815.419714
809.517378
833.693247
858.258141
873.906718
865.509921
866.766906
906.248163
936.023079
836.831008
605.790253
600.778406
539.352855
538.527888
549.566085
545.203198
549.286127
577.645215
611.476819
632.752505
626.426982
615.998127
618.487237
631.431641
665.484891
688.725770
698.153128
696.478720
699.900291
694.984843
686.978989
691.433773
682.743090
670.783957
688.659393
725.804166
738.770151
736.257420
734.656454
773.212854
810.964795
836.062094
888.168040
914.525900
924.007083
923.323012
733.692964
564.149333
561.247548
556.288938
559.916052
541.128533
552.182702
581.878565
596.420447
597.773051
590.406652
575.621989
553.501293
534.191605
530.840082
548.298022
577.027750
593.499364
590.772102
592.359034
601.410012
612.514903
633.043024
655.458318
670.085528
678.136169
686.825099
686.678331
689.584769
689.227330
674.163702
665.815584
665.705715
677.822571
696.267911
711.366061
717.282748
722.431685
723.037799
726.804468
750.301970
774.200918
791.900071
788.650720
773.439194
792.239166
830.428284
822.535591
784.298153
658.200854
653.761938
535.170801
524.455345
532.338028
527.081282
535.718210
549.306477
564.915223
563.670264
553.014885
538.853186
531.850660
541.925558
563.384800
586.355611
603.840480
613.203096
615.014115
628.019356
659.085128
689.049342
721.003624
759.734919
796.232736
816.456900
817.406404
814.837369
825.677009
870.918177
924.624381
924.596999
842.408156
687.095137
682.389869
576.357237
560.594044
559.011664
548.416719
531.339937
529.962799
547.988440
575.592577
600.126657
612.579310
621.386169
633.303041
625.942788
603.578055
598.424382
610.005962
611.601595
601.264917
594.951335
590.173903
583.950128
579.602346
576.963922
583.740108
590.286627
585.184579
587.889279
592.526546
588.252658
580.131190
588.472496
611.324070
618.526186
615.752335
614.536789
631.463540
660.878136
680.048042
687.815415
698.301672
714.180615
748.597043
817.098500
894.749462
907.453786
850.744580
699.823132
607.292398
605.941653
596.672552
595.271647
569.812215
560.925029
585.206666
608.155433
614.839557
622.650204
627.577286
628.562024
634.641925
646.488359
652.827960
655.990721
668.693316
686.915449
706.598876
724.098642
711.001854
697.983686
722.608939
748.707635
767.035766
786.553746
786.053827
792.363095
833.418233
877.429251
908.230342
946.177906
962.943066
900.491265
770.563134
764.851571
668.777504
665.771058
655.326879
691.420061
730.194704
754.163675
743.215931
740.609295
762.885217
800.550120
837.572798
874.217681
893.424152
907.200190
933.995615
943.969719
967.025590
1016.213908
989.321496
848.011146
726.032783
723.120324
725.064608
723.230802
704.454219
718.260663
754.628497
793.806129
815.578999
805.744041
800.589198
828.916859
855.494686
870.001904
904.355667
961.148403
1012.196531
1073.918616
1041.717358
903.128626
747.258046
742.138403
721.391275
740.957319
787.968586
814.646237
818.126276
826.165567
833.949194
850.484341
887.041917
908.877989
927.571029
966.459787
990.948353
971.844996
938.356572
919.670423
912.212930
904.160339
901.148545
921.965712
941.077259
862.179509
715.766178
706.291358
601.216393
601.669838
625.229684
627.932020
628.943852
640.330181
633.700583
666.304266
791.002243
824.867413
688.051623
568.854357
564.655001
544.292309
531.421358
529.651451
553.820698
567.367263
561.124380
543.409036
529.892242
520.566335
528.567269
558.892314
588.254428
594.674380
595.451182
595.129468
588.110000
592.917971
618.074475
646.012220
650.744240
655.802339
655.056377
642.143670
653.627881
688.090190
705.282532
714.855263
773.263456
818.208292
773.018260
652.239623
648.246081
588.134152
581.973925
579.146532
567.719760
549.028004
543.502341
549.459278
551.948065
558.500878
558.218996
549.452344
555.327125
551.807364
532.550819
521.857793
528.219824
542.074667
546.950459
557.660990
575.341499
584.732615
585.628258
575.984234
566.847115
583.052112
637.734722
672.202711
597.474768
504.397600
502.512369
506.545564
517.363112
496.266583
502.135055
531.758794
538.338929
536.325369
532.731373
521.905885
514.670788
507.434724
518.384372
548.513118
551.616973
551.934513
563.551522
600.816997
626.291809
614.441294
613.746837
632.939143
656.527141
652.060262
649.981457
684.764113
710.382269
730.631351
780.601766
874.092965
867.168736
708.423364
608.040847
606.573497
616.090830
621.119998
603.671119
575.496674
590.281531
617.554408
616.796079
577.678354
540.896781
521.251261
507.013129
500.774577
507.189422
537.017713
579.376400
611.926496
632.212693
650.112299
685.784074
720.096657
715.790524
699.702096
693.951256
687.695401
695.167551
745.194004
799.606344
743.733317
616.508722
613.255454
589.672872
573.910536
538.006293
504.583746
488.049188
494.771093
508.559200
521.169330
526.471558
509.559593
508.609900
516.042447
516.157492
521.419475
527.065812
526.496066
521.965868
532.597407
553.564638
555.528437
544.718113
534.769473
528.363286
539.688859
570.268593
591.973960
595.330600
604.389908
614.441370
609.339429
627.913212
692.169042
764.763365
736.061458
610.443142
543.541510
542.365066
530.044546
503.178969
494.458261
498.399412
514.280855
535.892442
548.948444
556.191656
559.470477
552.030980
551.233311
546.347052
543.068581
554.336691
566.208460
569.088600
578.778913
596.200318
621.790625
641.807178
646.463700
649.790805
661.533566
692.225515
733.079396
712.135209
602.394067
596.345247
532.765953
528.979078
544.541633
552.791295
541.479099
565.569446
594.986800
648.259434
737.084878
723.685182
621.724429
584.640270
584.600014
589.427335
591.317969
579.927280
586.114521
598.621119
617.506746
659.477222
708.052657
743.634389
794.169083
808.508311
703.288198
617.498942
614.704054
609.418005
617.696143
628.307903
620.788913
594.730596
601.457423
633.677357
651.406773
669.089799
699.789138
732.385522
777.914747
836.001809
863.093377
770.063248
661.519692
657.279387
647.751991
668.233425
683.167868
694.600758
708.743227
730.153986
766.377904
842.647617
889.769324
873.143484
753.423445
663.851768
661.906401
689.071552
728.857330
724.392766
712.353789
693.363785
695.426340
718.753218
737.214471
737.535918
738.612485
757.358375
770.465358
796.122327
819.515969
856.851921
878.451297
847.941589
726.925899
720.664597
654.422155
629.382870
659.714736
695.195718
698.173009
679.907937
669.960520
690.823964
702.108059
727.819438
745.259259
733.891577
749.430064
799.855444
829.416909
837.457730
855.918102
881.588949
844.718416
706.386595
699.242522
630.218004
632.944100
646.291773
661.819190
657.441198
628.974702
634.993838
668.515308
715.437092
730.688793
730.165565
757.482586
790.484245
854.248111
865.343290
758.600212
667.896470
665.691420
667.549625
642.855771
637.533249
663.332977
678.875748
680.985946
667.308836
658.265189
680.144329
695.571065
699.931979
710.198756
728.674940
756.443844
777.097225
805.641650
833.314173
852.103501
844.536759
751.231616
678.166183
676.694994
683.205217
683.962485
668.018656
652.600890
663.042955
681.970594
685.365107
691.076201
714.211506
734.267127
752.281016
773.034445
786.823211
796.602130
780.100328
716.199763
656.157852
654.019759
642.900329
637.876481
643.333444
659.767816
681.518561
701.504894
729.102996
761.776164
787.991321
799.481120
815.941512
837.890514
836.237555
807.630312
739.487611
735.674559
689.855001
684.481012
692.676461
702.886014
713.513022
723.829271
716.220143
712.372379
728.639758
754.434244
769.669077
772.978009
780.925338
790.249005
797.948797
816.684328
835.994197
831.258259
826.123583
821.271307
803.394053
791.390515
787.948894
783.906317
764.387484
749.163264
717.991180
716.488055
691.163064
683.685038
670.700432
690.925604
699.246935
701.095747
706.437051
712.820166
729.982105
749.406637
763.281995
787.834166
809.702555
833.145213
851.221365
871.234024
887.661335
891.900213
890.345290
874.583764
836.948189
712.404359
707.234391
641.427453
610.750618
596.766902
604.704440
611.531056
614.278663
614.293691
637.445836
645.818253
645.763237
654.106761
667.888134
692.436186
722.410345
743.490565
749.664441
756.646663
779.598601
794.563049
799.909430
816.471453
833.050289
840.127660
833.307880
823.212593
801.146978
785.164905
771.557441
770.206374
727.831596
694.171306
679.200215
680.492849
686.406609
683.125443
670.738717
663.645901
662.976905
671.774877
680.752445
687.656902
696.140360
700.677661
706.170306
702.262415
706.611777
725.594304
745.131458
752.881745
743.355026
722.997754
697.457813
697.056956
699.564363
668.900171
636.558762
616.551174
614.832319
622.902826
626.939172
627.226548
632.192785
633.295279
641.603929
654.398886
664.242965
687.583609
716.078834
741.642136
763.541530
779.545220
787.751857
808.249079
793.846322
747.173586
720.107316
719.002229
702.098247
698.748648
696.880185
684.019271
689.788682
706.265142
713.800084
722.408072
736.731010
747.564935
764.216582
790.490331
809.236154
822.869604
830.330763
829.701177
850.269961
856.567752
809.136449
806.141406
764.041027
755.642781
742.899457
742.733119
751.902751
757.156348
756.208382
749.429976
744.415729
745.147648
758.868987
773.079186
788.847669
813.467673
836.471372
838.890462
836.460681
846.150872
840.630553
833.508942
828.557727
778.839947
776.026566
734.268507
713.704334
693.124444
695.859221
695.576897
687.379360
680.925266
685.795112
700.463695
713.869949
730.847774
747.198790
756.429011
763.793906
771.869853
787.685186
785.266286
789.287059
812.050094
775.496527
772.916459
744.305753
731.593957
714.417180
722.107721
733.730215
734.663129
743.381035
759.278109
771.804819
783.679602
786.702181
781.338263
800.148563
800.119014
749.639878
746.954517
728.821001
712.731991
713.794466
719.270243
714.417610
707.010253
706.647219
723.809951
738.454117
753.359830
768.114512
775.609000
786.710882
799.402892
810.231459
814.851849
837.193223
816.337721
780.834714
778.117700
738.042629
743.205894
733.971875
741.320438
766.456616
793.260087
810.100107
831.548834
848.924926
844.170246
834.933004
821.871024
817.335195
833.826899
822.688385
777.972876
761.917148
761.736811
744.971817
740.643177
754.206599
773.685656
781.289685
774.589154
781.527483
795.085838
822.312852
850.419843
870.987927
889.928334
917.019909
926.425657
905.757424
885.123712
869.467038
880.304477
838.297815
793.675817
777.597098
777.073952
752.038139
720.175254
696.504611
693.644256
692.211279
685.881619
677.325620
679.357705
673.620058
675.169049
683.193964
688.947230
684.601580
686.340384
695.227239
699.145053
713.159054
728.003789
739.624022
749.176016
755.657999
753.806277
744.317777
723.883046
729.519878
737.587380
736.557631
703.075004
677.258826
669.437559
665.725177
669.592967
677.464376
685.782210
692.055500
687.152670
669.758159
681.422292
702.784889
684.429968
657.977704
656.418957
637.635885
627.753529
622.121643
614.645975
604.827006
607.990021
624.715508
646.483743
662.152892
677.849642
692.739336
701.314898
700.176277
711.098609
731.946783
704.408465
665.930068
664.103077
644.474444
632.679955
635.602687
632.806447
633.430387
630.164941
634.755424
646.509526
663.041154
682.693383
701.337951
709.185592
724.176401
741.951087
728.502510
690.699685
680.512734
679.920615
662.550853
656.232214
670.736623
673.849098
672.141755
664.633337
670.235325
687.283031
706.280331
729.920988
754.561195
778.822549
798.014603
801.145724
798.245991
782.734194
734.868519
699.391765
698.045891
680.718146
671.555546
675.238048
672.447277
666.159971
666.057006
656.996075
651.675672
651.903807
657.249784
670.215078
677.307195
674.799061
680.633914
695.117343
706.747467
707.714203
722.359450
747.430108
753.622588
750.065523
732.768752
678.631099
676.000017
640.520361
628.455239
629.221739
628.629533
629.177553
624.801677
622.633025
633.800529
654.642693
670.607542
689.706675
716.199752
738.530043
767.682140
791.816103
807.375920
809.402545
817.572400
772.966895
740.836976
739.865831
723.266419
689.769316
674.364091
675.372376
688.537271
702.340105
725.013001
714.721364
703.507739
705.715972
726.884060
744.101126
768.742129
784.714429
784.988642
781.580370
767.845659
773.592306
793.485416
814.634319
832.197404
854.360171
876.457833
898.665005
913.692738
926.047551
935.721223
971.465186
1008.232594
1029.371124
1029.816078
975.897450
936.365589
935.387994
916.327534
904.553239
902.738086
882.344531
866.162356
880.169895
891.893879
894.603012
878.295693
846.867899
819.809806
809.330131
813.086650
824.156411
821.165029
819.874959
816.219552
800.697915
786.976420
785.083906
785.274464
786.000719
786.722723
795.486292
812.212326
820.860831
824.461078
825.697700
825.990543
832.505765
841.387496
849.204399
850.628723
846.434068
831.919026
803.642745
777.518207
759.029628
703.192506
637.061293
601.688501
600.511577
577.983719
566.769763
555.259845
565.645582
583.133396
590.274166
594.719899
610.080262
636.902331
665.285287
684.443446
702.892851
721.279308
728.082809
725.857588
716.094034
704.559449
708.373613
701.046327
648.488814
645.609366
610.735620
582.156185
574.201247
566.318503
562.248910
572.150168
571.778380
567.325728
570.594456
575.257024
585.280271
598.694457
610.301743
623.034008
645.686756
672.587626
688.404591
700.666961
710.412776
719.054287
729.282212
744.444184
760.507627
770.428789
777.257865
782.206061
776.113708
758.724605
737.636862
704.357301
646.263722
606.966208
605.232068
575.356351
551.099453
524.922074
511.859115
512.751137
510.708431
501.947626
502.942358
509.211293
519.788834
532.540158
543.235771
563.814002
602.209553
645.183705
690.337009
744.299176
791.521585
814.795171
796.010818
772.022652
741.533381
673.908051
613.406817
582.008143
581.322302
575.190521
567.731198
566.071157
569.765326
576.290598
570.298607
563.186677
557.987284
551.624824
548.525300
548.671265
552.771060
556.025382
558.300667
560.353459
566.067524
571.845581
579.209123
588.646818
594.609033
609.092411
623.446829
635.458935
657.429673
682.689760
711.667425
741.442889
781.468516
824.147833
843.679808
852.144991
854.051685
834.732761
823.022235
814.308914
755.976549
752.523126
651.911342
626.694131
633.052804
628.853997
634.743693
644.355728
641.021999
620.782119
613.130088
605.437555
602.526313
603.902530
604.144376
603.378363
618.704910
644.710117
680.649029
725.266997
768.387202
806.978991
833.233235
853.536503
864.777451
855.663150
854.864858
865.953005
820.309638
677.441479
591.959610
589.939134
572.581864
554.862374
551.662941
564.215805
584.946922
600.953969
592.210150
560.769588
552.102668
571.334318
596.217764
598.963025
593.513962
607.533784
602.427271
596.521927
628.141294
649.143325
666.125310
670.955154
670.475373
711.394392
783.601953
829.400028
856.685254
875.221629
871.364102
906.966316
925.193825
782.830144
639.326656
616.187869
618.005906
617.365104
587.793458
565.868127
553.315886
557.904691
576.065461
576.008960
574.777297
579.828869
585.579789
591.685405
604.423357
625.299377
647.402547
653.432004
675.983632
718.043944
747.247248
741.206153
768.449751
809.544160
857.652239
799.244590
647.692303
642.327091
601.154241
598.523052
592.595052
576.194505
576.723214
583.164862
590.895796
591.670959
612.464391
626.145459
637.446662
651.379593
679.918445
719.713542
735.617800
754.043670
781.625716
819.237807
849.678705
859.884160
851.566794
738.748767
676.812561
675.079306
649.276612
623.628854
590.258690
605.149738
616.590305
614.006167
604.155118
580.788339
584.485836
584.236804
581.207104
584.215220
585.821670
597.948496
624.789754
651.820799
674.496284
699.835168
736.864720
775.527290
804.105027
824.960919
843.902061
826.636265
763.359158
641.571187
637.890267
585.857693
544.111376
529.874877
512.230319
509.013444
528.043571
540.249236
542.748603
536.674447
526.271140
530.041897
525.844725
521.797882
528.911195
540.983516
542.735361
549.852360
553.201365
558.023022
566.602564
570.754387
575.985428
582.085366
592.334547
598.811639
610.537086
621.380720
617.902381
617.399982
620.702610
617.864823
620.749072
627.512511
636.033924
644.932143
638.112286
635.525319
647.094215
651.062528
650.718720
655.938618
657.201002
670.718571
708.286972
706.552905
663.581048
592.629170
591.626329
588.270607
560.389589
530.208097
518.256197
523.983912
505.000692
505.924209
505.247169
487.883935
477.261084
486.640534
503.606965
520.766602
541.656564
561.808450
576.128019
585.632072
593.648911
609.514376
634.398784
649.425119
674.979052
705.049894
722.961716
739.296789
759.517814
773.578843
787.004630
800.094200
830.058175
831.866415
735.035880
567.491852
563.850352
541.720785
505.859526
489.781875
491.878031
516.231508
534.867142
549.965862
591.632726
624.552852
608.402461
579.596685
580.051019
579.790012
582.672210
607.314892
641.296687
664.260478
653.212333
638.926155
642.968308
661.758456
698.818775
728.958282
721.738779
719.968111
743.005209
798.107444
823.671892
865.528275
901.291368
803.874798
653.131556
648.252428
585.518743
587.080055
572.329042
550.928250
549.321138
559.650286
571.577254
557.985622
540.926082
552.117091
583.102792
600.820404
624.332273
649.978093
665.683753
689.640345
726.582393
764.401205
818.556395
892.432651
925.950501
848.157374
681.613738
677.009466
669.927608
647.783283
617.363314
667.191084
744.723823
737.031780
695.764893
670.230560
689.383992
722.355960
735.217739
758.833980
823.814757
907.386242
933.473342
889.332980
791.361964
740.982885
739.183735
708.377209
704.362398
731.974546
775.120703
806.256842
805.916334
768.788955
709.240858
689.032681
715.368087
749.352483
747.252629
731.875284
735.276966
776.816946
827.227571
856.902800
872.399400
882.825338
906.743393
923.805682
939.068598
958.805564
1004.424368
993.934227
845.975960
840.539725
756.374495
759.966313
725.929287
682.602727
697.407686
744.961747
772.584681
784.956544
791.449111
758.984094
735.851533
729.051065
728.109086
731.932447
744.851178
771.720511
793.706714
797.268923
806.952213
833.188079
848.055652
841.497238
838.267345
836.103426
832.127499
828.669573
856.381333
883.697613
892.959191
902.798091
904.493466
903.381112
923.005706
940.971989
941.534924
981.610066
992.980005
872.924852
748.092558
745.622846
720.419961
704.396044
697.982603
672.873948
655.006255
658.104197
686.509854
699.978267
684.951963
686.629874
686.893558
666.845347
639.822844
646.098575
657.177500
666.505783
674.808056
693.414490
712.168947
723.562165
720.246915
702.826167
701.958861
721.624215
745.736079
756.745979
748.326998
735.552815
750.556954
774.609266
827.515787
904.420877
821.397503
688.726494
685.768883
663.136899
637.049555
640.167397
645.430669
663.090981
642.089490
626.183090
623.667920
605.878484
599.343511
608.842540
598.971629
598.722561
618.835339
645.606014
676.888799
700.190128
708.083258
722.836903
752.441121
794.648348
845.779979
912.682582
907.835172
755.626997
641.221379
639.573342
668.812870
666.642789
616.350093
612.745394
626.201713
627.328508
600.546814
602.104400
636.420443
646.694493
630.144253
621.971475
622.011832
604.143736
602.765427
623.911538
651.600250
656.687919
668.217577
697.262886
715.400035
739.507889
784.792839
827.706078
829.636060
846.880934
897.162574
967.542644
988.086747
860.965749
666.034229
662.191450
662.918894
632.992762
606.819478
630.012319
631.529929
644.655453
690.004424
712.994647
693.891608
660.805946
624.624411
617.081240
657.602906
684.047324
709.254550
749.794400
764.194247
756.658832
787.525349
830.648433
861.035040
924.976977
958.040353
952.815162
972.893333
989.912021
1011.042052
978.947956
795.373810
644.406340
658.187684
658.645514
650.978157
658.813417
719.142490
790.153367
773.253683
731.018845
700.833806
693.756293
720.500677
739.173023
760.447245
836.765632
937.178617
926.727019
731.286986
721.338835
672.381654
644.355806
608.162518
618.015140
604.878128
631.955430
680.209861
706.515866
705.804157
664.271786
663.564626
743.536158
803.756965
843.886453
919.313170
950.578066
823.406488
673.992068
670.821189
680.096935
638.845469
602.474510
624.036378
653.531240
630.899786
622.241268
657.889734
674.574544
644.049979
643.150272
633.870986
633.842310
672.681146
726.689368
725.043403
724.187441
747.673537
775.110392
821.220089
854.998049
851.951195
743.508656
666.471434
664.731643
675.312977
656.047550
640.488271
656.495570
673.984612
647.992082
651.224757
681.853584
671.011448
650.177018
639.523321
657.089415
675.201093
670.788529
632.521342
628.436635
652.969080
646.218457
629.102396
621.635430
629.169975
691.645374
699.373087
697.320768
730.325065
762.760310
816.420950
864.446192
869.187969
832.882939
667.581092
663.346254
656.120119
673.467653
636.369852
616.305403
645.100847
671.119321
685.415583
696.169587
685.318856
658.984124
645.090690
646.332293
656.280324
659.651008
694.251391
707.466197
692.964854
679.841276
676.134187
712.678867
744.930601
737.150626
749.741521
785.843947
833.563779
844.988365
856.098875
902.047187
950.871723
947.809709
792.515622
594.399014
588.228097
609.243316
640.238573
623.781585
620.030224
643.869367
674.127454
668.445658
621.721601
629.669596
672.084848
658.646375
653.291487
687.077240
746.343064
777.676499
771.332534
790.451639
816.117847
858.979762
944.055210
1000.550193
997.000192
938.925910
792.558788
713.438520
711.675973
695.140733
657.520113
623.284241
630.260869
660.003095
682.527439
665.774945
639.623204
612.237198
609.665676
631.661532
625.575067
611.480310
627.501981
655.712636
674.335355
706.843169
727.179963
736.033530
775.160246
846.849134
908.181854
888.143531
733.264798
652.483392
651.870178
677.728525
690.036201
707.557344
696.167637
668.997062
676.521288
696.950619
706.199950
703.154795
690.665692
687.137989
713.568442
748.241376
782.017337
815.837732
845.127920
844.791880
784.794111
674.232235
669.910865
633.424628
609.567523
608.347449
662.315135
709.754349
706.738450
683.073122
679.081258
688.536592
690.212390
684.234097
699.297535
715.698936
716.163187
718.647405
738.395014
772.250062
796.004438
810.988717
846.250053
911.956180
969.056961
981.101148
846.228420
709.523642
706.046134
690.539885
681.011983
668.883002
688.841929
750.229795
789.054257
780.629751
750.845950
744.862456
749.323471
764.934087
791.388375
797.840301
810.708763
851.155918
894.304506
925.069285
944.917950
968.695554
1000.931817
1007.939264
865.819033
688.091441
683.998343
705.244092
751.126823
747.078895
744.721727
799.059463
826.799372
817.526644
806.805974
792.523162
799.215467
829.303575
831.679371
794.949584
788.985135
847.853591
878.236291
871.120308
893.715574
908.371972
928.120828
959.418778
996.470717
989.614002
844.726095
711.439756
708.256358
698.605823
701.003614
704.901762
735.074050
759.143368
749.436477
724.646109
737.484433
767.583533
786.663458
778.316070
743.262896
726.116776
769.586261
826.584118
825.402320
801.888027
820.346063
860.724634
878.351365
875.274720
871.069515
873.526479
894.813068
905.084486
792.125097
654.956576
653.497443
704.208689
713.070990
666.661044
630.603365
667.126284
705.855364
697.202287
669.744801
672.355708
696.455785
699.611461
708.401564
736.655400
769.972512
795.864314
825.591897
862.471917
895.859075
926.857456
886.415103
741.929768
733.798792
661.464647
672.886216
659.842485
639.921590
640.098635
652.500997
670.454669
687.607408
686.574763
657.017060
637.154591
653.641698
671.742027
708.033410
737.914144
782.137057
822.477801
814.772813
820.189693
837.346716
853.647312
874.900850
887.825715
896.814699
923.244691
938.855527
837.065098
664.575734
657.063343
639.878821
658.914692
632.701950
598.865906
592.473565
628.455583
641.034868
636.318083
640.811218
660.155943
686.716590
683.007003
681.682474
694.126803
716.326392
739.822793
771.398045
772.056294
758.676089
759.275094
778.465849
800.827020
812.948595
844.679454
852.376907
834.437809
826.601187
843.299326
860.008733
896.495662
918.927069
899.707410
905.937984
921.378820
937.437138
955.593614
983.148076
1020.530283
992.599000
850.470288
844.652965
767.608739
795.343688
773.687638
757.096250
752.958204
740.900284
738.171136
722.379627
718.129075
735.948964
763.135253
766.285099
767.301377
763.369578
756.611810
752.103670
749.023798
742.955648
743.852759
755.960380
746.834709
733.104464
744.836164
782.824894
812.378563
790.135318
771.491249
787.184401
795.339070
797.213196
802.454939
816.726945
839.279178
841.442826
834.716172
838.185010
836.777664
845.196165
860.772144
862.846729
874.009957
868.651283
870.145699
889.162451
887.278334
870.301665
873.565849
887.515349
886.995937
851.792256
771.566917
770.075347
738.920086
736.741531
713.722350
688.046013
679.388253
681.110241
664.690417
662.353539
663.571854
677.662807
672.446533
643.849288
651.264271
660.254546
656.011593
645.710214
646.286390
654.818975
666.416362
670.731961
686.458422
709.273697
713.217910
703.726440
706.520700
713.725412
732.447117
743.409216
743.094616
755.667678
760.628987
769.206447
784.303364
789.624007
803.181546
816.723549
822.605585
831.323555
841.578235
848.385084
853.762780
865.865922
871.835719
864.193530
860.772389
860.138353
869.710550
866.633336
854.123612
853.366686
872.116000
903.713096
898.975287
867.375015
821.012102
820.214506
799.068380
788.472986
782.617407
739.893513
702.243960
669.945293
687.218415
707.548299
721.665048
724.668755
736.642611
712.731706
692.002050
714.512855
733.463042
735.272749
712.883858
673.941757
652.104445
663.144250
679.894294
682.709472
682.651053
676.323052
658.327212
653.814927
676.198063
682.963013
675.539246
668.410463
660.465741
660.677389
670.221388
679.604503
684.974163
683.632517
693.363576
708.708349
704.338743
687.677617
685.672819
694.859037
711.144234
733.326862
732.305317
730.489081
740.022025
754.706378
749.713399
738.607606
750.512386
768.651773
771.391181
783.405453
803.841733
803.145198
810.645940
831.304870
825.187132
809.451044
865.555601
918.483960
856.616956
705.624791
724.843213
726.068753
746.912118
699.672741
665.908910
648.202973
649.461136
654.786557
651.440146
638.143685
633.326296
624.911566
623.155288
647.786604
648.779158
629.501857
614.243836
606.471741
610.250698
626.075291
615.684077
605.172161
612.665675
627.531677
645.222246
639.264473
628.141709
628.891599
643.881033
662.528207
663.740335
662.805497
662.173827
663.641258
682.429287
701.097616
707.534796
711.629460
720.698442
730.693574
755.940909
776.151761
778.404450
803.155736
827.393436
839.109476
878.055280
911.910075
838.251365
678.832520
674.502669
666.462253
661.440832
657.393334
661.572520
646.505081
619.800779
607.752079
606.204644
603.887649
614.055958
615.476254
599.775331
589.597460
589.551397
599.417944
609.873803
619.981405
620.390607
627.029751
619.749888
601.173567
589.371503
596.364682
606.960143
625.937252
635.963771
621.750954
614.486457
615.955820
620.959258
616.283863
621.977907
648.652418
668.941693
677.018823
675.910567
678.868888
703.218318
728.182785
752.663632
768.460403
783.422465
808.432987
831.116788
829.375754
842.395161
883.068592
907.456012
865.578136
787.692410
786.447057
769.813154
764.581107
744.681913
744.313860
764.535213
750.643431
729.922083
722.877572
692.154632
678.364185
663.694538
669.399185
674.661338
683.720221
678.588873
711.456226
726.497009
715.087103
709.411069
721.256031
735.281630
739.730964
742.212752
735.332699
721.204851
731.913697
756.671201
770.102776
764.427384
754.393660
742.103326
734.121196
736.343706
766.589990
771.067688
749.782932
746.874705
766.316902
773.288925
753.977343
760.624484
774.120382
772.636112
767.862208
772.858432
783.151541
778.791047
786.183243
792.369207
788.589752
796.527323
792.912922
798.704122
805.451170
810.876127
809.344836
805.293951
811.781727
818.474565
830.002382
849.257892
857.116785
767.270047
765.072525
697.381639
698.188826
686.085359
674.519153
673.632822
673.246097
673.455942
684.629828
680.414716
700.852081
752.831466
759.949677
725.990005
721.922218
714.105870
693.073874
684.700652
686.088389
688.500621
678.480587
670.787317
674.487509
694.087138
712.805739
708.628538
696.892457
707.208524
722.068772
739.723124
752.214130
762.522456
775.385600
795.629777
822.342048
847.875058
860.988919
868.788508
878.812672
877.142644
871.497295
855.963426
776.120069
773.544508
708.776804
697.188722
681.658307
656.057001
657.276002
656.420759
632.903162
638.606384
656.822884
672.476507
676.336979
680.343907
669.968863
657.837684
649.447688
642.893382
637.859810
643.666569
655.487318
660.016053
665.710984
673.464066
689.984082
711.810167
730.282452
746.459638
771.494254
802.855849
828.821610
869.210224
891.357287
898.888326
899.459121
892.707419
881.632210
830.353290
828.021740
744.367508
706.958213
685.082554
663.138672
656.312003
655.134099
649.577879
656.510807
652.544515
657.515175
665.157101
659.135401
649.571658
647.139000
645.543183
634.717577
630.219161
639.244557
643.457250
645.814252
650.576787
655.073146
654.774679
657.849726
668.436975
684.339885
707.385905
734.302996
765.631094
789.962822
820.245385
857.344639
888.733076
910.635121
933.303856
953.356646
961.739359
935.849265
917.053310
899.637357
826.086043
745.125905
742.951443
698.657908
681.106790
669.166584
667.787212
662.473701
666.293167
666.153378
673.048655
674.861282
663.810078
655.602105
652.064437
652.251805
662.334421
668.902492
681.409433
700.313654
712.838419
728.849080
750.831170
781.912065
807.750441
831.870916
871.102570
895.576239
918.984974
934.603150
920.970907
916.455168
896.143585
835.938308
833.582997
759.523682
728.340763
702.117793
673.765287
647.191509
629.133195
617.426066
614.884878
615.701892
618.601259
628.590903
639.447311
636.894449
646.768830
660.254679
648.320438
637.246318
633.612967
626.855211
626.305732
641.049167
656.097129
663.799997
659.799307
648.561388
640.167443
648.295224
657.814504
664.860252
680.823761
699.648082
714.444991
722.261974
722.157912
722.201270
726.811844
739.836682
762.274804
778.009996
796.988721
820.863200
842.203600
859.006989
873.435617
894.005526
901.052887
875.612855
798.790829
796.752789
731.552090
711.100972
680.780365
658.125310
631.138368
605.746263
600.484981
615.966668
622.296642
632.793759
628.864543
614.388269
629.270434
642.238808
630.789153
619.701537
603.310797
589.192165
582.992391
585.673006
584.393794
586.662205
586.759852
596.315638
613.112911
629.160402
628.251511
614.536181
614.623090
638.049589
667.371719
690.237720
694.092952
691.293641
698.211486
712.512243
737.259901
761.119011
786.867474
801.231447
818.447272
835.199302
864.581488
876.494983
882.258499
884.106185
884.432499
810.714119
653.510024
650.866498
616.748641
622.604396
604.505064
602.000799
589.406419
589.131780
603.862921
611.632191
625.925535
627.289857
639.061578
644.418084
631.040155
622.574190
623.535599
616.666785
604.808020
588.419326
571.044340
580.971651
609.712983
630.716335
621.076220
599.161103
586.038554
575.448634
570.823169
607.027936
643.778566
633.491635
613.305216
621.446485
622.932047
628.709769
639.201841
638.150087
631.800531
640.973873
652.506742
649.032773
643.580176
654.762989
675.582516
679.859433
685.174638
710.292851
742.087666
762.220227
781.917884
809.626427
841.122556
855.717706
893.022017
921.554930
792.378314
601.801776
599.408065
592.363432
596.317414
575.818181
584.885583
587.119626
561.680329
578.114044
622.376335
645.557183
620.977826
611.736946
638.376670
648.442079
631.748967
633.735204
612.796727
600.334087
601.487030
606.452143
615.726210
632.188768
634.356365
607.457492
600.558070
617.673866
628.535044
628.680941
627.103505
626.191487
639.100938
651.998650
664.663477
669.179288
673.603866
670.473921
659.459807
671.770493
699.204751
717.392691
718.155625
713.618728
717.470324
722.573873
720.583086
724.381800
727.429165
733.688077
738.493598
732.035713
740.382502
768.483088
800.738393
822.781397
843.028546
867.776033
895.147081
942.520859
985.422605
976.264887
850.650883
743.325910
742.471014
757.631651
732.972363
654.061238
613.827392
622.410099
626.654526
625.158450
638.387470
635.843681
619.030740
629.084873
659.316822
665.385240
671.292751
689.958264
699.028400
693.543567
660.118596
647.305751
671.152872
687.073539
683.459531
677.350337
660.881792
642.447820
638.594933
631.284200
618.740879
606.391759
600.722195
617.734191
636.634751
648.923538
657.493340
659.361176
651.885659
638.510312
617.313413
599.866172
593.619807
583.821312
578.177864
592.705768
607.377165
605.523987
598.174673
593.714009
604.474178
615.661164
620.391373
619.218644
624.348944
614.299166
612.598182
629.077358
629.662729
630.004169
636.437550
631.886235
630.277770
662.343338
663.956666
645.604646
652.859993
666.401083
679.610000
698.419919
706.732577
710.878936
725.283128
749.205753
773.465738
793.054933
787.935043
782.230435
802.390346
837.272271
853.465609
871.843657
899.444750
933.325348
950.001131
982.750592
1014.854114
948.960992
766.730311
762.356178
701.809686
686.730251
694.628393
709.036879
690.524632
656.756678
639.097790
629.528362
629.920879
630.889783
629.423318
623.112211
621.783319
635.437069
637.257415
618.694858
626.993053
645.631336
636.572701
634.463299
629.406644
629.138229
618.445839
582.072547
564.333915
590.115434
627.715729
643.429218
627.179367
631.299812
622.139284
600.434471
614.668776
629.804391
647.044933
657.568512
651.184079
647.501925
635.135850
616.184384
615.029769
636.140763
642.962378
638.398187
661.635177
682.717724
681.487219
662.000217
655.761969
669.815226
672.659430
669.273422
658.617104
656.469166
654.125251
677.623603
685.768514
686.183630
690.120669
684.939361
706.917544
727.194690
724.897076
704.411584
719.265945
751.722800
774.916588
787.045019
786.060557
786.102408
792.682692
799.538976
822.603998
861.143735
884.323073
885.505590
891.598393
895.906206
905.985491
936.178810
956.000363
986.100664
1016.094755
1007.980881
900.300657
774.782620
771.199951
737.455081
724.377065
729.265464
734.406782
719.639741
684.711536
643.327951
621.614557
638.706697
657.735778
645.720355
631.454777
636.372970
635.075802
634.283879
641.438472
657.567057
672.392124
658.592099
656.889575
656.298885
658.531599
669.515141
682.206405
681.683152
671.580945
660.924581
653.187571
649.551915
644.055800
650.424875
650.459399
636.892281
631.931645
641.942884
655.633753
663.009388
679.046487
681.327135
678.493657
687.209041
706.977119
723.284018
718.386572
730.104994
741.651986
729.714282
723.461050
727.446124
741.187631
758.857188
766.573485
775.382747
793.611249
801.495475
799.779561
798.001998
803.587424
807.589040
800.802129
816.368705
838.658604
851.631874
878.007035
894.325916
914.397065
969.309695
1018.859421
1025.819790
971.569889
810.097284
683.231200
679.567515
642.350576
642.637252
641.377906
638.374701
637.844820
670.997012
698.947904
689.419475
697.412110
708.729806
702.582782
714.672101
711.063530
712.705580
720.617147
717.241686
694.497090
675.583275
672.491922
673.661295
682.910373
687.454975
696.756711
709.519883
712.329813
721.502096
713.083244
707.764156
736.951458
760.815148
771.829750
777.081280
779.282764
777.895418
760.686072
771.135827
814.214913
826.584439
816.681275
817.057315
831.225271
834.562245
821.038282
822.048296
839.752571
850.634175
858.107341
851.843773
850.073778
862.501028
877.307864
881.702647
881.135063
883.232225
878.133545
868.681197
870.373784
879.182037
912.102197
938.635350
932.873940
807.192772
802.325882
679.841686
707.279893
735.923317
719.108128
690.116407
667.098112
665.815629
668.746023
674.737998
692.078347
659.755532
639.239595
653.641802
644.687139
641.151714
646.740104
651.385229
651.598798
655.134329
663.076364
665.315185
661.894586
667.440238
662.557093
678.712047
681.097909
668.221096
690.357590
726.457727
758.002943
782.101773
800.117387
822.620548
854.281178
883.947343
892.368322
901.399671
947.825906
987.199245
1016.994594
1058.725304
1092.633170
1078.927444
957.576318
869.192283
868.351461
881.632702
859.621795
835.433019
818.079925
802.668326
800.110677
802.233753
817.109865
812.747020
811.162890
836.034038
849.113742
836.441909
839.666098
842.429800
835.448925
835.229228
840.193148
832.771288
820.999534
814.657563
810.041699
803.868280
806.616982
804.739569
818.669082
819.951087
813.327940
814.596097
798.950651
796.969654
810.651925
814.908116
817.079082
832.550921
838.331519
831.045239
820.492146
829.897553
844.061792
857.432606
848.341775
850.915422
852.655102
857.085479
878.951316
889.968310
871.517849
861.521821
869.854080
883.891443
881.200131
870.643796
872.880035
874.887421
874.918899
869.524047
859.741665
854.030187
852.327284
873.165653
940.229032
930.576122
815.139572
701.798295
702.814064
711.578334
711.430537
687.299684
667.072715
652.194847
644.810824
646.591613
637.164070
666.469554
680.994414
677.641807
664.234305
654.896105
639.836649
622.394946
627.385599
649.296279
662.983838
645.036394
632.004092
645.338881
663.740868
679.537085
678.559690
671.459329
681.402121
695.060867
699.301938
696.270744
700.895866
730.180618
762.140558
775.339093
760.030801
762.282149
797.629609
824.649802
826.763646
816.911672
821.259836
830.173594
827.489225
827.725438
822.398920
834.267133
835.778930
820.162361
816.965668
803.462420
788.372287
808.424601
876.856117
901.824303
809.020967
680.597073
678.622157
665.227533
687.076455
688.871687
671.595548
658.802749
648.864012
639.018565
610.891376
628.548393
656.944967
644.734638
628.405607
642.595170
654.360824
650.867858
634.443061
619.319043
607.661264
610.916183
624.955326
640.291162
638.438118
634.932176
648.679923
655.520310
641.496622
625.631077
634.722528
645.018886
637.547838
639.356284
670.633608
693.403638
703.465663
709.156720
737.059842
719.664800
714.382425
745.334738
780.528139
799.630539
811.840421
820.117330
825.701557
821.672028
808.790165
815.468707
820.131640
812.069272
808.407601
805.558572
791.400178
783.268733
788.588188
796.960345
788.361315
774.964101
767.447781
768.519949
772.243585
776.240353
773.545500
797.503006
869.954556
906.692767
873.546941
782.492777
677.318058
674.941771
648.667383
651.259698
639.511474
621.249525
624.872304
637.692438
652.686683
665.412126
660.610355
642.872790
660.300597
676.640454
682.959729
692.537526
718.928431
745.649177
733.680551
703.458996
688.998275
653.592351
645.716946
683.483485
694.006937
679.937370
675.571500
675.015176
664.429693
659.540525
643.992355
629.525441
644.029976
654.907096
659.067844
670.174339
684.910840
681.617840
679.785720
668.841998
686.292229
676.466888
669.282868
679.364409
695.447039
706.159359
682.590622
682.919944
701.535996
697.664607
662.045542
677.728744
698.045655
699.249043
691.795316
677.377982
697.627444
721.109463
711.246773
699.564101
705.485382
690.201936
670.487234
684.466362
708.145243
708.914812
691.637484
679.178678
693.092243
708.360661
710.384604
719.402679
729.747444
720.308514
718.926843
724.048319
714.015224
693.539362
688.740737
692.447246
692.213680
695.578918
696.713332
703.876505
715.575173
725.977240
759.337371
803.564612
804.974299
722.546797
644.852232
643.254184
610.548768
587.158603
582.820198
576.943382
576.974336
585.507581
587.930155
580.587629
564.275133
570.867814
571.168155
548.478513
544.589062
574.961137
604.917656
603.345427
588.263770
583.612132
599.309679
596.150541
578.115874
583.544343
594.591301
614.973598
639.705104
641.683648
645.178180
656.439504
638.969351
616.029112
629.741577
660.250787
667.356849
677.362696
681.078588
685.011997
694.911215
682.710323
656.811008
667.254765
672.472470
682.279548
673.052270
665.827590
667.481803
685.873316
701.022011
710.580141
689.486426
686.722732
713.701665
710.861377
702.083354
711.902913
721.871016
724.055123
739.016545
729.532848
716.963636
736.892851
745.535291
761.648788
765.432789
767.666570
786.089443
792.152159
795.292470
808.474880
801.490015
787.411878
794.735306
799.602259
797.180462
803.801468
806.444146
787.371795
785.536968
800.829128
801.683928
805.734705
808.163428
802.256119
800.738258
805.671612
830.622003
870.971230
893.419274
815.564766
695.700492
692.861099
645.853210
647.047480
658.324959
676.891018
681.214101
672.871628
654.318830
652.916857
688.686507
709.460217
678.823791
657.483372
661.861973
657.860155
656.866569
678.202727
702.445108
713.878542
722.855538
750.274604
757.982120
731.924444
701.909607
691.113995
692.006980
675.848624
666.162972
665.943047
660.179258
674.944745
698.360116
718.089116
731.198597
717.742826
704.081874
694.934375
706.222808
720.157312
725.322192
725.142005
740.952470
760.985311
759.410545
771.336578
784.981705
793.248307
803.154275
813.338818
827.602305
832.980483
838.786447
843.170955
845.822366
863.223954
879.084848
873.494741
868.864977
857.364057
848.949759
861.394102
881.428974
904.379245
910.610897
849.564113
752.497126
750.115982
721.358297
723.789460
718.728521
709.895874
709.042397
696.723364
665.658465
648.030544
652.327649
668.642938
662.384918
648.599739
647.191839
661.804170
675.395738
684.655469
673.715038
669.577565
674.203214
673.147781
657.126088
647.003265
652.885136
658.541247
668.084913
676.865011
680.871679
675.672830
674.153199
675.753619
681.458523
686.227113
671.332177
675.590832
687.926951
689.356633
689.048088
704.207011
715.084463
710.129543
725.113159
761.935933
802.794157
815.464854
724.514217
646.930875
646.301691
678.695893
692.011730
673.661537
664.949811
649.351377
665.997535
692.253814
696.807852
685.467123
680.228943
688.982165
688.365461
683.349705
690.102151
703.559673
702.939460
702.718959
702.778345
701.237882
709.893682
721.351194
732.767050
735.413384
735.099938
752.581075
764.957325
760.425942
762.840075
766.166822
765.687044
765.286759
764.442526
790.985502
817.046027
814.726817
811.953027
815.903576
820.196396
837.098932
849.970798
859.551637
869.910078
886.559054
890.971529
890.368396
909.469793
926.201544
931.532642
935.891791
959.911226
978.846136
939.309782
829.943553
827.733002
769.650763
790.541574
786.797017
766.299045
764.338941
772.330335
767.322748
770.775313
776.351088
792.153855
768.308086
726.987643
722.658289
752.036303
778.823991
806.632340
808.296901
797.324421
788.122755
776.560923
753.979319
724.562684
732.262190
766.674565
783.156585
781.269263
784.473052
785.401357
782.849049
788.685977
778.291068
774.963482
786.055103
799.557227
817.424162
830.674459
834.683035
822.791015
820.127251
851.812560
859.044496
845.086376
855.809764
852.698432
835.412075
845.716512
851.400959
856.007055
856.604689
853.693079
855.861396
857.922992
849.406269
845.208149
863.384155
791.095377
788.101845
657.790259
638.807892
671.685684
672.237324
650.642041
629.763439
616.206073
628.322832
645.828876
653.475018
627.751039
595.920195
578.504651
592.690405
601.316174
605.444440
609.723101
606.132903
608.120656
612.642660
618.348475
609.869629
599.341647
605.238810
624.346168
653.757441
673.591132
696.827651
712.899503
724.103968
741.054248
767.653358
807.329349
833.545007
832.315079
825.914624
838.420497
867.745624
893.277667
910.759260
915.065133
913.751291
924.174882
923.059612
823.702689
821.151000
740.063500
747.820464
750.001548
738.473870
713.100764
685.559080
675.949773
672.191780
661.320756
655.571909
661.145144
670.269330
664.227504
650.962894
647.440819
647.422662
644.181124
648.003489
637.202810
618.891416
621.884063
603.864018
583.952778
581.436004
585.513969
581.329375
593.393501
605.005725
608.888081
612.020261
612.683955
618.272599
626.238985
633.883786
637.816615
629.597398
616.764175
616.864256
636.998315
669.231527
687.278885
688.245992
691.652719
707.968044
720.051357
730.045738
721.064524
725.737976
734.516760
737.421927
739.906839
740.057632
738.303672
728.480394
726.936613
745.498642
781.196409
826.754323
831.903928
740.968346
671.901422
671.350525
687.738916
681.579125
683.236561
651.072044
637.432778
652.747435
629.366510
614.004806
624.027511
623.101914
622.020479
605.502609
589.145379
591.308083
594.188562
597.208100
598.605487
580.638664
566.748512
573.811780
578.440021
572.806506
578.956057
574.504349
566.146495
568.838685
569.427511
569.000241
563.336852
567.113206
581.965033
583.832346
583.009543
575.225311
567.270363
566.442704
581.754140
595.943313
605.550880
599.926005
589.402824
594.042821
593.615239
594.041015
608.009120
615.341761
608.995640
601.615783
611.747718
633.158463
641.752201
641.765485
650.723400
673.227625
689.263482
695.315443
714.447940
723.279927
719.230062
731.414908
742.840302
754.525958
753.101678
763.463433
799.189378
840.641407
825.502436
741.699528
613.324457
612.040294
614.273562
636.440684
616.251794
604.723320
601.313679
610.159849
561.495352
546.369945
583.222939
594.928178
571.523915
553.783751
557.724039
592.679778
625.010536
614.360232
581.469449
577.847480
571.061199
550.395211
546.109064
571.600538
583.360195
578.671450
573.409083
561.354524
569.155776
584.832640
577.207377
576.431926
578.215727
570.969288
583.040791
591.025221
582.103187
581.649069
592.718850
600.930206
583.036038
576.265998
604.470123
623.754716
628.697563
644.970566
647.106246
642.378516
656.875234
676.027217
689.965250
687.705296
690.508658
713.392436
726.066133
724.624059
722.477737
750.012621
761.763401
763.357598
784.894170
822.637185
867.905896
849.289280
689.691236
686.844448
605.156616
627.697113
622.866349
615.087989
612.629775
570.682132
565.110444
588.352907
567.731721
571.629071
594.665798
609.466051
618.947764
632.321781
642.380127
663.884345
678.855749
668.204443
631.781625
612.784696
622.371483
636.963277
653.557597
654.523239
659.763261
671.303863
672.884482
657.599328
646.488715
648.004401
642.195165
645.384994
659.623661
647.664770
642.089537
659.325443
669.456975
686.117895
700.886260
699.287279
707.072669
706.784135
705.887560
707.965141
701.615159
688.587044
685.427164
697.670880
697.125522
684.644257
683.331064
701.219819
714.896120
742.649635
801.737574
850.492546
875.116621
852.972789
685.608231
682.078422
624.701027
646.812216
657.991369
656.030785
643.208394
607.562319
592.782331
603.963772
607.307343
599.983249
606.563212
622.887832
636.677395
630.243309
618.780335
623.283819
624.149608
626.163445
621.115482
597.383102
604.109055
626.936844
652.802141
646.043763
665.986386
681.182130
673.250771
670.528437
676.615449
686.018729
699.146430
698.050569
698.192286
691.514014
705.498936
717.111783
733.037854
735.152300
734.656436
740.307727
742.868613
749.752316
748.987035
723.757738
695.725978
689.902744
701.082180
700.160898
685.257138
676.997384
675.581592
685.766139
754.609643
832.373639
817.953125
757.006566
661.290218
645.726177
645.641888
636.746123
603.847271
588.413139
577.006572
563.303160
566.346606
573.893185
588.085870
578.374122
547.490689
529.859585
529.720839
542.455529
545.622448
539.381867
525.451507
520.530977
523.146445
523.643514
524.958808
526.442989
540.892255
566.653262
568.344289
543.592267
537.354474
544.983078
554.913802
545.860352
532.519974
543.760065
536.906617
544.438107
553.227045
567.541867
570.234907
570.543403
586.124963
579.406375
568.206833
577.695564
591.538435
601.361903
596.599726
608.444860
620.368582
629.806859
637.700446
632.673022
623.466090
617.876089
599.428153
563.844657
532.975190
519.224981
586.482781
690.082900
716.770183
641.915926
524.962653
520.413129
520.815963
525.243491
533.722183
560.532451
566.188563
559.318676
540.670556
553.661281
567.228733
571.063427
571.642572
574.154262
559.061723
574.170006
603.297059
596.568081
591.291163
618.090425
638.420182
627.182582
612.970470
622.975047
626.155448
621.997936
591.286836
604.203074
651.041648
652.347699
643.808712
639.059085
637.539490
630.548375
628.346476
669.044596
693.134941
665.745200
673.110955
691.538824
695.517330
701.321704
719.560421
731.238716
733.995172
740.558458
741.504192
745.911325
758.204804
776.081619
784.029041
780.068478
772.795859
778.460831
803.886066
840.935513
855.472023
833.214660
759.175838
681.239951
655.367074
655.294275
667.896883
671.142987
681.428443
686.436662
659.643382
621.551615
624.495904
633.302062
623.538132
626.413421
649.502649
648.739675
641.416870
655.805914
664.936248
652.142591
639.219412
671.445427
692.965847
672.492386
665.892215
659.591387
644.906320
644.826383
681.299792
671.800890
680.427371
690.400354
673.317632
670.658725
685.603219
678.359182
679.910490
677.428699
675.921375
663.228274
679.831453
717.480864
715.545724
705.221510
704.484583
723.735909
732.759701
736.352511
723.828753
700.669445
710.990492
725.983303
720.644074
708.839246
687.153408
683.032071
690.950512
685.014444
687.932740
684.327542
682.885883
698.354647
720.176610
728.060730
729.478310
748.695909
797.772647
822.179291
823.747648
756.442783
643.134820
639.693315
594.253800
613.095019
624.793097
623.558913
650.597615
654.871303
630.491276
655.296877
686.512854
669.123661
623.641777
606.688343
619.277991
654.567785
655.266570
634.916018
642.869892
645.039131
617.831678
612.770219
645.954738
649.714432
614.022558
605.877342
627.227976
624.627017
613.240851
631.272646
672.438246
686.643850
668.486217
662.881422
662.656809
663.961802
661.711264
674.205783
699.028290
703.961484
719.409228
760.755681
762.838239
734.867969
730.186169
742.745642
757.396415
768.059650
763.634612
772.295194
786.130660
791.686298
809.784670
874.359883
919.506608
894.351267
759.218968
671.416081
669.809637
669.935068
664.126506
642.866317
627.159553
648.233773
657.521225
676.175169
696.847291
665.239687
608.952135
628.445198
681.218905
706.831439
657.496915
599.472202
593.414052
597.362211
615.735153
624.977556
600.847958
587.803778
596.819274
592.532965
585.952143
579.226947
576.926276
576.423553
608.457944
624.413628
612.839692
599.358485
586.538635
580.589296
576.397327
562.690681
567.857888
585.514576
591.266001
584.495778
576.492716
577.168140
584.393335
579.847316
577.467487
580.712009
586.068213
603.429266
637.997935
708.981995
768.112259
746.394004
618.602834
613.475215
578.494419
600.794774
586.032127
595.829005
587.278638
586.359384
614.600459
599.010580
577.026137
604.055095
616.491017
603.315038
605.311921
597.833588
565.595981
571.141739
586.633664
609.197348
612.750322
604.186909
607.582945
650.839482
675.078084
646.484720
625.336058
640.838970
661.160553
675.058763
701.318687
718.114303
715.036206
661.985828
561.941367
557.636633
531.358587
517.018656
519.929157
519.096851
516.518940
522.825917
546.799812
568.474370
572.910130
542.597638
526.686823
542.709871
560.443180
577.221332
578.290012
584.529399
607.810160
615.284987
608.516004
616.378900
642.724467
679.081865
681.917291
663.985047
670.080699
694.393545
697.016221
701.329800
682.134044
693.177446
707.106767
694.980233
688.895381
701.645198
703.557701
700.271237
717.419617
730.925107
768.469182
816.662177
799.596039
733.617648
671.421129
669.125874
644.675869
638.406384
637.702891
659.608764
657.562046
641.977266
642.530861
646.428832
644.593022
657.736259
673.480031
668.068077
648.393505
654.840093
694.912749
693.123587
681.451159
674.804026
654.763429
650.320965
646.766184
666.165332
687.221305
702.224796
695.164862
671.701418
686.098511
708.055221
690.412999
691.002651
701.984756
703.318203
714.947733
720.878961
723.672223
737.964662
756.274387
754.102213
749.334637
770.080567
819.184229
819.607263
728.849934
629.045192
618.841991
619.561672
641.899062
672.388269
668.130051
639.256154
613.338339
596.734282
611.283673
625.819030
628.031344
634.781519
655.412263
666.097890
653.434736
644.119452
643.978620
655.441759
660.355335
644.465146
636.795286
631.867690
609.855373
614.051780
644.195241
650.211275
642.423462
642.841512
633.486711
620.446412
625.361929
640.458488
657.786224
660.273170
663.822553
666.077574
679.092055
686.914286
704.128691
713.580222
725.422694
745.933068
761.841135
760.598327
753.459437
757.884863
766.207699
763.297591
765.092403
773.923040
783.023312
791.894740
805.786236
819.586693
763.360583
642.850947
639.261810
600.338961
635.014163
626.460702
592.224323
597.896799
590.664325
571.790482
563.891296
579.031123
602.938339
628.224959
672.129198
686.177379
657.892852
619.044815
599.906495
598.623383
600.526954
621.171176
650.138036
673.314460
676.498018
643.314072
623.561488
629.419309
667.670347
708.647671
714.355354
703.663597
706.373169
720.599508
740.903019
748.298967
750.587674
754.510489
772.786588
780.749974
787.892838
801.827131
804.590806
830.084449
862.954070
797.727081
659.761816
656.867758
636.392570
678.655178
679.520005
639.291236
634.487409
628.402506
635.896754
647.720764
647.362172
657.411392
679.996628
682.237274
674.867269
656.563656
627.349135
619.477827
658.090410
705.078648
692.256782
666.397717
680.916428
715.013638
734.568850
739.565584
711.192740
720.143465
699.013358
742.552875
784.330516
771.875286
755.993064
749.872076
759.508632
795.318070
804.355933
791.912312
796.840262
813.287797
824.013200
822.777584
830.046986
819.079427
804.910384
816.474720
832.841165
839.241371
847.378340
854.596260
871.908000
859.543908
790.957316
753.550326
752.880777
772.967321
772.736979
752.690183
725.194161
711.206077
714.198574
715.994085
709.223943
686.227708
676.370217
659.773527
658.713632
658.906696
658.414141
646.743602
650.508166
647.524342
637.926198
629.043227
627.522933
621.856630
621.218973
648.972475
652.557802
660.532731
663.712333
682.163229
686.758695
678.129566
695.541467
722.732494
730.513356
750.073246
761.813579
784.639905
802.452720
813.673951
820.125380
833.764368
834.119709
839.162661
848.001652
842.526310
843.276990
855.531827
855.520751
857.604667
856.359534
798.281152
797.154592
718.951259
689.917761
671.948062
662.469919
652.670371
650.605364
638.678362
638.618647
647.300737
655.958370
651.147935
645.543244
639.322798
632.922999
633.315255
626.697108
633.452989
647.216557
649.234007
655.035746
650.078747
640.320876
645.848635
643.702909
633.899851
632.997580
637.659530
641.939366
646.757535
653.463803
661.483536
681.403517
689.534271
699.708084
718.744125
736.864351
747.464291
754.739970
767.286079
778.755500
783.727359
784.117095
774.633964
760.430460
765.536628
767.325217
706.727140
662.408405
661.550020
642.629118
626.835259
609.135186
600.334768
603.950171
606.576612
603.454646
608.452494
611.866488
627.808344
626.812910
625.906149
628.082996
636.548514
639.517403
629.425601
623.262530
618.234798
617.080380
615.444104
625.018787
636.972668
643.778794
650.728030
657.754038
663.219233
658.967980
653.430107
652.969601
644.528892
648.925460
647.628803
647.272736
648.437963
652.884454
664.041331
669.938258
657.219708
671.712155
678.566813
659.394190
619.268911
618.401369
610.578594
609.385951
600.034436
593.747979
598.564212
602.018600
600.973558
603.485477
601.633433
599.789810
611.137250
611.548545
613.763486
628.721645
631.546289
633.011251
645.130290
656.355329
683.820206
683.866148
680.268898
677.882762
677.452303
659.389100
657.390845
613.096738
580.637077
568.908803
553.019842
542.939625
543.265593
554.708232
570.463920
585.367719
601.902941
624.764905
630.594283
631.863338
650.691843
656.797728
630.277963
628.559013
607.899396
609.274495
612.664656
609.135839
607.170186
601.384711
598.740131
600.506834
611.614121
613.599686
621.334606
634.454594
639.880424
651.374214
663.708188
679.929761
695.711716
715.592548
726.779517
735.628484
735.738621
722.315626
727.583696
734.371365
718.535214
717.164811
672.942128
635.829751
617.124410
613.541430
598.247996
589.440826
598.053305
600.680991
601.949853
614.719134
617.007377
612.254495
610.890222
612.442753
625.066086
634.914203
646.829704
661.169996
675.072571
688.719191
700.131062
729.174471
751.811787
766.840830
775.129421
763.500652
753.706037
766.575805
778.218225
727.661519
725.205621
674.399436
656.100076
643.802707
622.752140
611.753852
603.049661
594.269174
591.097863
579.274801
571.893463
572.588942
569.717554
570.651241
580.671491
591.247765
606.536477
625.396507
649.746684
671.331698
698.369496
720.975378
721.284270
731.669301
759.264706
766.020506
748.262160
723.628589
722.937590
712.539118
710.265662
702.859561
690.018713
687.805257
693.179128
679.554796
672.643920
675.416492
681.654949
680.175613
684.180176
677.312586
672.506014
671.595521
672.058091
673.197047
676.056165
676.990116
684.492771
692.075299
698.301512
702.160914
702.192205
701.849892
692.009503
684.496828
688.021442
692.717845
691.650403
690.312765
695.344738
697.178940
693.054463
688.885406
683.166680
675.327381
670.947841
664.693572
656.807808
653.460055
653.420113
655.979001
656.182851
657.795824
661.117707
664.135131
669.195805
665.315646
669.170333
692.882745
689.502835
685.232196
684.916612
668.601579
664.093114
656.339593
652.983221
644.050964
631.858373
620.316371
606.531265
600.726724
593.485326
590.505667
586.840800
583.144386
580.581131
590.224981
598.376480
599.972373
601.338972
609.870167
619.612651
623.541605
631.951977
639.472218
647.242244
653.359063
659.439945
668.228554
674.237511
676.465414
685.958293
698.225605
705.129089
718.082451
734.491137
746.460748
751.719941
757.552028
751.022673
737.209746
744.463035
735.571821
732.437237
719.971625
719.108392
697.194552
676.772378
687.405901
688.565267
688.975952
683.182514
682.467717
691.000169
717.677778
734.070849
728.723711
724.146972
731.882481
731.601718
711.722815
710.494681
692.113187
685.187122
672.881008
664.737704
665.505951
660.765856
661.261306
658.128197
653.313707
656.634822
660.435702
658.597340
657.759568
670.668362
694.050655
705.057820
713.203183
720.544617
719.241823
708.188499
706.568472
720.022277
734.467046
755.216534
773.980975
792.047673
809.190184
827.247659
844.378792
852.497483
871.640618
854.153645
767.781918
765.529069
733.452097
724.658846
725.239049
712.515040
694.750649
686.058937
693.878487
717.159065
746.259647
765.074142
767.544434
751.185168
740.091731
731.708724
729.169693
741.035033
752.841160
752.719088
741.662231
736.938798
730.270039
725.412371
737.180684
757.975106
757.262344
757.080487
772.084471
773.280067
768.125656
759.858529
759.939192
773.223094
785.120314
793.003343
811.655102
819.949734
825.673948
832.698994
819.900157
831.500905
847.199074
848.423780
827.553641
817.046418
826.653253
871.053120
863.567450
724.903941
721.797907
660.478779
673.705394
682.784259
675.150331
683.520730
677.782703
677.907694
664.673984
688.785570
721.565846
702.152248
689.361884
672.154756
664.862259
658.659405
685.063546
715.797927
719.899996
704.841087
699.523463
711.159064
717.296616
709.298387
698.360053
707.346941
718.765385
706.253708
711.056382
733.156462
729.793817
730.046753
739.426294
749.283591
741.823044
751.176744
767.703366
764.532754
766.271621
789.715304
835.994522
877.028089
873.320918
764.221655
760.143142
673.257202
697.839478
705.204398
678.972805
658.759610
651.858987
656.297078
662.650294
648.858837
634.216109
645.215406
671.251431
686.015029
674.985833
643.520138
643.500699
669.891570
676.939748
677.410909
686.508447
714.676701
756.312982
796.332163
803.955360
829.524099
839.753968
764.840650
688.686813
686.720725
654.499924
633.763306
637.029260
599.997513
585.000288
593.605623
597.089020
614.980361
623.917529
609.483627
603.502028
601.222238
583.289597
589.830481
612.210577
622.928570
629.093470
623.455528
623.856957
638.065322
654.412069
646.796884
628.054316
615.727051
614.212604
608.994879
611.504954
623.931797
621.757270
621.303573
630.878399
635.652070
641.300759
643.247670
642.205653
644.975120
647.920503
653.923818
659.189495
655.378233
662.036266
673.855427
683.625521
695.517889
704.113260
711.891929
717.662885
725.270227
743.531493
760.974068
766.576766
765.938245
748.958983
733.154153
690.120417
689.054672
645.556644
631.242995
629.810567
638.956130
640.958314
646.295173
640.349051
629.991855
642.582193
655.864778
663.121558
671.265105
681.359188
688.835246
695.488677
684.224334
669.111068
653.090353
643.234584
643.161828
646.700435
654.772351
655.549309
650.057295
650.079434
643.601765
633.630661
634.172052
639.226797
638.699604
639.054221
641.293262
640.683869
637.939969
636.226705
638.062492
639.455359
636.334046
629.847038
626.629867
622.721562
623.590740
626.646847
625.168344
626.895628
631.065196
641.748261
658.182568
674.753434
688.894292
705.144657
722.311863
739.702478
748.763274
758.945550
766.266099
759.713308
752.595270
721.903902
721.185738
684.339234
669.638912
661.184897
654.447625
650.182143
658.120653
657.833766
662.675330
671.412332
672.415540
670.189899
675.540429
686.968475
689.374165
697.566764
697.611247
692.731850
684.992107
678.412412
671.035374
675.373700
676.194375
676.403850
667.902836
669.089454
668.737145
658.967228
654.726661
656.495991
653.770004
656.743026
662.810116
666.417987
674.492779
685.046711
691.503637
693.529503
693.677852
691.210396
689.623435
700.223535
708.512181
710.032108
709.699437
706.591771
705.898931
706.066795
704.884120
706.984930
710.673050
708.948289
702.563957
702.147400
710.400885
715.232100
712.357986
710.443384
715.265376
714.266102
721.429354
725.131034
730.931161
736.975407
737.149928
745.469370
744.666591
742.842974
748.869785
762.068726
761.941672
772.254044
810.429318
821.820236
764.677467
714.349244
713.750352
699.741351
708.745840
710.031753
721.996179
717.804910
696.786455
677.932132
681.279202
698.023346
710.670522
707.752705
723.811332
746.682168
746.997625
736.217875
721.928638
697.331049
677.754792
683.900436
686.525158
681.993106
687.591080
696.003911
673.350007
662.628765
673.257179
673.395139
658.265462
640.457102
624.626698
609.242109
614.416475
618.153606
615.190178
615.112652
621.134826
626.921788
626.249341
607.393975
588.403941
583.335377
588.827715
597.151506
595.017486
588.615357
585.017194
586.098719
589.736466
596.907521
596.025296
594.427873
597.769339
617.350272
640.626842
665.403649
715.062896
762.437386
775.610859
776.732002
794.073401
784.490037
794.667571
783.196730
754.459893
765.186186
788.578947
800.252948
826.354326
840.003470
727.027192
599.671973
552.428435
551.742506
536.374451
520.661004
507.615864
531.453357
524.184834
512.558992
507.381988
509.855498
519.224695
524.872961
538.366705
532.978948
511.463163
497.198006
509.674991
534.725145
NaN
NaN
NaN
NaN
NaN
NaN
NaN
NaN
NaN
NaN
NaN
NaN
NaN
NaN
NaN
NaN
NaN
NaN
NaN
NaN
NaN
NaN
NaN
NaN
NaN
NaN
NaN
NaN
NaN
NaN
NaN
NaN
NaN
NaN
NaN
NaN
NaN
NaN
NaN
NaN
NaN
NaN
NaN
NaN
NaN
NaN
NaN
NaN
NaN
NaN
NaN
NaN
NaN
NaN
NaN
NaN
NaN
NaN
NaN
NaN
NaN
NaN
NaN
NaN
NaN
NaN
NaN
NaN
NaN
NaN
NaN
NaN
NaN
NaN
NaN
NaN
NaN
NaN
NaN
NaN
NaN
NaN
NaN
NaN
NaN
NaN
NaN
NaN
NaN
NaN
NaN
NaN
NaN
NaN
NaN
NaN
NaN
NaN
NaN
NaN
NaN
NaN
NaN
NaN
NaN
NaN
NaN
NaN
NaN
NaN
NaN
NaN
NaN
NaN
NaN
NaN
NaN
NaN
NaN
NaN
NaN
NaN
NaN
NaN
NaN
NaN
NaN
NaN
NaN
NaN
NaN
NaN
NaN
NaN
NaN
NaN
NaN
NaN
NaN
NaN
NaN
NaN
NaN
NaN
NaN
NaN
NaN
NaN
NaN
NaN
NaN
NaN
NaN
NaN
NaN
NaN
NaN
NaN
NaN
NaN
NaN
NaN
NaN
NaN
NaN
NaN
NaN
NaN
NaN
NaN
NaN
NaN
NaN
NaN
NaN
NaN
NaN
NaN
NaN
NaN
NaN
NaN
NaN
NaN
NaN
NaN
NaN
NaN
NaN
NaN
NaN
NaN
NaN
NaN
NaN
NaN
NaN
NaN
NaN
NaN
NaN
NaN
NaN
NaN
NaN
NaN
NaN
NaN
NaN
NaN
NaN
NaN
NaN
NaN
NaN
NaN
NaN
NaN
NaN
NaN
NaN
NaN
NaN
NaN
NaN
NaN
NaN
NaN
NaN
NaN
NaN
NaN
NaN
NaN
NaN
NaN
NaN
NaN
NaN
NaN
NaN
NaN
NaN
NaN
NaN
NaN
NaN
NaN
NaN
NaN
NaN
NaN
NaN
NaN
NaN
NaN
NaN
NaN
NaN
NaN
NaN
NaN
NaN
NaN
NaN
NaN
NaN
NaN
NaN
NaN
NaN
NaN
NaN
NaN
NaN
NaN
NaN
NaN
NaN
NaN
NaN
NaN
NaN
NaN
NaN
NaN
NaN
NaN
NaN
NaN
NaN
NaN
NaN
NaN
NaN
NaN
NaN
NaN
NaN
NaN
NaN
NaN
NaN
NaN
NaN
NaN
NaN
NaN
NaN
NaN
NaN
NaN
NaN
NaN
NaN
NaN
NaN
NaN
NaN
NaN
NaN
NaN
NaN
NaN
NaN
NaN
NaN
NaN
NaN
NaN
NaN
NaN
NaN
NaN
NaN
NaN
NaN
NaN
NaN
NaN
NaN
NaN
NaN
NaN
NaN
NaN
NaN
NaN
NaN
NaN
NaN
NaN
NaN
NaN
NaN
NaN
NaN
NaN
NaN
NaN
NaN
NaN
NaN
NaN
NaN
NaN
NaN
NaN
NaN
NaN
NaN
NaN
NaN
NaN
NaN
NaN
NaN
NaN
NaN
NaN
NaN
NaN
NaN
NaN
NaN
NaN
NaN
NaN
NaN
NaN
NaN
NaN
NaN
NaN
NaN
NaN
NaN
NaN
NaN
NaN
NaN
NaN
NaN
NaN
NaN
NaN
NaN
NaN
NaN
NaN
NaN
NaN
NaN
NaN
NaN
NaN
NaN
NaN
NaN
NaN
NaN
NaN
NaN
NaN
NaN
NaN
NaN
NaN
NaN
NaN
NaN
NaN
NaN
NaN
NaN
NaN
NaN
NaN
NaN
NaN
NaN
NaN
NaN
NaN
NaN
NaN
NaN
NaN
NaN
NaN
NaN
NaN
NaN
NaN
NaN
NaN
NaN
NaN
NaN
NaN
NaN
NaN
NaN
NaN
NaN
NaN
NaN
NaN
NaN
NaN
NaN
NaN
NaN
NaN
NaN
NaN
NaN
NaN
NaN
NaN
NaN
NaN
NaN
NaN
NaN
NaN
NaN
NaN
NaN
NaN
NaN
NaN
NaN
NaN
NaN
NaN
NaN
NaN
NaN
NaN
NaN
NaN
NaN
NaN
NaN
NaN
NaN
NaN
NaN
NaN
NaN
NaN
NaN
NaN
NaN
NaN
NaN
NaN
NaN
NaN
NaN
NaN
NaN
NaN
NaN
NaN
NaN
NaN
NaN
NaN
NaN
NaN
NaN
NaN
NaN
NaN
NaN
NaN
NaN
NaN
NaN
NaN
NaN
NaN
NaN
NaN
NaN
NaN
NaN
NaN
NaN
NaN
NaN
NaN
NaN
NaN
NaN
NaN
NaN
NaN
NaN
NaN
NaN
NaN
NaN
NaN
NaN
NaN
NaN
NaN
NaN
NaN
NaN
NaN
NaN
NaN
NaN
NaN
NaN
NaN
NaN
NaN
NaN
NaN
NaN
NaN
NaN
NaN
NaN
NaN
NaN
NaN
NaN
NaN
NaN
NaN
NaN
NaN
NaN
NaN
NaN
NaN
NaN
NaN
NaN
NaN
NaN
NaN
NaN
NaN
NaN
NaN
NaN
NaN
NaN
NaN
NaN
NaN
NaN
NaN
NaN
NaN
NaN
NaN
NaN
NaN
NaN
NaN
NaN
NaN
NaN
NaN
NaN
NaN
NaN
NaN
NaN
NaN
NaN
NaN
NaN
NaN
NaN
NaN
NaN
NaN
NaN
NaN
NaN
NaN
NaN
NaN
NaN
NaN
NaN
NaN
NaN
NaN
NaN
NaN
NaN
NaN
NaN
NaN
NaN
NaN
NaN
NaN
NaN
NaN
NaN
NaN
NaN
NaN
NaN
NaN
NaN
NaN
NaN
NaN
NaN
NaN
NaN
NaN
NaN
NaN
NaN
NaN
NaN
NaN
NaN
NaN
NaN
NaN
NaN
NaN
NaN
NaN
NaN
NaN
NaN
NaN
NaN
NaN
NaN
NaN
NaN
NaN
NaN
NaN
NaN
NaN
NaN
NaN
NaN
NaN
NaN
NaN
NaN
NaN
NaN
NaN
NaN
NaN
NaN
NaN
NaN
NaN
NaN
NaN
NaN
NaN
NaN
NaN
NaN
NaN
NaN
NaN
NaN
NaN
NaN
NaN
NaN
NaN
NaN
NaN
NaN
NaN
NaN
NaN
NaN
NaN
NaN
NaN
NaN
NaN
NaN
NaN
NaN
NaN
NaN
NaN
NaN
NaN
NaN
NaN
NaN
NaN
NaN
NaN
NaN
NaN
NaN
NaN
NaN
NaN
NaN
NaN
NaN
NaN
NaN
NaN
NaN
NaN
NaN
NaN
NaN
NaN
NaN
NaN
NaN
NaN
NaN
NaN
NaN
NaN
NaN
NaN
NaN
NaN
NaN
NaN
NaN
NaN
NaN
NaN
NaN
NaN
NaN
NaN
NaN
NaN
NaN
NaN
NaN
NaN
NaN
NaN
NaN
NaN
NaN
NaN
NaN
NaN
NaN
NaN
NaN
NaN
NaN
NaN
NaN
NaN
NaN
NaN
NaN
NaN
NaN
NaN
NaN
NaN
NaN
NaN
NaN
NaN
NaN
NaN
NaN
NaN
NaN
NaN
NaN
NaN
NaN
NaN
NaN
NaN
NaN
NaN
NaN
NaN
NaN
NaN
NaN
NaN
NaN
NaN
NaN
NaN
NaN
NaN
NaN
NaN
NaN
NaN
NaN
NaN
NaN
NaN
NaN
NaN
NaN
NaN
NaN
NaN
NaN
