109.791514, 1800.000000, 50.000000, 2001.000000, 0.000000, 0.000000
117.867716, 1801.000000, 50.000000, 2001.000000, 0.000000, 0.000000
31.948749, 1802.000000, 50.000000, 2001.000000, 0.000000, 0.000000
79.956411, 1803.000000, 50.000000, 2001.000000, 0.000000, 0.000000
138.902355, 1804.000000, 50.000000, 2001.000000, 0.000000, 0.000000
138.412557, 1805.000000, 50.000000, 2001.000000, 0.000000, 0.000000
122.243778, 1806.000000, 50.000000, 2001.000000, 0.000000, 0.000000
104.829652, 1807.000000, 50.000000, 2001.000000, 0.000000, 0.000000
103.135204, 1808.000000, 50.000000, 2001.000000, 0.000000, 0.000000
90.204770, 1809.000000, 50.000000, 2001.000000, 0.000000, 0.000000
82.485845, 1810.000000, 50.000000, 2001.000000, 0.000000, 0.000000
95.134043, 1811.000000, 50.000000, 2001.000000, 0.000000, 0.000000
61.643866, 1812.000000, 50.000000, 2001.000000, 0.000000, 0.000000
66.487898, 1813.000000, 50.000000, 2001.000000, 0.000000, 0.000000
87.075007, 1814.000000, 50.000000, 2001.000000, 0.000000, 0.000000
85.326933, 1815.000000, 50.000000, 2001.000000, 0.000000, 0.000000
118.408384, 1816.000000, 50.000000, 2001.000000, 0.000000, 0.000000
142.509391, 1817.000000, 50.000000, 2001.000000, 0.000000, 0.000000
123.376789, 1818.000000, 50.000000, 2001.000000, 0.000000, 0.000000
98.454736, 1819.000000, 50.000000, 2001.000000, 0.000000, 0.000000
68.584879, 1820.000000, 50.000000, 2001.000000, 0.000000, 0.000000
86.370110, 1821.000000, 50.000000, 2001.000000, 0.000000, 0.000000
114.365514, 1822.000000, 50.000000, 2001.000000, 0.000000, 0.000000
19.579943, 1823.000000, 50.000000, 2001.000000, 0.000000, 0.000000
82.896283, 1824.000000, 50.000000, 2001.000000, 0.000000, 0.000000
137.617830, 1825.000000, 50.000000, 2001.000000, 0.000000, 0.000000
143.752453, 1826.000000, 50.000000, 2001.000000, 0.000000, 0.000000
143.842794, 1827.000000, 50.000000, 2001.000000, 0.000000, 0.000000
150.463662, 1828.000000, 50.000000, 2001.000000, 0.000000, 0.000000
114.833375, 1829.000000, 50.000000, 2001.000000, 0.000000, 0.000000
111.362615, 1830.000000, 50.000000, 2001.000000, 0.000000, 0.000000
98.481786, 1831.000000, 50.000000, 2001.000000, 0.000000, 0.000000
87.978247, 1832.000000, 50.000000, 2001.000000, 0.000000, 0.000000
89.645093, 1833.000000, 50.000000, 2001.000000, 0.000000, 0.000000
96.864831, 1834.000000, 50.000000, 2001.000000, 0.000000, 0.000000
79.968883, 1835.000000, 50.000000, 2001.000000, 0.000000, 0.000000
88.664972, 1836.000000, 50.000000, 2001.000000, 0.000000, 0.000000
104.600065, 1837.000000, 50.000000, 2001.000000, 0.000000, 0.000000
89.027365, 1838.000000, 50.000000, 2001.000000, 0.000000, 0.000000
110.710105, 1839.000000, 50.000000, 2001.000000, 0.000000, 0.000000
116.667405, 1840.000000, 50.000000, 2001.000000, 0.000000, 0.000000
87.074262, 1841.000000, 50.000000, 2001.000000, 0.000000, 0.000000
99.497781, 1842.000000, 50.000000, 2001.000000, 0.000000, 0.000000
48.203116, 1843.000000, 50.000000, 2001.000000, 0.000000, 0.000000
39.088488, 1844.000000, 50.000000, 2001.000000, 0.000000, 0.000000
36.339529, 1845.000000, 50.000000, 2001.000000, 0.000000, 0.000000
31.360657, 1846.000000, 50.000000, 2001.000000, 0.000000, 0.000000
38.105461, 1847.000000, 50.000000, 2001.000000, 0.000000, 0.000000
53.477581, 1848.000000, 50.000000, 2001.000000, 0.000000, 0.000000
61.767775, 1849.000000, 50.000000, 2001.000000, 0.000000, 0.000000
54.745988, 1850.000000, 50.000000, 2001.000000, 0.000000, 0.000000
69.526197, 1851.000000, 50.000000, 2001.000000, 0.000000, 0.000000
54.135356, 1852.000000, 50.000000, 2001.000000, 0.000000, 0.000000
45.450922, 1853.000000, 50.000000, 2001.000000, 0.000000, 0.000000
34.634737, 1854.000000, 50.000000, 2001.000000, 0.000000, 0.000000
57.411571, 1855.000000, 50.000000, 2001.000000, 0.000000, 0.000000
61.361913, 1856.000000, 50.000000, 2001.000000, 0.000000, 0.000000
49.468043, 1857.000000, 50.000000, 2001.000000, 0.000000, 0.000000
15.832178, 1858.000000, 50.000000, 2001.000000, 0.000000, 0.000000
50.467528, 1859.000000, 50.000000, 2001.000000, 0.000000, 0.000000
41.562210, 1860.000000, 50.000000, 2001.000000, 0.000000, 0.000000
43.538655, 1861.000000, 50.000000, 2001.000000, 0.000000, 0.000000
25.724901, 1862.000000, 50.000000, 2001.000000, 0.000000, 0.000000
47.541275, 1863.000000, 50.000000, 2001.000000, 0.000000, 0.000000
23.808713, 1864.000000, 50.000000, 2001.000000, 0.000000, 0.000000
12.906970, 1865.000000, 50.000000, 2001.000000, 0.000000, 0.000000
16.889261, 1866.000000, 50.000000, 2001.000000, 0.000000, 0.000000
31.821692, 1867.000000, 50.000000, 2001.000000, 0.000000, 0.000000
19.904605, 1868.000000, 50.000000, 2001.000000, 0.000000, 0.000000
7.210885, 1869.000000, 50.000000, 2001.000000, 0.000000, 0.000000
11.704077, 1870.000000, 50.000000, 2001.000000, 0.000000, 0.000000
22.905435, 1871.000000, 50.000000, 2001.000000, 0.000000, 0.000000
24.905513, 1872.000000, 50.000000, 2001.000000, 0.000000, 0.000000
12.954105, 1873.000000, 50.000000, 2001.000000, 0.000000, 0.000000
19.933304, 1874.000000, 50.000000, 2001.000000, 0.000000, 0.000000
13.955674, 1875.000000, 50.000000, 2001.000000, 0.000000, 0.000000
18.941847, 1876.000000, 50.000000, 2001.000000, 0.000000, 0.000000
4.984949, 1877.000000, 50.000000, 2001.000000, 0.000000, 0.000000
15.952603, 1878.000000, 50.000000, 2001.000000, 0.000000, 0.000000
15.953867, 1879.000000, 50.000000, 2001.000000, 0.000000, 0.000000
10.968846, 1880.000000, 50.000000, 2001.000000, 0.000000, 0.000000
11.966449, 1881.000000, 50.000000, 2001.000000, 0.000000, 0.000000
22.936673, 1882.000000, 50.000000, 2001.000000, 0.000000, 0.000000
22.937675, 1883.000000, 50.000000, 2001.000000, 0.000000, 0.000000
13.962324, 1884.000000, 50.000000, 2001.000000, 0.000000, 0.000000
13.962345, 1885.000000, 50.000000, 2001.000000, 0.000000, 0.000000
10.970414, 1886.000000, 50.000000, 2001.000000, 0.000000, 0.000000
14.959656, 1887.000000, 50.000000, 2001.000000, 0.000000, 0.000000
6.833315, 1888.000000, 50.000000, 2001.000000, 0.000000, 0.000000
6.034954, 1889.000000, 50.000000, 2001.000000, 0.000000, 0.000000
9.070075, 1890.000000, 50.000000, 2001.000000, 0.000000, 0.000000
10.236199, 1891.000000, 50.000000, 2001.000000, 0.000000, 0.000000
11.762334, 1892.000000, 50.000000, 2001.000000, 0.000000, 0.000000
5.730367, 1893.000000, 50.000000, 2001.000000, 0.000000, 0.000000
11.757825, 1894.000000, 50.000000, 2001.000000, 0.000000, 0.000000
27.274869, 1895.000000, 50.000000, 2001.000000, 0.000000, 0.000000
20.919721, 1896.000000, 50.000000, 2001.000000, 0.000000, 0.000000
17.933518, 1897.000000, 50.000000, 2001.000000, 0.000000, 0.000000
21.921541, 1898.000000, 50.000000, 2001.000000, 0.000000, 0.000000
19.927256, 1899.000000, 50.000000, 2001.000000, 0.000000, 0.000000
8.966017, 1900.000000, 50.000000, 2001.000000, 0.000000, 0.000000
10.958465, 1901.000000, 50.000000, 2001.000000, 0.000000, 0.000000
18.909388, 1902.000000, 50.000000, 2001.000000, 0.000000, 0.000000
17.883348, 1903.000000, 50.000000, 2001.000000, 0.000000, 0.000000
14.887145, 1904.000000, 50.000000, 2001.000000, 0.000000, 0.000000
18.843935, 1905.000000, 50.000000, 2001.000000, 0.000000, 0.000000
20.808513, 1906.000000, 50.000000, 2001.000000, 0.000000, 0.000000
20.782919, 1907.000000, 50.000000, 2001.000000, 0.000000, 0.000000
15.821165, 1908.000000, 50.000000, 2001.000000, 0.000000, 0.000000
7.307314, 1909.000000, 50.000000, 2001.000000, 0.000000, 0.000000
5.085774, 1910.000000, 50.000000, 2001.000000, 0.000000, 0.000000
8.376568, 1911.000000, 50.000000, 2001.000000, 0.000000, 0.000000
8.890225, 1912.000000, 50.000000, 2001.000000, 0.000000, 0.000000
12.649522, 1913.000000, 50.000000, 2001.000000, 0.000000, 0.000000
22.942335, 1914.000000, 50.000000, 2001.000000, 0.000000, 0.000000
24.726745, 1915.000000, 50.000000, 2001.000000, 0.000000, 0.000000
25.738671, 1916.000000, 50.000000, 2001.000000, 0.000000, 0.000000
24.771220, 1917.000000, 50.000000, 2001.000000, 0.000000, 0.000000
9.916479, 1918.000000, 50.000000, 2001.000000, 0.000000, 0.000000
12.896249, 1919.000000, 50.000000, 2001.000000, 0.000000, 0.000000
14.883518, 1920.000000, 50.000000, 2001.000000, 0.000000, 0.000000
10.920962, 1921.000000, 50.000000, 2001.000000, 0.000000, 0.000000
12.911333, 1922.000000, 50.000000, 2001.000000, 0.000000, 0.000000
17.882887, 1923.000000, 50.000000, 2001.000000, 0.000000, 0.000000
20.877393, 1924.000000, 50.000000, 2001.000000, 0.000000, 0.000000
25.866970, 1925.000000, 50.000000, 2001.000000, 0.000000, 0.000000
27.876694, 1926.000000, 50.000000, 2001.000000, 0.000000, 0.000000
27.894199, 1927.000000, 50.000000, 2001.000000, 0.000000, 0.000000
23.916897, 1928.000000, 50.000000, 2001.000000, 0.000000, 0.000000
25.910887, 1929.000000, 50.000000, 2001.000000, 0.000000, 0.000000
24.914315, 1930.000000, 50.000000, 2001.000000, 0.000000, 0.000000
37.869758, 1931.000000, 50.000000, 2001.000000, 0.000000, 0.000000
31.890323, 1932.000000, 50.000000, 2001.000000, 0.000000, 0.000000
27.904032, 1933.000000, 50.000000, 2001.000000, 0.000000, 0.000000
26.907460, 1934.000000, 50.000000, 2001.000000, 0.000000, 0.000000
29.893104, 1935.000000, 50.000000, 2001.000000, 0.000000, 0.000000
29.879319, 1936.000000, 50.000000, 2001.000000, 0.000000, 0.000000
25.875477, 1937.000000, 50.000000, 2001.000000, 0.000000, 0.000000
30.817325, 1938.000000, 50.000000, 2001.000000, 0.000000, 0.000000
29.777351, 1939.000000, 50.000000, 2001.000000, 0.000000, 0.000000
24.782958, 1940.000000, 50.000000, 2001.000000, 0.000000, 0.000000
29.714239, 1941.000000, 50.000000, 2001.000000, 0.000000, 0.000000
22.761327, 1942.000000, 50.000000, 2001.000000, 0.000000, 0.000000
27.682895, 1943.000000, 50.000000, 2001.000000, 0.000000, 0.000000
11.862260, 1944.000000, 50.000000, 2001.000000, 0.000000, 0.000000
16.824110, 1945.000000, 50.000000, 2001.000000, 0.000000, 0.000000
14.865917, 1946.000000, 50.000000, 2001.000000, 0.000000, 0.000000
25.808900, 1947.000000, 50.000000, 2001.000000, 0.000000, 0.000000
26.848238, 1948.000000, 50.000000, 2001.000000, 0.000000, 0.000000
44.799730, 1949.000000, 50.000000, 2001.000000, 0.000000, 0.000000
39.844213, 1950.000000, 50.000000, 2001.000000, 0.000000, 0.000000
51.819916, 1951.000000, 50.000000, 2001.000000, 0.000000, 0.000000
52.822829, 1952.000000, 50.000000, 2001.000000, 0.000000, 0.000000
46.831109, 1953.000000, 50.000000, 2001.000000, 0.000000, 0.000000
51.797816, 1954.000000, 50.000000, 2001.000000, 0.000000, 0.000000
57.754488, 1955.000000, 50.000000, 2001.000000, 0.000000, 0.000000
35.821766, 1956.000000, 50.000000, 2001.000000, 0.000000, 0.000000
41.734890, 1957.000000, 50.000000, 2001.000000, 0.000000, 0.000000
37.697074, 1958.000000, 50.000000, 2001.000000, 0.000000, 0.000000
34.662365, 1959.000000, 50.000000, 2001.000000, 0.000000, 0.000000
19.788654, 1960.000000, 50.000000, 2001.000000, 0.000000, 0.000000
30.677379, 1961.000000, 50.000000, 2001.000000, 0.000000, 0.000000
39.604574, 1962.000000, 50.000000, 2001.000000, 0.000000, 0.000000
33.681573, 1963.000000, 50.000000, 2001.000000, 0.000000, 0.000000
29.732093, 1964.000000, 50.000000, 2001.000000, 0.000000, 0.000000
37.677623, 1965.000000, 50.000000, 2001.000000, 0.000000, 0.000000
35.715464, 1966.000000, 50.000000, 2001.000000, 0.000000, 0.000000
42.691442, 1967.000000, 50.000000, 2001.000000, 0.000000, 0.000000
29.804259, 1968.000000, 50.000000, 2001.000000, 0.000000, 0.000000
30.813210, 1969.000000, 50.000000, 2001.000000, 0.000000, 0.000000
21.876471, 1970.000000, 50.000000, 2001.000000, 0.000000, 0.000000
33.823356, 1971.000000, 50.000000, 2001.000000, 0.000000, 0.000000
36.821952, 1972.000000, 50.000000, 2001.000000, 0.000000, 0.000000
51.765741, 1973.000000, 50.000000, 2001.000000, 0.000000, 0.000000
35.847372, 1974.000000, 50.000000, 2001.000000, 0.000000, 0.000000
45.814503, 1975.000000, 50.000000, 2001.000000, 0.000000, 0.000000
16.934392, 1976.000000, 50.000000, 2001.000000, 0.000000, 0.000000
16.936496, 1977.000000, 50.000000, 2001.000000, 0.000000, 0.000000
25.314729, 1978.000000, 50.000000, 2001.000000, 0.000000, 0.000000
25.505443, 1979.000000, 50.000000, 2001.000000, 0.000000, 0.000000
16.943164, 1980.000000, 50.000000, 2001.000000, 0.000000, 0.000000
19.934903, 1981.000000, 50.000000, 2001.000000, 0.000000, 0.000000
20.933535, 1982.000000, 50.000000, 2001.000000, 0.000000, 0.000000
18.944457, 1983.000000, 50.000000, 2001.000000, 0.000000, 0.000000
15.959551, 1984.000000, 50.000000, 2001.000000, 0.000000, 0.000000
18.473575, 1985.000000, 50.000000, 2001.000000, 0.000000, 0.000000
8.629065, 1986.000000, 50.000000, 2001.000000, 0.000000, 0.000000
15.104419, 1987.000000, 50.000000, 2001.000000, 0.000000, 0.000000
24.680944, 1988.000000, 50.000000, 2001.000000, 0.000000, 0.000000
24.253772, 1989.000000, 50.000000, 2001.000000, 0.000000, 0.000000
10.076064, 1990.000000, 50.000000, 2001.000000, 0.000000, 0.000000
11.875359, 1991.000000, 50.000000, 2001.000000, 0.000000, 0.000000
29.715902, 1992.000000, 50.000000, 2001.000000, 0.000000, 0.000000
41.956714, 1993.000000, 50.000000, 2001.000000, 0.000000, 0.000000
55.343767, 1994.000000, 50.000000, 2001.000000, 0.000000, 0.000000
7.912355, 1995.000000, 50.000000, 2001.000000, 0.000000, 0.000000
4.315529, 1996.000000, 50.000000, 2001.000000, 0.000000, 0.000000
18.338915, 1997.000000, 50.000000, 2001.000000, 0.000000, 0.000000
29.477893, 1998.000000, 50.000000, 2001.000000, 0.000000, 0.000000
48.881319, 1999.000000, 50.000000, 2001.000000, 0.000000, 0.000000
19.049033, 2000.000000, 50.000000, 2001.000000, 0.000000, 0.000000
35.861064, 2001.000000, 50.000000, 2001.000000, 0.000000, 0.000000
