282.258160
373.272396
560.658160
702.000000
817.338867
902.000000
995.652257
1120.000000
1219.000000
1336.000000
1466.000000
1568.000000
1643.944618
1713.000000
1778.545660
1835.889063
1878.000000
1931.861285
1967.000000
2021.000000
2064.000000
2094.000000
2131.000000
2178.000000
2224.000000
2274.000000
2327.000000
2373.000000
2411.000000
2468.000000
2535.000000
2584.000000
2639.000000
2687.000000
2726.000000
2774.000000
2834.000000
2892.000000
2946.000000
2995.000000
3049.000000
3075.000000
3107.000000
3139.000000
3163.000000
3193.808737
3221.488021
3233.000000
3254.000000
3258.000000
3264.450586
3297.381055
3332.815799
3343.000000
3368.000000
3394.000000
3417.000000
3447.000000
3471.495660
3495.000000
3522.495898
3565.000000
3615.618945
3646.000000
3660.800868
3700.000000
3730.000000
3765.000000
3802.000000
3835.000000
3856.000000
3866.000000
3887.295313
3926.883854
3950.000000
3961.193924
3985.000000
4015.418229
4036.772049
4059.085590
4084.758160
4093.155729
4103.000000
4116.000000
4141.861632
4146.420313
4151.000000
4174.012326
4185.289063
4207.362674
4234.954688
4253.189410
4275.742882
4298.296354
4304.999414
4314.000000
4334.000000
4356.284570
4372.914757
4376.033854
4392.000000
4424.000000
4436.000000
4455.000000
4479.000000
4520.000000
4534.163086
4559.000000
4591.000000
4628.000000
4661.000000
4686.000000
4702.000000
4733.000000
4758.000000
4769.534961
4775.000000
4793.000000
4801.000000
4811.000000
4840.000000
4863.332812
4889.965104
4914.677951
4920.436285
4932.000000
4951.000000
4966.000000
4976.340104
4981.618576
5006.331424
5036.000000
5067.180512
5102.973124
5130.000000
5170.000000
5206.298964
5248.169566
5282.011632
5306.244618
5321.360243
5344.742084
5362.300723
5385.937353
5411.599980
5447.038867
5479.808542
5519.653147
5551.393765
5605.420348
5628.381646
5660.000000
5686.000000
5722.000000
5727.562674
5741.000000
5781.000000
5807.000000
5836.000000
5874.000000
5906.000000
5948.000000
5968.213021
5985.000000
6005.000000
6018.000000
6033.000000
6049.069618
6080.000000
6110.000000
6149.000000
6179.831771
6201.905382
6223.259201
6235.750586
6257.569271
6272.924826
6292.119271
6313.168589
6351.382118
6371.056424
6400.807813
6408.485590
6417.363021
6447.369336
6467.748438
6473.426215
6485.000000
6516.213831
6522.611979
6534.608507
6565.399595
6568.998553
6573.797164
6590.592303
6593.391493
6597.390336
6631.380498
6658.172743
6701.440799
6708.158275
6722.554109
6744.947627
6762.942419
6766.941262
6772.939525
6789.734664
6793.733507
6802.131076
6805.330150
6808.529225
6810.928530
6813.727720
6817.526910
