NaN
NaN
NaN
NaN
NaN
NaN
NaN
NaN
NaN
NaN
NaN
NaN
NaN
NaN
NaN
NaN
NaN
NaN
NaN
NaN
NaN
NaN
NaN
NaN
NaN
NaN
NaN
NaN
NaN
NaN
NaN
NaN
NaN
NaN
NaN
NaN
NaN
NaN
NaN
NaN
NaN
NaN
NaN
NaN
NaN
NaN
NaN
NaN
NaN
NaN
NaN
NaN
NaN
NaN
NaN
NaN
NaN
NaN
NaN
NaN
NaN
NaN
NaN
NaN
NaN
NaN
NaN
NaN
NaN
NaN
NaN
NaN
NaN
NaN
NaN
NaN
NaN
NaN
NaN
NaN
NaN
NaN
NaN
NaN
NaN
NaN
NaN
NaN
NaN
NaN
NaN
NaN
NaN
NaN
NaN
NaN
NaN
NaN
NaN
NaN
NaN
NaN
NaN
NaN
NaN
NaN
NaN
NaN
NaN
NaN
NaN
NaN
NaN
NaN
NaN
NaN
NaN
NaN
NaN
NaN
NaN
NaN
NaN
NaN
NaN
NaN
NaN
NaN
NaN
NaN
NaN
NaN
NaN
NaN
NaN
NaN
NaN
NaN
NaN
NaN
NaN
NaN
NaN
NaN
NaN
NaN
NaN
NaN
NaN
NaN
NaN
NaN
NaN
NaN
NaN
NaN
NaN
NaN
NaN
NaN
NaN
NaN
NaN
NaN
NaN
NaN
NaN
NaN
NaN
NaN
NaN
NaN
NaN
NaN
NaN
NaN
NaN
NaN
NaN
NaN
NaN
NaN
NaN
NaN
NaN
NaN
NaN
NaN
NaN
NaN
NaN
NaN
NaN
NaN
NaN
NaN
NaN
NaN
NaN
NaN
NaN
NaN
NaN
NaN
NaN
NaN
NaN
NaN
NaN
NaN
NaN
NaN
NaN
NaN
NaN
NaN
NaN
NaN
NaN
NaN
NaN
NaN
NaN
NaN
NaN
NaN
NaN
NaN
NaN
NaN
NaN
NaN
NaN
NaN
NaN
NaN
NaN
NaN
NaN
NaN
NaN
NaN
NaN
NaN
NaN
NaN
NaN
NaN
NaN
NaN
NaN
NaN
NaN
NaN
NaN
NaN
NaN
NaN
NaN
NaN
NaN
NaN
NaN
NaN
NaN
NaN
NaN
NaN
NaN
NaN
NaN
NaN
NaN
NaN
NaN
NaN
NaN
NaN
NaN
NaN
NaN
NaN
NaN
NaN
NaN
NaN
NaN
NaN
NaN
NaN
NaN
NaN
NaN
NaN
NaN
NaN
NaN
NaN
NaN
NaN
NaN
NaN
NaN
NaN
NaN
NaN
NaN
NaN
NaN
NaN
NaN
NaN
NaN
NaN
NaN
NaN
NaN
NaN
NaN
NaN
NaN
NaN
NaN
NaN
NaN
NaN
NaN
NaN
NaN
NaN
NaN
NaN
NaN
NaN
NaN
NaN
NaN
NaN
NaN
NaN
NaN
NaN
NaN
NaN
NaN
NaN
NaN
NaN
NaN
NaN
NaN
NaN
NaN
NaN
NaN
NaN
NaN
NaN
NaN
NaN
NaN
NaN
NaN
NaN
NaN
NaN
NaN
NaN
NaN
NaN
NaN
NaN
NaN
NaN
NaN
NaN
NaN
NaN
NaN
NaN
NaN
NaN
NaN
NaN
NaN
NaN
NaN
NaN
NaN
NaN
NaN
NaN
NaN
NaN
NaN
NaN
NaN
NaN
NaN
NaN
NaN
NaN
NaN
NaN
NaN
NaN
NaN
NaN
NaN
NaN
NaN
NaN
NaN
NaN
NaN
NaN
NaN
NaN
NaN
NaN
NaN
NaN
NaN
NaN
NaN
NaN
NaN
NaN
NaN
NaN
NaN
NaN
NaN
NaN
NaN
NaN
NaN
NaN
NaN
NaN
NaN
NaN
NaN
NaN
NaN
NaN
NaN
NaN
NaN
NaN
NaN
NaN
NaN
NaN
NaN
NaN
NaN
NaN
NaN
NaN
NaN
NaN
NaN
NaN
NaN
NaN
NaN
NaN
NaN
NaN
NaN
NaN
NaN
NaN
NaN
NaN
NaN
NaN
NaN
NaN
NaN
NaN
NaN
NaN
NaN
NaN
NaN
NaN
NaN
NaN
NaN
NaN
NaN
NaN
NaN
NaN
NaN
NaN
NaN
NaN
NaN
NaN
NaN
NaN
NaN
NaN
NaN
NaN
NaN
NaN
NaN
NaN
NaN
NaN
NaN
NaN
NaN
NaN
NaN
NaN
NaN
NaN
NaN
NaN
NaN
NaN
NaN
NaN
NaN
NaN
NaN
NaN
NaN
NaN
NaN
NaN
NaN
NaN
NaN
NaN
NaN
NaN
NaN
NaN
NaN
NaN
NaN
NaN
NaN
NaN
NaN
NaN
NaN
NaN
NaN
NaN
NaN
NaN
NaN
NaN
NaN
NaN
NaN
NaN
NaN
NaN
NaN
NaN
NaN
NaN
NaN
NaN
NaN
NaN
NaN
NaN
NaN
NaN
NaN
NaN
NaN
NaN
NaN
NaN
NaN
NaN
NaN
NaN
NaN
NaN
NaN
NaN
NaN
NaN
NaN
NaN
NaN
NaN
NaN
NaN
NaN
NaN
NaN
NaN
NaN
NaN
NaN
NaN
NaN
NaN
NaN
NaN
NaN
NaN
NaN
NaN
NaN
NaN
NaN
NaN
NaN
NaN
NaN
NaN
NaN
NaN
NaN
NaN
NaN
NaN
NaN
NaN
NaN
NaN
NaN
NaN
NaN
NaN
NaN
NaN
NaN
NaN
NaN
NaN
NaN
NaN
NaN
NaN
NaN
NaN
NaN
NaN
NaN
NaN
NaN
NaN
NaN
NaN
NaN
NaN
NaN
NaN
NaN
NaN
NaN
NaN
NaN
NaN
NaN
NaN
NaN
NaN
NaN
NaN
NaN
NaN
NaN
NaN
NaN
NaN
NaN
NaN
NaN
NaN
NaN
NaN
NaN
NaN
NaN
NaN
NaN
NaN
NaN
NaN
NaN
NaN
NaN
NaN
NaN
NaN
NaN
NaN
NaN
NaN
NaN
NaN
NaN
NaN
NaN
NaN
NaN
NaN
NaN
NaN
NaN
NaN
NaN
NaN
NaN
NaN
NaN
NaN
NaN
NaN
NaN
NaN
NaN
NaN
NaN
NaN
NaN
NaN
NaN
NaN
NaN
NaN
NaN
NaN
NaN
NaN
NaN
NaN
NaN
NaN
NaN
NaN
NaN
NaN
NaN
NaN
NaN
NaN
NaN
NaN
NaN
NaN
648.745244
638.014454
684.789701
677.638990
663.935337
714.500924
739.653125
745.729581
718.098531
732.383583
760.755576
764.849685
757.031586
739.294573
767.081687
811.840575
806.939780
802.533930
806.459235
791.854698
801.032364
803.547005
831.308341
859.016105
865.746393
871.660664
892.022418
878.917349
813.438407
803.511105
641.914297
613.279732
641.596281
652.876761
666.673739
675.216815
676.000358
691.740579
718.135718
738.006993
769.288949
776.477259
760.093704
759.451657
758.598583
757.123267
791.248499
833.221777
807.516153
803.357545
790.699416
791.359329
815.330426
816.716593
819.852161
842.704667
846.507576
846.626999
860.422182
869.843711
848.545887
778.553165
657.172742
649.733414
622.629379
644.083311
643.515269
681.273653
721.250210
748.253632
760.170880
749.987217
743.562469
663.091068
656.806503
704.611392
736.545615
746.310039
746.001600
751.460721
713.338465
706.692513
635.139179
609.758482
634.846065
649.864497
657.007436
668.234741
679.758252
683.050264
674.178660
675.124979
706.253088
715.492333
727.082470
730.428925
742.209885
759.289030
768.872303
781.638216
793.034337
816.489692
829.606215
785.971114
676.705473
667.407663
607.944594
599.196161
601.163613
629.904012
653.158255
653.915301
653.589576
671.688194
701.692691
710.359489
730.847250
759.561976
784.837991
793.682189
813.423594
855.593880
882.095012
853.304894
771.079212
760.486372
686.727678
686.659934
712.466465
727.357415
742.637179
745.909916
745.686063
757.152488
755.840315
770.216598
795.855364
821.471309
841.420715
796.164409
737.537056
732.131483
706.773495
726.957732
741.508863
745.460553
742.690723
755.078669
784.544392
783.977408
784.579753
769.437469
762.634453
784.735120
810.240319
828.431461
789.810114
689.652069
680.009036
611.225749
610.036470
629.525558
659.523281
687.950052
680.297806
672.186383
670.386194
683.008337
685.114345
705.355548
724.773070
736.110468
731.896490
745.296836
751.827605
761.476855
767.704860
784.608217
802.352234
813.873015
812.167571
800.027844
806.326874
817.698315
799.384390
761.357920
756.210223
667.233565
623.585938
638.065861
656.621585
675.031751
674.715488
678.759853
681.906580
661.702627
662.402330
702.604041
711.689261
683.875741
701.496266
732.808648
750.461925
769.619944
786.869352
790.820846
792.680393
794.015003
804.222703
814.309936
802.745259
798.608809
793.662486
757.728586
676.288168
670.747308
617.013480
612.249249
619.554226
642.750531
655.760741
636.174111
621.243191
637.764580
658.520468
667.027423
670.553461
685.695291
694.552055
708.828441
727.222104
722.731358
709.962383
705.166574
691.420540
695.706783
711.806663
722.859293
736.408518
746.265903
762.916491
765.717418
773.075676
771.796233
779.698068
797.048146
801.123767
791.491736
702.125286
597.105012
594.326296
614.374271
638.927732
633.140979
618.674303
608.156737
604.386773
618.371295
624.691616
634.190065
649.293979
646.837971
648.305266
670.760229
679.034098
680.455905
685.185005
678.827552
685.008674
688.729835
694.524468
695.657863
702.162836
715.786967
710.254443
710.732230
715.602695
711.403237
714.555479
729.136132
743.730976
752.623360
749.962735
755.637138
771.973666
780.062938
784.005240
778.333998
777.565792
766.015605
729.670561
727.798724
682.611666
645.471526
678.396513
679.894202
655.883322
617.941773
615.823021
636.220023
659.740833
689.932045
677.384200
656.263087
653.865633
670.561347
679.124190
681.207929
690.189426
683.914406
693.780534
711.372115
722.233051
721.334842
731.294106
737.975940
740.571099
755.110791
763.759633
771.040006
776.272021
775.272142
784.163194
773.487841
767.238229
799.414555
826.678557
811.379856
794.592722
807.278815
804.640803
800.909598
799.200336
798.453184
744.359905
716.990468
722.927640
718.194375
723.684450
739.242269
731.378761
720.424019
734.043603
735.397685
729.108120
742.280481
741.488450
752.770169
767.998117
768.927169
777.167304
783.382418
780.303227
778.623521
782.452432
772.400212
769.628618
772.411773
761.074393
761.120902
780.881022
787.141238
782.580657
780.875001
789.680901
798.217785
794.253715
792.084118
800.143962
816.824694
817.085824
804.872402
813.786899
821.831284
822.799654
823.720047
820.011321
817.365664
817.578636
811.864367
805.100373
807.325986
803.793862
817.872275
813.042599
812.340524
765.636890
724.530647
705.948102
709.541121
694.357219
697.412969
727.065704
732.040032
732.324297
738.990033
751.454253
763.944582
759.606575
771.304565
766.822373
760.206194
769.548114
765.698525
752.977549
750.056337
762.732283
765.019684
768.637128
771.870427
775.106244
782.182451
783.197945
779.820550
772.249710
769.803766
779.123315
789.463605
790.311645
786.581867
791.790303
796.627036
799.631215
806.465899
808.678487
809.779080
813.099773
813.581804
816.596026
816.102937
807.359628
802.031064
805.049904
812.496051
821.315746
804.220751
803.962078
762.181050
745.924628
755.927202
752.314078
728.042770
717.769104
743.587413
752.041956
742.161275
756.305275
770.670711
768.845465
769.461413
775.533488
781.925103
781.774597
781.424362
785.726769
786.015105
782.944345
787.614129
790.405067
803.215113
799.934549
798.094863
796.187428
803.695866
801.027756
812.991185
821.475825
817.621074
820.712729
819.259390
813.430954
813.650683
800.991565
811.739801
818.447845
818.457239
818.550051
812.344105
816.437583
825.681577
828.771169
836.245332
836.581899
842.879960
848.697394
850.557700
845.714752
847.129277
841.599276
830.952458
819.767656
818.814782
807.828095
797.464454
793.015948
779.545224
769.214776
768.706222
746.366328
714.698651
698.350179
690.955911
690.113097
688.348624
688.911046
689.630884
689.606097
692.870905
696.952328
709.388224
728.392731
730.339382
740.226081
744.876175
734.009608
727.944310
742.843173
753.957080
759.243125
759.722537
763.048469
779.725474
789.759095
794.518330
800.759174
795.560440
804.960321
819.562490
826.021340
825.934672
829.022701
833.804600
845.233686
848.004635
846.887002
844.055160
843.523579
835.853576
816.796705
774.019279
718.513427
716.574840
693.832018
678.400840
674.160111
675.627804
690.738670
713.474752
718.819511
714.547984
709.487380
713.798282
707.545128
715.894366
725.880784
733.005611
738.794469
743.597051
743.412104
755.504624
776.992285
786.089363
790.354902
793.876565
799.467951
810.116767
824.086218
834.845160
837.633134
832.801380
831.184819
827.732589
825.031562
810.685124
774.270933
729.054047
727.436868
703.287545
706.417156
700.075764
701.482277
695.497108
685.067167
688.182660
700.094449
709.965248
720.439528
733.691564
738.776513
752.146217
764.954285
773.898359
781.480117
788.252678
794.407231
791.058087
789.092567
790.784134
766.466125
764.375115
706.680652
676.594908
658.506200
654.309565
655.190844
663.042403
678.927946
685.276370
684.655785
690.746212
699.409386
707.507960
719.607550
724.190650
724.460230
736.958710
751.507186
756.683952
760.512151
766.254284
770.789537
775.972834
788.637698
802.985401
811.517064
807.811707
780.112027
729.515240
727.018000
709.135725
710.994307
715.862379
715.241634
726.453125
749.630248
763.171051
748.056504
746.195018
727.917114
712.275917
696.101518
684.930482
699.009150
704.236157
702.940915
715.185330
719.055547
726.278374
733.037436
739.087218
742.432009
748.846151
758.498366
768.533809
774.844070
777.770627
783.181204
797.277951
804.765345
805.599141
801.541906
790.945611
777.012767
776.307275
751.863239
709.862238
674.348256
653.135601
641.100584
640.638257
649.102861
658.081365
663.298003
672.248804
686.309406
693.416021
709.211048
720.582328
729.014923
736.141759
739.810447
743.118143
753.484962
768.195879
774.641074
780.591789
791.047525
803.098557
809.315102
815.484525
825.210778
833.215800
836.913343
839.894693
835.151190
821.073049
804.078237
795.275961
790.962500
774.770797
773.294710
712.582777
662.012717
649.164616
637.681996
630.508806
620.160942
617.603269
619.966247
627.430140
633.008999
640.325650
650.700265
661.917962
668.353221
679.640370
687.465513
690.421269
697.936511
707.244453
718.224195
736.864224
754.338853
764.833126
774.421770
788.198990
791.600753
791.882600
801.771349
801.251035
797.347286
798.256492
786.928367
785.780843
729.760288
691.084010
682.570358
682.486836
674.347469
669.772833
674.576535
682.446552
680.692119
678.254908
681.417540
679.960828
686.540342
696.189820
698.101003
697.056019
702.499182
709.144866
712.404782
716.333252
719.085273
718.214403
722.595824
732.885414
735.582580
736.787828
733.718170
734.940704
736.411553
744.670159
754.752598
758.278809
764.781686
768.965508
773.979416
784.883624
802.336331
806.571161
807.454371
803.815464
799.531930
798.936343
763.737506
717.877593
687.102853
682.631510
677.696839
672.680799
673.649789
672.060916
678.973879
693.274096
701.764747
715.845219
716.491545
718.397987
725.369071
720.955010
709.387965
698.283169
703.793801
727.002302
755.177845
762.651130
758.404391
763.773960
772.410249
775.408805
774.498254
779.139336
789.623416
788.354863
786.794312
794.883365
784.417234
784.396692
802.408077
808.402516
807.464438
798.169290
792.987456
784.714850
782.982003
704.527134
629.882111
613.380789
618.294212
611.257706
610.945838
617.229441
625.458196
651.981252
661.450399
666.948694
682.993217
706.839381
720.106901
730.597087
739.315678
740.122897
748.163381
757.339039
772.901043
793.020216
796.305423
794.816794
805.124398
811.555676
818.313026
813.172594
806.638129
778.288150
776.671713
715.092998
669.663508
667.563297
691.646041
689.747288
694.155885
697.972516
692.995294
683.083375
676.938957
686.444556
688.783774
690.876274
719.342886
729.232121
713.807664
715.836792
727.292010
738.864972
747.038476
751.672042
756.354308
753.417558
751.820485
760.161084
770.094932
785.025750
779.671061
780.011630
798.254208
796.975731
792.641536
791.707139
808.143169
827.759949
824.022251
822.211017
833.857683
838.824014
837.320869
824.779541
801.415481
798.346830
720.370584
647.404049
642.016878
648.566022
645.826711
662.054833
708.977297
746.645969
752.227888
743.530963
717.278585
659.024632
631.180731
631.396373
647.300296
649.810552
650.543504
662.682916
661.022675
649.377560
661.201317
684.052179
701.338125
726.322044
753.498065
769.428139
779.767142
771.246455
770.237775
739.621662
666.065127
627.498069
630.273535
606.781062
598.837127
609.818503
609.731505
629.667132
669.297291
714.087023
743.122243
757.130285
737.078945
686.309348
683.083120
658.216609
670.157092
674.597767
693.016023
702.977593
705.716948
710.525222
740.055937
778.513996
794.772952
807.542431
802.218965
770.917295
721.506026
676.067166
674.641751
665.126958
657.471068
661.343803
661.604731
668.111642
675.710877
680.000549
679.227456
690.457271
716.162788
745.155740
754.813548
764.951512
769.061257
767.959600
705.729571
651.601937
603.991922
599.953571
622.517568
623.920030
612.681905
622.671787
641.883193
651.051262
654.804594
661.371823
670.430681
668.209616
673.204756
678.162683
682.942340
695.505633
712.229850
715.417656
706.006424
709.656192
725.899036
739.048481
734.916609
744.018494
762.314479
764.914587
752.167067
729.739477
741.658319
776.818052
780.888924
773.511413
778.964878
788.810271
788.284036
743.643474
651.836069
577.240567
558.057730
572.542111
577.616724
566.230127
554.557474
550.869108
565.189839
585.211363
579.138850
576.479773
580.499108
584.593110
601.372857
612.783930
627.988211
636.100012
614.813006
619.256792
647.875191
668.465432
682.929331
697.062537
705.798657
718.369554
729.263603
732.374366
744.077403
744.308007
743.535120
700.486363
610.634771
544.271306
525.065973
513.845592
529.778244
540.353500
535.901515
543.645050
547.904355
552.188321
572.586479
592.186290
590.917643
584.726196
590.128121
610.195739
622.934038
632.281797
643.228187
667.371706
703.871756
736.701156
741.282224
746.074181
746.211252
744.839309
660.983061
569.942690
532.013239
545.303627
587.557835
633.345640
644.113721
628.897655
623.257219
619.527392
620.244945
635.464823
631.798867
611.615827
619.735851
616.580866
608.999050
628.014839
648.579089
665.281896
672.421104
661.428559
659.994967
673.802777
696.939488
726.617427
728.413055
709.068762
706.724752
711.394536
720.842476
731.068193
740.041968
757.774655
782.664938
771.308910
770.541893
794.147840
793.946887
740.301967
635.807465
574.129366
565.284496
576.451219
581.590746
568.962218
562.081505
568.072802
581.429458
590.432375
592.686972
597.235841
609.037851
616.217212
624.438759
643.960475
651.433113
649.891908
666.986042
670.051661
656.572341
652.781989
662.117069
690.877261
722.392555
718.469012
702.270662
697.296728
706.453510
726.023590
735.046749
743.623165
773.133212
775.247019
769.343922
788.064036
789.851429
783.863545
761.820971
758.032761
769.132195
787.977694
794.897598
804.527394
802.704775
815.735067
831.908934
831.230893
779.375784
690.124111
633.854705
633.071976
636.860779
623.663815
620.974255
621.410567
616.806950
647.948792
677.654483
671.920836
662.479866
663.841445
664.756083
663.752096
671.597981
689.208762
703.136504
717.576651
736.563667
751.429978
748.429258
745.537445
742.454460
740.151444
754.900959
763.747583
760.185987
756.213529
756.383633
762.739743
775.248598
755.569723
748.632568
758.381073
780.202816
784.057717
776.333404
776.751744
786.719835
796.003540
797.550975
784.071075
777.425022
792.312648
788.525650
771.878385
767.667671
767.620652
764.725661
758.224607
756.472234
766.297987
773.896070
788.651016
790.697827
805.945785
822.305298
838.135148
838.037234
808.031191
739.538987
644.600128
597.159733
622.468642
634.086987
621.830877
610.375233
611.206498
611.001528
602.903575
595.789540
604.154235
614.111997
615.705664
625.722925
637.319754
637.567034
639.151262
660.134745
682.895879
675.982494
677.660378
694.346117
701.633862
701.715777
695.015181
694.005579
711.831551
724.551448
734.634745
747.108119
758.368297
764.355021
779.687258
801.958309
811.095005
810.204052
755.238130
668.633875
625.857533
620.956813
619.505063
634.370865
628.975358
635.144247
654.004167
660.864171
673.822238
681.813272
692.149537
704.341688
691.218282
681.175475
687.637500
693.170660
704.682881
724.463281
740.976662
755.476693
757.009223
769.482399
786.002238
801.137065
814.860345
827.931842
826.744140
754.641020
655.833790
609.706756
626.771240
643.579527
633.177414
613.858799
619.381275
616.172701
615.762672
635.584298
660.219679
668.677982
671.532862
677.927002
684.986259
690.876128
685.312725
688.220546
707.889857
741.483193
752.392413
759.396643
782.639361
815.619283
820.281538
819.442261
778.858050
690.313862
603.896437
589.512637
598.461447
621.200413
641.671364
656.474178
673.577242
684.066576
701.226723
720.698511
740.675109
773.648227
796.749571
809.726902
784.068822
778.467063
684.794593
602.402081
599.637663
606.711049
626.621826
650.230140
652.126452
666.384075
642.595888
588.518891
590.121918
622.253998
632.649611
634.305827
633.206413
644.989496
677.945137
704.957609
720.711420
740.330161
766.305535
786.012730
786.043223
737.963809
630.993651
585.831913
608.209251
627.686978
644.190352
618.217840
598.909403
616.370206
642.905178
667.765698
685.810566
677.768159
670.165943
669.944216
680.136365
692.251268
691.984452
704.475792
716.540897
709.903412
702.412251
709.391567
724.464248
718.752631
704.725632
708.471120
706.650193
691.275488
701.288827
728.081930
723.408055
711.855333
737.816067
744.820605
735.130713
727.708417
744.041562
765.043673
756.158421
757.557653
764.160747
757.800056
751.800668
763.420259
763.584524
763.399896
781.131589
791.999577
787.279951
787.137494
773.071262
683.633639
602.698383
633.027060
655.255620
634.080436
624.715277
614.903309
623.594926
647.260482
671.902783
669.991246
662.984781
679.824664
673.237260
674.093022
706.872169
721.283011
717.887518
715.915424
706.313403
714.285482
729.358286
732.969261
757.559647
771.766103
768.388799
783.209651
769.813791
746.235944
743.615542
749.198395
764.283236
775.177594
781.375831
794.551575
797.600210
799.632782
786.847338
786.460369
768.513690
688.515681
630.233675
647.035320
659.826796
671.652004
642.365578
645.352831
656.298692
665.767113
676.802532
671.764909
663.972949
666.617245
668.882485
669.223375
685.492088
708.384757
720.871507
715.783694
718.507669
744.442013
763.599730
750.382192
737.096016
740.127924
765.787071
766.403923
755.042181
775.498596
789.047747
784.443561
801.218780
801.468631
797.832730
805.942347
805.765282
826.076658
820.439761
819.841584
782.128395
674.760355
606.185630
618.635916
630.949960
625.593841
618.935437
625.233373
634.525444
646.103112
662.098155
667.929413
664.643596
663.531760
666.509159
680.334697
707.781644
735.026876
748.242541
757.865296
772.499133
765.005631
768.185905
778.994136
765.651861
754.574920
752.799477
758.236760
768.573150
765.027449
765.007102
772.989312
770.960873
765.808319
770.043311
768.870843
761.694775
770.534988
788.979240
789.578684
796.392331
754.144175
683.056237
656.812908
641.167753
644.203864
641.313857
636.259562
643.323147
648.635575
655.209534
665.979949
682.145751
690.829612
688.437624
699.168599
712.350085
719.068738
737.762591
753.821499
765.512504
769.911922
779.214119
799.395013
804.336894
798.251354
792.138620
780.572994
770.737310
758.095101
739.903275
739.610403
737.719901
711.083485
657.202053
628.281662
619.874834
617.003722
614.908204
626.539566
636.216316
652.414148
671.685312
685.344700
697.277771
710.075498
718.001965
731.296097
752.708088
760.917945
771.359701
762.481988
752.999842
760.662860
760.905817
756.013399
739.376861
718.174174
687.553760
674.764501
660.511256
654.463181
669.026698
688.176004
701.504307
712.612572
722.815215
726.396672
726.607137
736.875810
742.907174
753.892714
765.688951
772.947767
768.745929
757.793214
757.465286
751.948198
718.104111
666.121797
630.371812
616.854744
615.129387
620.319493
635.746796
646.207980
662.157174
679.001091
683.132695
685.529662
692.353234
710.785077
724.593536
727.319563
735.526134
736.285708
734.165790
737.819283
729.142423
725.741190
720.515206
710.063209
699.208368
675.319944
673.865570
653.072362
639.323423
637.692770
647.999159
655.948428
667.372406
679.659806
701.451930
711.055435
696.379836
674.965818
642.135024
640.277928
626.887076
611.796197
600.604368
603.793965
607.764648
611.917423
620.717323
628.647506
638.862563
643.375148
654.556436
673.785707
688.536635
683.742014
669.190331
668.473326
655.485577
614.668678
570.803048
564.133897
573.380854
569.868521
572.228529
585.236790
596.079917
598.366716
604.983770
609.757343
611.391317
617.007115
625.883235
627.858419
633.192047
637.918758
644.788216
641.811135
631.626047
630.994314
613.550507
608.861034
620.233881
627.140971
632.207179
615.497926
617.423711
624.895658
635.924298
649.500999
657.281898
664.595275
674.810880
683.265111
689.985360
701.747706
717.197565
717.970703
718.059731
722.341505
730.688685
744.949812
738.482443
734.851605
734.682022
730.917661
721.283630
707.726642
698.920533
691.077957
677.447046
658.504575
646.781925
631.637121
590.797498
562.834599
561.964149
556.631916
566.859371
571.725785
573.016497
577.389744
587.005937
594.126135
593.744684
600.246170
601.709761
605.108802
600.520514
596.873370
596.635151
586.893785
564.902119
551.215676
561.359286
570.461870
571.025894
565.752558
559.183650
556.584975
560.059301
563.775567
565.944015
574.525400
592.683938
603.142971
600.501308
613.462061
618.424072
614.120331
614.720765
614.216946
610.728203
600.781198
590.593837
587.997808
590.401632
584.469996
582.885288
570.356884
571.290243
573.284109
583.316730
599.896042
602.922261
606.670604
599.569499
597.222910
593.083409
588.493013
588.780321
583.560603
576.454601
569.081493
571.543191
572.118705
562.789172
562.191574
559.390940
544.750053
535.233381
527.072549
523.437053
515.868407
523.575611
530.952864
536.488521
543.380764
557.890747
577.009069
585.842605
595.826813
599.522829
609.922811
624.050872
624.423951
629.362407
630.373192
625.589221
628.936422
623.215467
628.405261
620.679825
609.877737
604.500206
601.381378
592.614703
582.566866
571.027617
568.661641
564.853501
555.513717
539.798015
533.155330
533.103831
535.367916
543.462276
519.629842
499.006983
497.098821
490.055272
491.579053
486.959359
485.079862
493.585849
495.490237
503.465850
512.055592
512.574972
518.820446
515.496148
523.062235
537.317824
551.416384
553.052833
557.559825
556.246119
556.978975
558.244134
554.796767
554.067510
548.596214
554.971378
543.834732
533.149931
542.469714
548.637823
548.689590
543.139095
521.739510
489.980987
488.286234
489.955828
491.531328
499.649905
518.255145
519.804217
528.744109
528.195703
502.355630
476.743277
467.187466
474.506495
488.637654
499.662031
505.317575
516.713527
527.647018
529.618525
544.874529
552.567390
553.895566
550.968290
548.736630
553.240277
554.853448
553.004190
550.536104
548.711724
549.319541
551.684076
563.101633
572.264916
551.650226
549.410285
489.759896
477.637330
484.889764
483.268210
487.474472
497.239745
504.903826
518.866854
528.133393
529.980482
529.720984
530.052352
540.378086
545.193847
547.032134
554.461630
564.436476
569.825228
567.393317
564.518640
565.470397
566.454436
568.891802
571.524417
576.773476
576.444343
573.739943
569.287947
580.463320
583.247765
571.695487
566.641451
578.444887
582.249125
575.055598
584.231367
609.579885
623.410685
623.221874
591.219731
513.773410
490.747727
509.299981
516.861079
530.645192
550.126861
556.669848
580.910699
590.655671
594.841605
580.774636
537.789893
533.480544
504.500288
518.281606
514.620590
523.129533
528.694336
528.518141
537.721160
544.590731
546.405786
548.626071
541.034449
545.376725
555.103534
568.024078
563.765043
562.815378
567.208607
573.454773
594.518075
607.609834
607.425808
579.510682
534.824759
546.496724
575.849932
578.186202
570.232933
575.880292
570.565745
555.668597
533.582197
529.005258
543.660616
587.145126
612.677851
596.710633
584.816637
586.516309
574.095141
576.982038
584.215522
581.959330
581.997601
603.212281
600.177446
585.398302
584.326858
600.111441
598.579241
611.025466
595.333496
563.432287
556.732214
520.187272
527.015246
532.491468
542.081390
485.104812
469.820299
458.746769
484.314819
507.518886
525.950922
525.850284
544.324912
563.951275
569.148115
601.899936
610.040805
603.581140
603.954455
604.127185
581.814520
517.306139
510.551311
535.242796
540.535478
557.921380
575.338773
615.516335
615.897336
600.001769
610.540528
605.957757
523.429471
535.427801
476.976502
451.696471
460.322816
458.869868
445.461992
449.433203
493.284153
513.520786
499.415894
509.813681
535.138584
552.080693
551.102628
557.239260
561.467776
574.275623
576.928901
571.504225
561.338756
565.777884
589.716404
567.761896
560.851017
564.018870
575.826971
555.488872
555.884751
550.853020
489.074735
474.512625
491.644816
480.329453
475.134615
479.627471
480.881573
523.608184
532.284721
527.880279
556.155009
576.776605
578.769351
584.613071
609.436325
598.737385
579.302095
590.220244
603.537467
609.791088
590.231081
588.939590
554.505298
464.827755
468.377161
496.503976
527.844969
519.584405
495.266116
475.897167
469.444017
487.317142
481.891094
481.580790
498.500247
512.971323
493.339459
540.893382
548.894255
543.608957
563.565897
586.084847
580.351956
581.267739
576.653510
596.860236
594.310733
592.317719
616.408795
604.135681
618.753036
649.133550
666.777308
683.457415
666.842989
611.693924
588.987880
541.111275
555.142495
489.891875
475.858403
497.338385
538.740478
568.122174
597.458489
627.364548
631.915050
571.785232
567.451250
486.079908
463.878812
442.475823
431.936671
477.423840
518.480124
533.795084
566.045621
599.609299
552.300830
454.141109
449.422427
445.832202
453.573695
466.008167
463.252957
465.380953
496.448813
512.624337
534.328346
552.307132
540.752383
555.903195
603.881466
590.997494
633.411997
680.174007
684.305170
593.791819
495.094906
596.451856
645.705191
624.122072
501.265734
507.311761
501.389970
508.527645
504.870530
501.959865
449.891285
371.366337
354.766881
346.395334
347.148578
329.423330
343.316652
363.251234
354.316973
340.284978
342.897492
369.933858
413.634986
425.883236
413.454933
430.821653
475.105994
487.648235
470.360755
451.691884
412.144325
400.126950
427.757171
452.097557
502.017148
NaN
NaN
NaN
NaN
NaN
NaN
NaN
NaN
NaN
NaN
NaN
NaN
NaN
NaN
NaN
NaN
NaN
NaN
NaN
NaN
NaN
NaN
NaN
NaN
NaN
NaN
NaN
NaN
NaN
NaN
NaN
NaN
NaN
NaN
NaN
NaN
NaN
NaN
NaN
NaN
NaN
NaN
NaN
NaN
NaN
NaN
NaN
NaN
NaN
NaN
NaN
NaN
NaN
NaN
NaN
NaN
NaN
NaN
NaN
NaN
NaN
NaN
NaN
NaN
NaN
NaN
NaN
NaN
NaN
NaN
NaN
NaN
NaN
NaN
NaN
NaN
NaN
NaN
NaN
NaN
NaN
NaN
NaN
NaN
NaN
NaN
NaN
NaN
NaN
NaN
NaN
NaN
NaN
NaN
NaN
NaN
NaN
NaN
NaN
NaN
NaN
NaN
NaN
NaN
NaN
NaN
NaN
NaN
NaN
NaN
NaN
NaN
NaN
NaN
NaN
NaN
NaN
NaN
NaN
NaN
NaN
NaN
NaN
NaN
NaN
NaN
NaN
NaN
NaN
NaN
NaN
NaN
NaN
NaN
NaN
NaN
NaN
NaN
NaN
NaN
NaN
NaN
NaN
NaN
NaN
NaN
NaN
NaN
NaN
NaN
NaN
NaN
NaN
NaN
NaN
NaN
NaN
NaN
NaN
NaN
NaN
NaN
NaN
NaN
NaN
NaN
NaN
NaN
NaN
NaN
NaN
NaN
NaN
NaN
NaN
NaN
NaN
NaN
NaN
NaN
NaN
NaN
NaN
NaN
NaN
NaN
NaN
NaN
NaN
NaN
NaN
NaN
NaN
NaN
NaN
NaN
NaN
NaN
NaN
NaN
NaN
NaN
NaN
NaN
NaN
NaN
NaN
NaN
NaN
NaN
NaN
NaN
NaN
NaN
NaN
NaN
NaN
NaN
NaN
NaN
NaN
NaN
NaN
NaN
NaN
NaN
NaN
NaN
NaN
NaN
NaN
NaN
NaN
NaN
NaN
NaN
NaN
NaN
NaN
NaN
NaN
NaN
NaN
NaN
NaN
NaN
NaN
NaN
NaN
NaN
NaN
NaN
NaN
NaN
NaN
NaN
NaN
NaN
NaN
NaN
NaN
NaN
NaN
NaN
NaN
NaN
NaN
NaN
NaN
NaN
NaN
NaN
NaN
NaN
NaN
NaN
NaN
NaN
NaN
NaN
NaN
NaN
NaN
NaN
NaN
NaN
NaN
NaN
NaN
NaN
NaN
NaN
NaN
NaN
NaN
NaN
NaN
NaN
NaN
NaN
NaN
NaN
NaN
NaN
NaN
NaN
NaN
NaN
NaN
NaN
NaN
NaN
NaN
NaN
NaN
NaN
NaN
NaN
NaN
NaN
NaN
NaN
NaN
NaN
NaN
NaN
NaN
NaN
NaN
NaN
NaN
NaN
NaN
NaN
NaN
NaN
NaN
NaN
NaN
NaN
NaN
NaN
NaN
NaN
NaN
NaN
NaN
NaN
NaN
NaN
NaN
NaN
NaN
NaN
NaN
NaN
NaN
NaN
NaN
NaN
NaN
NaN
NaN
NaN
NaN
NaN
NaN
NaN
NaN
NaN
NaN
NaN
NaN
NaN
NaN
NaN
NaN
NaN
NaN
NaN
NaN
NaN
NaN
NaN
NaN
NaN
NaN
NaN
NaN
NaN
NaN
NaN
NaN
NaN
NaN
NaN
NaN
NaN
NaN
NaN
NaN
NaN
NaN
NaN
NaN
NaN
NaN
NaN
NaN
NaN
NaN
NaN
NaN
NaN
NaN
NaN
NaN
NaN
NaN
NaN
NaN
NaN
NaN
NaN
NaN
NaN
NaN
NaN
NaN
NaN
NaN
NaN
NaN
NaN
NaN
NaN
NaN
NaN
NaN
NaN
NaN
NaN
NaN
NaN
NaN
NaN
NaN
NaN
NaN
NaN
NaN
NaN
NaN
NaN
NaN
NaN
NaN
NaN
NaN
NaN
NaN
NaN
NaN
NaN
NaN
NaN
NaN
NaN
NaN
NaN
NaN
NaN
NaN
NaN
NaN
NaN
NaN
NaN
NaN
NaN
NaN
NaN
NaN
NaN
NaN
NaN
NaN
NaN
NaN
NaN
NaN
NaN
NaN
NaN
NaN
NaN
NaN
NaN
NaN
NaN
NaN
NaN
NaN
NaN
NaN
NaN
NaN
NaN
NaN
NaN
NaN
NaN
NaN
NaN
NaN
NaN
NaN
NaN
NaN
NaN
NaN
NaN
NaN
NaN
NaN
NaN
NaN
NaN
NaN
NaN
NaN
NaN
NaN
NaN
NaN
NaN
NaN
NaN
NaN
NaN
NaN
NaN
NaN
NaN
NaN
NaN
NaN
NaN
NaN
NaN
NaN
NaN
NaN
NaN
NaN
NaN
NaN
NaN
NaN
NaN
NaN
NaN
NaN
NaN
NaN
NaN
NaN
NaN
NaN
NaN
NaN
NaN
NaN
NaN
NaN
NaN
NaN
NaN
NaN
NaN
NaN
NaN
NaN
NaN
NaN
NaN
NaN
NaN
NaN
NaN
NaN
NaN
NaN
NaN
NaN
NaN
NaN
NaN
NaN
NaN
NaN
NaN
NaN
NaN
NaN
NaN
NaN
NaN
NaN
NaN
NaN
NaN
NaN
NaN
NaN
NaN
NaN
NaN
NaN
NaN
NaN
NaN
NaN
NaN
NaN
NaN
NaN
NaN
NaN
NaN
NaN
NaN
NaN
NaN
NaN
NaN
NaN
NaN
NaN
NaN
NaN
NaN
NaN
NaN
NaN
NaN
NaN
NaN
NaN
NaN
NaN
NaN
NaN
NaN
NaN
NaN
NaN
NaN
NaN
NaN
NaN
NaN
NaN
NaN
NaN
NaN
NaN
NaN
NaN
NaN
NaN
NaN
NaN
NaN
NaN
NaN
NaN
NaN
NaN
NaN
NaN
NaN
NaN
NaN
NaN
NaN
NaN
NaN
NaN
NaN
NaN
NaN
NaN
NaN
NaN
NaN
NaN
NaN
NaN
NaN
NaN
NaN
NaN
NaN
NaN
NaN
NaN
NaN
NaN
NaN
NaN
NaN
NaN
NaN
NaN
NaN
NaN
NaN
NaN
NaN
NaN
NaN
NaN
NaN
NaN
NaN
NaN
NaN
NaN
NaN
NaN
NaN
NaN
NaN
NaN
NaN
NaN
NaN
NaN
NaN
NaN
NaN
NaN
NaN
NaN
NaN
NaN
NaN
NaN
NaN
NaN
NaN
NaN
NaN
NaN
NaN
NaN
NaN
NaN
NaN
NaN
NaN
NaN
NaN
NaN
NaN
NaN
NaN
NaN
NaN
NaN
NaN
NaN
NaN
NaN
NaN
NaN
NaN
NaN
NaN
NaN
NaN
NaN
NaN
NaN
NaN
NaN
NaN
NaN
NaN
NaN
NaN
NaN
NaN
NaN
NaN
NaN
NaN
NaN
NaN
NaN
NaN
NaN
NaN
NaN
NaN
NaN
NaN
NaN
NaN
NaN
NaN
NaN
NaN
NaN
NaN
NaN
NaN
NaN
NaN
NaN
NaN
NaN
NaN
NaN
NaN
NaN
NaN
NaN
NaN
NaN
NaN
NaN
NaN
NaN
NaN
NaN
NaN
NaN
NaN
NaN
NaN
NaN
NaN
NaN
NaN
NaN
NaN
NaN
NaN
NaN
NaN
NaN
NaN
NaN
NaN
NaN
NaN
NaN
NaN
NaN
NaN
NaN
NaN
NaN
NaN
NaN
NaN
NaN
NaN
NaN
NaN
NaN
NaN
NaN
NaN
NaN
NaN
NaN
NaN
NaN
NaN
NaN
NaN
NaN
NaN
NaN
NaN
NaN
NaN
NaN
NaN
NaN
NaN
NaN
NaN
NaN
NaN
NaN
NaN
NaN
NaN
NaN
NaN
NaN
NaN
NaN
NaN
NaN
NaN
NaN
NaN
NaN
NaN
NaN
NaN
NaN
NaN
NaN
NaN
NaN
NaN
NaN
NaN
NaN
NaN
NaN
NaN
NaN
NaN
NaN
NaN
NaN
NaN
NaN
NaN
NaN
NaN
NaN
NaN
NaN
NaN
NaN
NaN
NaN
NaN
NaN
NaN
NaN
NaN
NaN
NaN
