440.098114
662.991551
851.939734
892.789891
990.527672
1163.006109
1334.000000
1476.104185
1593.251194
1708.669096
1812.199386
1910.110078
2026.608672
2101.954516
2179.000000
2273.000000
2361.000000
2481.000000
2626.000000
2752.000000
2851.825056
2921.000000
3008.000000
3123.059304
3142.747333
3226.176752
3365.000000
3510.000000
3655.000000
3809.000000
3928.587998
4045.177678
4148.000000
4239.000000
4331.000000
4430.000000
4512.000000
4603.000000
4710.000000
4801.000000
4914.000000
5033.000000
5121.840141
5223.187686
5272.229234
5312.000000
5349.000000
5381.000000
5420.000000
5475.000000
5538.641417
5594.911923
5666.000000
5721.000000
5767.000000
5802.000000
5860.000000
5922.000000
5972.000000
5988.000000
6039.000000
6081.000000
6125.000000
6151.000000
6199.000000
6223.000000
6236.000000
6253.000000
6285.000000
6305.000000
6312.243953
6324.000000
6347.000000
6372.000000
6385.000000
6405.000000
6419.000000
6438.000000
6443.000000
6459.000000
6475.000000
6486.000000
6498.000000
6521.000000
6544.000000
6558.000000
6572.000000
6583.000000
6598.000000
6604.852109
6610.903984
6620.000000
6630.269984
6642.071141
6647.820422
6659.621578
6687.000000
6708.000000
6726.000000
6748.000000
6768.000000
6777.000000
6788.000000
6807.000000
6825.000000
6840.000000
6859.000000
6880.000000
6901.000000
6917.000000
6924.391109
6929.535203
6938.007828
6947.000000
6959.794578
6983.000000
7008.000000
7034.000000
7059.000000
7069.000000
7082.000000
7097.000000
7108.000000
7121.000000
7139.000000
7160.000000
7186.000000
7214.000000
7242.000000
7266.000000
7292.000000
7317.000000
7355.000000
7387.000000
7415.000000
7442.000000
7472.000000
7502.000000
7528.000000
7559.000000
7589.000000
7614.000000
7644.000000
7667.000000
7695.000000
7707.000000
7724.000000
7739.000000
7765.000000
7792.000000
7837.000000
7877.000000
7929.000000
7982.000000
8029.000000
8081.000000
8139.000000
8175.000000
8217.000000
8255.000000
8290.000000
8310.000000
8341.000000
8381.000000
8415.000000
8445.000000
8483.000000
8519.000000
8562.000000
8592.000000
8623.000000
8645.000000
8679.000000
8716.000000
8768.000000
8804.000000
8850.000000
8867.000000
8884.000000
8909.406109
8935.000000
8952.000000
8972.000000
8993.000000
9012.000000
9028.000000
9046.512779
9055.158315
9070.288002
9095.000000
9119.279371
9129.365830
9141.253441
9171.000000
9213.000000
9268.414862
9276.339937
9280.662705
9299.034468
9328.573382
9377.564751
9396.656975
9432.599349
