NaN
NaN
NaN
NaN
NaN
NaN
NaN
NaN
NaN
NaN
NaN
NaN
NaN
NaN
NaN
NaN
NaN
NaN
NaN
NaN
NaN
NaN
NaN
NaN
NaN
NaN
NaN
NaN
NaN
NaN
NaN
NaN
NaN
NaN
NaN
NaN
NaN
NaN
NaN
NaN
NaN
NaN
NaN
NaN
NaN
NaN
NaN
NaN
NaN
NaN
NaN
NaN
NaN
NaN
NaN
NaN
NaN
NaN
NaN
NaN
NaN
NaN
1093.693140
1149.094351
1102.643027
1060.381424
1001.763180
969.830105
916.355635
884.172626
864.362643
854.397648
847.617969
855.529193
865.319192
873.921628
886.313401
891.999376
888.095577
883.208249
879.099621
870.055593
865.364184
865.191744
868.920109
877.302825
886.562121
894.860970
899.304675
901.839857
903.355193
902.651073
898.305621
893.291029
889.503954
885.900202
878.618590
872.954390
869.058763
868.646428
871.114825
872.513901
873.867713
874.535079
873.398224
875.718895
881.728501
888.173872
895.940605
903.741953
907.580702
909.751112
911.138032
909.547298
907.331363
904.187122
902.793476
903.547367
903.145236
901.903374
900.251415
898.148993
897.401910
899.489946
903.745281
908.664031
910.679071
910.109967
909.018188
907.362299
907.571268
907.992883
907.778538
908.838881
910.834274
910.357022
909.867518
910.608876
910.737802
909.755810
910.194071
911.298087
910.906567
911.065743
913.362624
914.388569
915.373394
916.103354
916.290378
914.796659
912.507748
911.724413
911.300981
909.686192
909.867325
912.216279
914.949521
915.361558
914.997617
914.120412
912.259629
911.163767
911.691051
912.664518
914.152078
914.489952
913.394587
913.436525
912.954046
912.124468
912.288343
911.570203
910.410714
910.226495
911.659071
913.666037
914.693682
915.413821
915.767693
915.748562
916.114075
915.383591
913.144307
911.698993
911.022010
910.655815
911.767361
912.975084
914.780590
918.506971
922.826839
926.731795
929.107034
930.296816
931.701696
933.248285
934.454003
934.542576
934.807043
935.413154
936.338482
937.719722
938.928224
940.235872
941.580379
944.088692
947.551657
950.911809
953.987089
956.784809
957.678231
957.132400
955.392857
953.814306
954.703785
956.741551
958.787295
960.658400
961.357592
962.141787
963.595231
963.962181
964.501444
965.688642
966.236698
967.756872
968.998919
970.552723
972.930697
975.295388
978.050207
980.613394
983.361811
986.864080
989.037431
990.338647
991.047247
989.057953
985.727026
982.363338
980.153160
976.925676
973.666837
971.888937
973.336108
975.494312
976.093246
976.871022
980.792371
984.962685
988.717185
992.028368
993.671584
992.524872
991.547363
991.862681
992.099616
991.428402
989.837811
986.890844
983.860467
981.343141
978.710992
975.159343
970.280230
963.787652
954.156058
943.757932
931.846852
920.185289
912.643427
908.528249
905.664913
902.187166
899.680546
898.320444
897.509667
894.241567
890.607628
889.265113
889.310764
889.610965
888.092322
883.772387
867.568599
840.246522
836.319570
846.961208
856.261919
865.349588
866.889974
865.329468
872.485686
886.999518
900.051492
898.970842
906.416948
921.238210
934.241165
945.244044
956.146717
960.927315
965.499774
975.665022
982.642460
975.414473
967.657145
971.948525
971.349205
969.363030
952.548615
936.732744
935.646641
932.743505
932.194068
922.625667
894.908731
845.475183
797.097359
782.177502
755.318751
728.433157
713.791204
709.549955
703.755564
695.016527
701.918969
721.629770
731.970954
740.708293
743.893145
739.615719
748.825877
757.761972
757.696664
766.372336
767.520029
765.817357
783.970578
807.509274
813.936019
819.005793
830.450429
836.816147
843.637154
836.674094
815.019167
805.046279
795.115542
778.074843
764.835545
747.040513
744.791388
757.466413
752.415360
729.619250
718.744101
722.272880
725.342771
733.644901
733.453794
735.992033
753.317167
770.958112
787.087340
799.603196
800.066082
800.311885
814.471703
824.456437
827.430650
838.195846
839.348285
844.864759
851.511880
851.715049
868.779463
887.159731
881.967151
871.876507
875.704884
876.705738
875.052806
885.841512
905.133294
898.325501
893.911713
903.236743
911.245614
922.677669
930.154943
921.146523
921.365872
932.429833
945.691422
950.548032
964.926842
967.962601
956.549606
965.234585
975.847211
973.809068
954.729288
946.185352
955.951887
966.519710
961.653194
967.920127
983.948861
997.406456
1005.665893
1008.232467
1013.852225
982.481442
896.865144
832.180124
825.557872
834.213948
846.601953
857.666702
877.887741
896.615726
919.043269
954.803465
977.027467
977.678860
961.712167
942.721811
933.038968
928.677257
914.526021
891.033285
872.353057
862.891358
855.176688
847.622153
849.309640
852.249607
847.660565
850.487478
857.577560
860.941255
855.306366
848.626080
844.516163
839.115789
853.130588
876.326168
866.418713
867.180175
882.705334
878.672667
873.746970
878.553958
873.990361
861.817255
864.428230
871.927991
869.406091
874.006614
869.856071
871.033000
878.280608
882.738352
873.336106
869.068282
877.955108
866.361508
872.206863
875.086864
865.292653
861.957030
858.185224
847.356312
846.160748
845.527828
847.615789
866.276718
894.918281
898.033458
896.389827
897.985325
881.871321
875.101363
862.078573
860.582492
875.853481
879.084132
896.754007
915.614281
908.204855
909.280407
917.497348
907.205667
909.093044
913.114026
916.927846
920.649193
923.601466
926.909412
922.782591
929.303229
932.826759
936.264221
935.036331
945.707628
955.323271
944.974462
936.027721
945.296956
952.451925
945.010045
936.020688
933.135287
903.837088
892.816441
812.851736
742.825312
732.483105
747.544200
760.839164
777.527408
802.020325
800.410996
798.368229
814.395107
843.123287
862.105083
869.669855
866.898619
847.716907
842.974063
851.927380
854.587639
854.938453
854.529999
836.936620
822.126793
833.268027
834.557740
846.638181
852.916687
842.590037
847.002819
843.518582
829.833497
826.299995
832.329573
827.404582
812.526346
813.499418
827.524410
843.662672
845.443922
835.762481
836.676856
835.505395
837.659969
842.073048
841.767324
858.003384
857.134922
833.185760
820.806306
809.201237
819.442773
844.129092
857.766053
854.201066
875.764622
896.689424
907.759919
893.732622
885.552721
886.099854
882.023159
874.855204
889.975139
899.067551
890.251379
884.556037
888.558128
887.543357
896.187058
889.447920
864.868334
865.470421
890.668192
896.145417
908.691326
938.535071
932.320760
902.866336
893.024708
887.881616
891.641182
898.189673
894.708204
886.310998
887.878795
894.951014
916.765234
923.532741
917.841834
920.999974
926.245028
923.758091
930.729773
929.080699
935.503199
937.657787
938.174435
924.822567
916.711577
905.785606
887.607852
856.279687
852.035474
799.971606
780.764877
788.075968
800.589687
828.812606
838.856176
837.940435
842.447534
832.349844
816.092086
810.736508
822.758115
819.781271
831.111242
831.328187
842.336162
846.657527
841.934543
837.342567
799.963015
779.502987
778.538335
777.145047
777.146191
776.882276
784.904792
790.846373
790.700852
780.141290
771.526069
773.618710
792.046763
807.945914
804.544746
791.318077
793.718191
803.996085
805.546084
785.153157
765.125762
754.851506
759.928832
755.413652
741.355790
745.907630
730.815155
718.010517
701.728954
699.339308
689.128862
669.863549
656.891619
649.930786
650.450043
651.326557
643.203198
631.382557
627.618094
626.557790
620.666704
614.003399
617.855416
611.580071
622.477690
626.666048
618.103640
625.561599
642.410537
648.588688
652.926928
660.922989
676.383614
712.259553
764.147166
830.739430
891.016330
921.564566
930.364081
930.700004
899.141212
896.016264
850.909992
810.958653
735.913210
697.331863
720.011384
733.309372
730.272055
755.268687
773.101415
766.127087
764.734506
768.667363
755.445485
738.859981
725.946505
716.644141
695.292168
667.682627
658.561247
650.113092
640.288728
635.275787
634.592823
640.490324
661.945125
682.268274
684.874938
682.134635
692.767687
709.019733
718.906041
728.758774
732.282481
728.281959
727.578150
728.987045
730.085580
720.821323
709.744806
704.860631
695.550190
687.399349
679.113474
685.545569
694.028581
685.822303
687.638429
675.818043
661.898770
644.200292
632.878925
626.024449
611.313298
596.140799
585.402447
577.573311
571.790789
569.902307
566.157383
560.377404
562.923714
564.272242
567.911299
571.903185
570.488911
568.459312
569.724604
577.872267
587.726742
587.575631
578.898997
570.172451
576.485236
597.116885
628.263589
673.469937
734.942114
804.316202
867.678160
916.388667
945.417255
965.011184
965.392186
956.977151
952.943867
917.249738
811.175760
678.734533
670.838059
618.062839
612.650670
604.432630
595.865272
597.031499
595.778161
594.132331
589.550633
575.411670
567.733556
572.325514
581.596970
587.505150
596.258701
607.916194
629.511242
669.906723
709.156546
734.029341
767.098314
792.989409
809.436931
841.035198
827.789732
817.172322
828.913538
830.709764
810.482742
802.046628
823.495429
841.074234
835.866592
845.957020
839.326487
813.720904
808.211778
782.817314
776.856112
776.811580
771.442819
777.493696
783.173086
773.695891
755.681752
744.914236
735.002963
721.205016
728.430831
731.811028
743.089280
741.929687
715.332954
697.492160
688.216363
673.106083
655.751849
645.291787
647.508107
651.930022
637.393645
632.068019
636.018303
639.480559
639.629206
629.041407
604.321351
591.257587
584.725676
577.092256
575.082571
577.844025
581.758510
582.644206
585.387713
589.512427
597.703009
608.652922
615.603515
615.740511
612.833821
606.191956
599.953963
602.572115
605.605206
608.739583
608.455490
605.253945
603.590841
606.062385
607.897698
610.219996
612.568777
619.769936
626.516545
633.197570
642.310183
648.831016
649.676774
653.547911
666.188753
676.989759
677.414193
680.316762
688.395999
710.501893
738.725875
777.350941
818.053150
845.761819
870.292277
891.776579
896.390443
888.465927
839.384967
829.308516
716.157423
681.537725
687.842966
686.736496
680.481717
672.837471
675.063345
680.423202
694.105554
700.007317
687.292158
681.991883
676.550369
674.123066
676.792720
674.121340
664.623434
668.176037
683.909604
677.977124
668.764231
677.765558
680.267432
675.518326
689.454369
686.939418
691.023584
695.878991
690.263627
697.316335
704.205879
691.654899
671.636506
671.267216
661.858696
638.804899
636.153045
631.252872
630.489997
645.580190
644.031119
645.908845
658.653143
653.759944
640.160177
638.062889
635.862376
613.363493
596.640469
589.448096
577.675029
576.465775
588.599214
590.387783
576.216819
556.242588
546.026442
546.335323
550.136714
558.093192
569.856744
576.046544
575.250007
576.675833
587.170741
600.333772
614.629855
626.347701
629.152956
634.005193
643.298273
657.990760
672.683130
670.238423
673.888259
679.544641
680.404875
687.873426
704.410588
732.537494
784.913067
830.881428
853.182229
890.852479
939.119109
973.937835
989.945345
985.077685
919.645272
903.275720
771.839378
723.072967
709.860100
712.236347
718.747967
706.957161
685.865752
688.738276
703.581451
708.710048
725.968829
711.646749
691.594198
696.902639
701.784399
704.578884
708.184820
714.908632
712.288018
703.071729
695.240429
701.884068
711.284178
700.161915
685.856429
671.232208
663.695539
668.721408
664.270661
657.576987
662.591758
669.789858
667.408271
663.692012
654.067738
640.419683
641.289854
622.697497
606.508656
609.999547
607.223627
610.474059
625.099041
641.160068
645.704308
646.644432
664.990354
675.490245
679.449304
677.354134
674.673159
676.995838
679.844192
674.888994
672.182413
665.801177
662.990784
657.091579
645.882710
633.562313
614.147840
594.981799
587.301525
583.079365
584.453668
579.466628
573.137056
581.657923
596.481514
599.451393
587.478427
568.457038
557.084916
556.474361
562.111324
571.869883
588.100213
625.916725
688.313392
738.416341
762.078486
773.133834
788.338510
796.396827
794.983137
788.503809
782.951125
783.187787
787.513537
784.735645
778.397021
788.209695
809.325555
839.578875
888.791884
936.732630
969.873607
975.135880
947.973809
860.721622
839.401143
686.820113
606.942772
584.927334
578.596914
579.933442
592.251632
608.369534
615.458051
622.933873
637.887222
640.714530
645.407397
656.334929
659.830531
672.263695
689.903848
683.598537
667.403019
659.690589
652.280923
647.935171
639.569673
634.445361
651.122275
657.972439
660.684447
690.299901
699.346339
687.159106
690.405699
716.206110
718.480361
710.534444
713.765599
717.126746
712.956829
709.609602
714.737696
722.483920
734.759829
753.278181
756.100445
758.545244
768.256892
775.580718
767.833903
752.069526
743.881984
731.738410
721.476978
714.912208
710.436367
715.996439
710.393631
700.028399
699.747434
704.722079
699.585194
683.983946
674.332089
664.041913
650.600124
641.153269
638.344332
633.189131
625.403861
620.087920
618.377136
617.570373
612.890349
615.453136
624.339798
628.069280
636.127561
639.926301
634.382580
636.141790
636.203743
626.378106
619.906262
612.679413
606.017526
604.339592
605.578967
606.225789
611.365011
625.997314
637.918074
647.232443
654.598507
656.535063
659.348137
664.536185
675.924526
684.202508
683.267020
685.866935
703.306682
728.150787
753.524403
786.024400
823.026740
868.901233
916.585983
939.572148
955.678136
964.266054
947.840670
886.472719
873.820151
762.063033
680.749064
651.833136
647.367832
645.662529
647.464263
652.905480
651.999463
638.750135
637.713856
639.281118
631.128584
627.726687
628.797023
622.216422
613.253413
611.136403
622.118812
630.597340
632.388998
635.539442
638.133822
636.215960
636.019510
638.063348
643.379887
656.509132
665.724805
678.217277
681.128456
679.647650
682.210715
691.112501
696.180073
692.347971
695.944274
706.691785
726.111400
739.055599
744.239943
755.314482
769.740318
783.829945
796.085451
801.299446
796.198033
795.582931
801.851704
794.751690
789.547798
813.337089
827.742672
820.798443
831.640611
833.572277
816.173740
813.758773
835.076563
840.069887
840.609031
850.943062
857.939101
852.632543
834.723110
857.591248
900.036027
909.504725
902.357871
878.960508
867.103479
869.981153
891.401597
909.833814
900.425062
900.177159
916.260936
916.435666
919.049086
929.057812
938.316391
933.398109
911.156047
902.988897
902.187433
914.210310
913.931834
897.642396
897.784547
916.891116
924.860822
905.090821
901.006687
828.042069
756.591728
774.154992
808.815692
812.956105
812.988155
818.175568
804.228444
799.349597
830.971851
845.662763
836.462445
834.752773
844.936235
844.726400
854.051388
858.063495
861.469524
870.800442
870.874920
880.322074
903.905042
919.000544
934.127920
934.638949
936.069581
941.707510
939.347028
925.530678
908.356628
890.416242
896.148357
910.429322
900.494996
864.441734
867.142683
904.421716
927.259281
911.280087
887.750295
909.814308
950.374234
972.765590
977.324248
969.550301
963.705727
963.508002
936.850648
903.564106
920.114268
935.243740
941.872072
954.332791
959.863232
938.161603
917.983531
920.361559
923.162230
912.772893
916.051227
927.075298
944.052355
937.928263
908.415060
906.096767
917.181730
910.816965
921.163470
912.396689
820.688876
734.743952
732.566004
766.936627
819.287078
859.287615
856.991319
863.881191
880.916459
891.905205
910.626705
911.519651
879.288386
849.135416
846.686011
843.870997
842.612517
845.425781
850.933264
869.653207
887.430175
904.144370
909.884037
902.968204
902.804641
904.546717
896.210444
902.885299
930.741485
925.317550
893.710289
889.341262
897.767813
888.582950
887.923838
874.670564
874.432738
877.178994
886.688450
896.218454
891.476601
892.361925
907.019387
891.326330
892.827330
907.510526
904.328243
926.963160
963.895964
954.759704
926.360859
914.988885
922.601803
939.961575
953.832095
964.858592
968.203905
951.365535
941.768350
933.379582
914.736378
923.561229
969.684018
982.008227
933.363933
920.680728
937.034098
928.874277
844.440054
817.212939
818.777323
910.545042
960.750651
957.696997
930.846143
954.998407
995.247910
989.961824
977.108595
960.567143
962.338557
953.511439
959.168432
983.808109
975.347316
949.476459
940.410285
931.018635
900.586883
893.226492
908.650118
926.666424
918.353425
912.798833
918.776946
920.766612
930.020761
923.571170
926.708243
918.673719
911.072904
899.615469
887.600331
906.626816
916.167841
897.919949
898.976263
890.314601
883.287216
880.688053
902.587915
926.197499
931.207504
933.911626
945.130894
946.201221
923.512472
931.983126
961.803990
966.884118
936.530892
930.743131
961.731204
980.045596
985.245800
982.199472
962.963693
960.278218
951.902176
944.826851
960.227934
951.590404
871.081212
842.210360
921.111675
923.143639
934.530336
897.511327
906.805929
932.774793
943.791066
922.996152
932.688177
961.746937
962.875519
945.313291
935.708218
948.039498
928.272800
913.693812
943.818909
954.032597
943.546570
940.408664
937.946618
912.430142
900.401562
899.333002
908.285541
913.924264
933.781871
948.235920
941.594407
932.117628
911.830825
893.697524
908.589507
925.802961
947.933649
932.603805
912.042340
901.527619
886.351993
913.319969
944.101175
920.689692
872.055913
874.778896
882.534858
866.583511
875.484591
880.148696
904.697725
922.915078
929.969464
910.832512
929.958766
949.463780
939.326235
844.730244
776.912067
799.499591
800.698387
850.719843
868.962313
873.682485
895.004292
900.251285
915.515643
924.865549
906.690265
890.382476
875.355734
893.344418
921.859430
962.678748
949.242798
905.073532
880.787247
905.369524
920.501225
914.371876
921.061088
914.101632
885.438738
874.626165
881.591412
876.665958
890.469657
896.548338
907.062153
927.707387
918.005576
917.142127
944.063383
938.271780
911.331132
909.816366
935.324377
969.581841
957.235969
971.444533
997.093470
978.339587
975.849721
893.411285
868.859168
879.356879
862.271361
859.526582
849.784613
883.418814
912.365548
944.695051
931.839720
902.022940
906.121652
942.865306
966.171216
971.816880
975.004447
932.845086
897.258719
893.892787
907.996668
889.874265
883.503823
885.662437
903.345349
913.955382
903.571363
893.353378
896.785677
897.365084
897.412564
873.366993
875.423637
891.217809
923.426817
919.491260
923.327339
918.023733
911.136429
918.559881
943.425910
962.367763
926.785686
921.211156
967.725509
986.596400
987.246646
1000.255262
1022.846611
1040.288381
1015.529046
916.618344
825.994183
824.421743
842.787903
838.145221
840.203886
848.951541
866.036386
874.512101
869.611466
872.260836
878.897747
882.424531
882.253989
898.735975
891.754919
877.415950
889.487653
885.066186
879.036014
898.391101
915.731857
893.527991
884.637059
902.946745
898.332806
868.985989
877.756466
899.006248
915.080894
931.939320
970.037343
996.928978
1013.825549
1029.638533
1035.091296
992.828226
990.771186
903.819351
891.751131
941.132707
957.037622
951.764500
962.561876
991.400133
990.268706
1003.067248
1002.226597
1002.587010
977.653185
966.974959
1002.219617
1019.149221
991.767162
974.692704
953.244758
925.876112
923.842879
954.472806
964.201571
945.203104
955.495260
962.533853
920.929251
898.729199
908.934205
908.651547
891.899005
882.844923
895.123742
896.119380
869.021009
854.481811
847.027344
859.753385
876.109690
872.278331
871.197767
868.574695
859.989681
856.846427
873.269640
863.804892
867.066163
892.540302
897.647123
904.719948
938.508252
951.957724
951.891041
952.193763
950.704801
859.535327
831.741449
836.252868
842.471131
847.649357
850.310616
859.788996
853.922159
858.966280
890.369767
923.205248
914.228592
898.195690
897.720201
892.296161
863.000970
849.635787
843.429713
856.212885
864.696896
871.213813
886.591962
879.118162
867.431555
852.689085
858.940527
871.610378
870.039649
849.053635
847.738623
861.120602
832.854542
855.870646
905.139267
926.072635
934.186935
924.294909
915.585942
947.737625
981.291602
985.147427
978.596274
976.186191
874.684508
839.623119
869.453965
856.732751
842.735080
863.160740
872.777286
853.147769
844.849091
851.800815
894.120695
899.292726
874.890513
859.042452
849.576783
881.992796
896.920969
896.848440
906.421869
919.265830
924.229622
912.597087
911.564024
929.876505
956.866578
1001.050254
1019.893931
1011.179607
895.289501
891.844785
863.366138
904.757583
871.448796
845.074765
867.861798
890.708999
892.041972
894.730965
890.518595
874.265610
861.030180
856.698101
877.119543
872.080545
854.080278
834.923283
841.580799
843.766232
832.522942
821.039326
838.259527
867.528186
876.356791
878.051980
860.270819
887.394364
905.561019
886.148472
877.242639
863.275052
883.439347
923.578532
984.104998
1023.691673
965.641831
840.554703
837.562837
802.767787
891.879504
928.488221
930.231267
929.871113
925.321353
903.132371
902.267077
925.636138
930.181423
929.905574
910.222369
910.869349
938.605647
937.478166
931.939584
940.741956
951.610495
954.374890
960.959735
968.935689
949.212166
923.930241
925.055108
912.266125
900.023154
901.213167
913.160576
934.685066
939.737707
931.093448
917.697109
923.558205
924.196572
930.269242
936.539140
918.149884
933.195526
945.089578
959.234406
961.007549
967.595921
999.576303
1061.329606
1089.096869
1036.993133
1034.028915
897.632487
864.532445
901.847803
946.315499
937.423215
909.908403
907.186614
911.245343
920.588078
915.721387
906.670403
926.284221
902.658340
869.906029
863.674283
865.789086
865.719218
863.388261
867.934480
882.636810
878.443008
858.803837
863.154548
858.829354
858.647543
872.850677
874.078558
869.200884
869.162310
877.827922
888.034182
882.759400
883.323263
878.234678
861.323292
864.764449
884.484740
900.658496
924.940868
935.655008
966.008914
988.094855
1021.628361
1035.642639
998.644980
995.631242
828.298756
794.648574
827.270240
854.933117
856.748023
873.528310
860.829587
853.672411
864.264794
860.846477
844.591681
832.222926
836.003731
851.710172
851.921983
822.969733
816.162303
814.770085
822.088322
838.022411
856.544756
853.643838
839.715025
829.078066
818.035831
819.083707
838.841650
842.090592
843.044342
845.030595
842.863872
862.282366
851.559287
856.521971
867.790760
902.175413
919.627216
912.542342
886.845487
869.871088
898.841675
922.147408
929.867098
943.207664
981.888604
1023.805902
1062.612233
1062.770123
960.325522
954.611900
801.072162
793.427866
817.378444
840.860678
836.485896
820.049213
800.395258
804.351616
821.443321
820.718118
827.541448
830.066232
823.513701
827.318076
818.326511
812.008588
839.625731
859.660095
868.305737
865.736516
873.526558
884.273141
869.837084
895.819435
962.424124
1011.464606
1007.240552
965.411367
895.775892
858.036466
824.234788
813.896424
860.678260
885.667775
874.477471
876.898459
878.958277
881.759361
864.013837
869.082891
890.026348
883.019500
886.506242
903.045561
927.973495
952.578293
934.655984
933.637622
986.006510
1039.586051
1021.862296
1014.899554
803.288635
734.720333
794.979401
817.309209
788.701512
760.161929
785.653579
766.249674
739.021331
751.105263
765.510281
789.763678
783.151346
769.454790
783.427153
779.616649
788.470700
806.412443
821.938309
842.577025
849.680621
838.247643
830.470556
822.864212
844.248807
840.882344
800.684522
797.942619
816.284493
837.421420
862.534505
867.453851
850.829562
863.677748
872.259343
864.267959
872.712790
897.230822
927.200472
961.059757
992.107959
1032.175856
1054.394263
1025.976905
1020.055471
857.238978
724.773549
733.380601
737.771900
748.696146
746.080491
730.721159
735.858494
749.240625
761.931662
761.672705
778.747652
798.293025
791.013286
774.096492
790.347458
820.637024
854.350977
867.491938
858.178654
853.663741
847.049557
859.801449
877.011855
889.768715
897.702830
897.240149
900.100621
921.540560
952.102804
971.151333
976.084453
1016.224481
1065.257929
1059.850274
1023.842172
1018.938576
856.795825
743.635931
776.210576
800.422507
817.342835
810.680167
812.437558
811.516320
810.462111
812.122581
814.454082
819.941323
831.066032
848.077575
852.727007
826.216169
816.234797
816.872057
803.054151
781.171287
784.192734
809.483914
831.972398
833.200715
824.829928
811.962522
828.527662
853.227109
803.435832
790.125915
801.862173
807.533611
819.729637
831.359314
826.409209
811.037212
817.033458
836.603773
851.690030
853.999756
858.849885
852.374549
845.066028
848.929086
841.585709
846.212654
861.784651
880.918681
869.656419
875.902210
908.874249
952.289789
962.248567
947.284114
896.645805
890.766031
723.995492
609.356224
615.821233
638.859406
641.067485
662.083998
673.060346
658.439366
650.827323
638.253251
632.359548
643.576041
650.041734
647.232958
658.294130
648.761532
642.927012
655.120345
666.816998
677.938220
684.636921
695.268531
693.355288
675.102270
680.568129
693.208779
692.923441
685.793296
682.147260
679.085789
687.839637
697.953259
720.127755
727.003709
729.662278
737.952300
747.202383
735.204415
725.769025
726.208407
747.915249
768.468993
763.825913
754.806377
780.183447
789.732654
788.321567
814.065481
819.422842
835.576735
859.118080
852.196059
848.255356
856.998499
861.435822
869.709205
882.982194
905.456111
917.655284
923.749523
935.037833
975.133479
1001.016555
956.674623
951.536129
823.145273
768.408708
758.247549
740.138138
724.517588
726.437710
729.295475
741.066381
754.229006
759.786772
764.597470
735.894226
707.747364
692.728370
697.553594
719.304386
715.282348
704.223804
714.127856
711.764150
701.983269
696.194743
703.840132
711.182838
701.651968
699.878771
719.024230
724.576629
734.034255
761.034071
776.966699
779.897875
791.750077
816.816428
813.414136
823.628661
845.527177
871.519397
900.080988
902.039032
876.505085
896.760137
930.732862
945.282768
955.282122
965.804135
948.055629
945.032102
850.189440
726.918683
732.938301
759.200106
764.605474
759.799732
738.040598
722.641778
732.183261
749.246647
753.354345
741.053318
742.124342
750.530615
730.034072
722.470233
747.757285
743.101170
721.827235
727.944555
714.998444
715.958161
723.190300
703.604820
706.041812
713.834356
708.824325
711.149635
712.469576
694.473903
673.152034
663.159103
647.005567
639.569601
631.558021
637.075725
628.138284
611.938833
604.572129
607.776297
617.348343
640.289896
662.550540
686.435307
719.278904
760.831098
804.928890
837.553435
877.682351
920.189336
922.873838
865.200707
857.222138
648.883713
545.761843
559.515393
572.462255
594.756704
602.090989
606.631586
607.790414
620.863821
636.273151
643.748577
654.764132
645.873745
645.680605
658.224572
684.035736
701.834934
706.923064
728.262477
741.772558
729.930551
739.398523
744.574754
741.809298
767.282748
762.761803
757.077837
787.911041
817.166523
813.199619
803.981280
793.134523
803.462478
819.461466
821.723404
813.533234
821.771071
855.985294
882.626673
875.419229
877.745898
899.584962
928.916745
969.788829
984.651019
947.693167
941.952239
800.385050
716.147565
682.622206
660.280371
652.043060
646.999200
632.789955
617.877941
608.821204
612.895799
605.407205
604.859780
633.574001
654.351660
668.903504
686.419060
684.705479
692.640499
702.502215
703.189609
706.708589
727.826500
753.082774
777.761344
793.254306
811.389392
814.635835
806.423380
827.424741
855.512227
872.085178
892.953676
897.064369
905.725401
916.727886
912.677915
868.598017
863.201082
714.034773
592.068489
562.401660
565.363710
558.583202
541.649837
556.930351
577.465958
590.550880
583.337005
574.113720
584.423414
604.802971
617.060375
626.697456
621.783882
621.236990
634.941683
657.651480
651.386980
665.295454
688.387978
698.477175
695.674112
708.315157
741.971229
780.988856
789.794829
775.961590
762.013265
768.374940
812.771213
828.434067
841.405777
856.449366
863.321989
846.170601
829.063102
861.765507
873.882705
864.881180
877.499914
879.957839
921.037643
942.801190
788.169165
778.876733
591.043629
550.727051
549.943329
579.382191
577.656840
558.313027
565.742236
582.359567
592.905527
603.970431
613.721531
621.639458
623.395138
602.587294
586.132678
602.499784
619.907561
611.277140
589.368336
577.114848
576.263877
581.898591
594.138414
595.988767
605.660059
627.927169
643.837290
644.971329
630.505907
620.477713
630.265427
622.868855
607.767820
615.255137
629.668569
624.621533
625.088212
632.906265
642.013560
655.874560
646.711244
639.566955
652.214245
668.956334
692.636999
719.024359
747.963952
786.401672
808.060479
809.386414
829.920251
860.959455
889.370770
891.676714
897.353117
929.551428
933.040566
847.267492
837.244284
606.059947
518.089155
541.327786
555.824630
549.910448
540.954233
538.993175
545.939151
540.676652
540.388770
546.189780
558.064611
554.544214
550.312013
557.824011
561.507311
570.804965
582.871853
598.178350
611.142381
614.353163
620.710285
612.229425
601.149017
600.401520
617.302735
621.972649
633.497464
659.633640
668.411346
653.774656
649.750541
662.883961
637.712679
629.332646
632.144276
634.641984
651.272067
652.526073
662.369204
678.262720
695.807094
722.248387
749.281923
760.958080
779.647127
816.673777
850.665885
867.827012
870.186471
878.110028
909.067548
931.657827
918.230788
768.697836
753.206341
563.823454
533.666109
509.948925
500.612310
519.111025
519.625563
522.459722
539.138166
540.548910
528.585360
532.199043
537.728151
521.575419
522.573227
533.690306
550.851092
550.617798
543.462811
555.393017
572.604588
586.283763
603.606690
626.740307
645.121991
678.598109
696.091354
706.251725
736.029028
743.916563
733.768410
722.286479
739.021909
736.691713
762.012078
796.854202
799.159739
811.582682
816.688049
814.214009
831.977227
864.567107
879.380461
863.661076
870.418622
893.907446
924.617874
954.656559
1006.742756
1017.904241
999.096604
992.331217
817.437814
664.044962
669.178201
700.889422
726.496155
749.529717
750.991263
776.623104
793.489460
784.104803
825.776494
864.745746
832.359038
836.109601
875.695868
879.862243
896.862533
915.200302
929.142267
941.731214
933.755783
914.880805
877.228781
860.531770
892.706701
908.306407
890.464959
861.683253
849.412848
871.011542
886.738007
876.051337
866.607103
870.648824
893.605451
891.913673
900.674311
911.548119
906.607807
893.944773
906.319697
952.428257
992.745359
1002.725092
984.289311
872.721712
860.351172
662.871870
618.239844
621.227376
608.946485
607.160105
608.863591
617.932507
639.224135
661.565497
673.955328
679.985350
679.067573
687.853268
691.220756
688.720264
710.341958
730.062921
745.614019
725.510462
741.030655
762.017750
762.255038
781.134672
799.705758
800.773919
800.145897
814.533872
811.751433
809.648496
806.476221
817.889758
847.983069
847.165878
822.677167
805.893014
807.374322
814.485770
816.508652
830.210800
832.486932
844.223338
861.309868
891.654164
926.817935
941.317920
960.893286
1019.170742
1073.604953
1104.105288
1097.867286
954.971546
940.086621
784.390204
805.161165
803.544057
770.269164
796.255758
815.774798
810.271585
824.272533
833.893594
828.023169
815.416649
840.218660
840.651175
828.673276
835.083823
864.694506
908.266648
926.732748
945.358012
975.113424
1017.901995
1069.332133
1080.646283
968.594393
954.643796
782.882219
769.262322
784.566191
795.873391
802.533755
800.336498
779.776607
776.057721
772.729468
768.661646
765.690319
753.284457
762.015907
789.901008
792.018921
791.405209
794.178924
810.143823
829.514711
828.236972
839.410893
851.904321
864.633195
880.546161
895.790872
916.083251
940.792792
992.715655
1011.309498
983.643138
975.741355
806.301111
723.134669
748.029731
784.079330
770.677279
767.124050
789.303119
791.811184
811.243031
833.810323
840.722758
858.702608
878.282725
857.102800
860.440503
870.558910
840.458645
843.567425
863.380108
879.427644
895.349185
909.768199
923.184023
927.337472
966.924796
1004.984099
1035.708956
1076.747381
1056.329635
962.888156
950.527759
812.739066
826.350110
848.033737
808.228369
800.978635
834.115769
820.111864
796.784860
830.395878
858.865871
858.183364
852.816578
837.679229
816.304175
860.697017
892.698925
936.087356
959.946053
975.225568
1014.622471
1036.887104
972.375933
961.476474
800.805239
745.701029
765.171791
751.841692
734.823586
773.738830
824.227220
845.399983
867.065660
865.921571
867.887066
881.503049
878.749152
879.183982
892.185677
890.939705
880.138510
937.469308
1001.242566
1040.201562
1078.898304
1100.491614
1113.248050
1121.594380
1117.545641
1119.879890
1121.391448
1095.420989
959.659728
948.506089
757.413085
760.660920
761.558763
759.171710
743.137633
724.657308
738.377026
776.188781
818.375371
821.265206
809.051027
815.830373
812.311423
797.649382
812.653148
822.643145
821.203712
802.283888
816.185241
868.370753
889.117814
906.706562
940.370267
973.719679
948.072248
848.904974
826.480337
676.290146
693.248331
705.128025
756.063640
825.972678
904.495380
923.396014
927.588610
911.135295
828.418371
812.264900
690.121132
695.256079
713.672132
734.984833
771.176246
789.565482
794.630854
795.938070
768.095332
727.800884
752.106876
826.569791
854.490606
837.250133
858.667499
905.229229
931.415980
890.829448
649.905477
630.032143
733.744612
891.625507
924.490998
918.003712
813.111675
795.342513
880.304563
917.826761
898.526540
889.797803
752.723753
611.816541
602.633449
636.477214
631.522718
650.242091
708.356341
709.134825
727.733309
761.210771
758.002824
752.564314
776.238334
758.479594
734.083589
737.738684
751.889087
773.648816
830.398339
845.042590
822.400532
804.290247
793.913800
787.357097
821.439615
865.369506
916.065143
941.083057
924.448264
738.990529
721.920679
655.522121
704.719504
729.764262
704.507073
728.065784
782.647560
810.508948
831.015723
862.485844
860.029930
838.992184
809.954293
795.434996
820.364686
856.761872
900.658979
890.328738
873.195893
845.021347
839.791734
876.147465
934.087240
964.341919
944.822047
929.055184
911.608060
933.895529
962.108793
985.382611
995.873436
948.386187
776.650646
629.886991
628.558961
703.762787
767.691749
833.433145
881.606013
910.075507
929.381897
968.566826
1014.632901
994.217507
985.574423
848.391114
767.586042
765.037375
785.928390
854.820327
897.802701
888.940350
899.956335
923.958084
910.136903
874.859257
829.859624
821.871371
847.439602
902.459142
927.514091
920.834592
926.402956
948.849706
972.140203
979.502114
980.759188
941.753811
932.990912
746.150165
580.294345
663.728134
683.924478
691.288785
715.308407
736.665911
802.040359
842.571325
840.982367
821.083495
793.658337
767.010583
782.770314
828.651491
875.930968
884.107461
875.721591
899.304914
954.546509
962.688559
944.242135
951.835186
907.339928
894.109524
682.857797
591.383031
637.531742
627.586289
669.250897
747.171007
755.288798
763.204089
794.630094
803.872149
803.461400
834.244469
855.775440
856.212739
851.524612
836.046090
855.037911
914.285173
949.222175
974.271526
902.974008
885.121651
675.655035
621.840848
680.201135
677.033681
697.778028
729.517177
753.965905
770.370765
773.074553
782.885187
794.950639
816.694435
854.363978
836.846400
832.524937
834.393125
808.458055
837.816448
887.810150
874.627262
853.192650
878.148024
915.278108
933.770913
952.799241
943.527537
847.129584
828.628317
632.329547
640.546284
687.370348
719.153168
723.059414
734.233086
784.871452
795.003233
778.878641
811.207283
847.427559
882.581464
909.513336
915.844120
898.554709
886.512214
890.929986
919.186298
955.488977
934.566186
792.749742
668.477724
664.236563
675.026291
689.853580
698.155734
742.582248
802.683596
847.983935
843.940364
846.437965
868.307416
874.446132
864.510716
840.219762
855.331161
879.371200
882.624575
885.296761
908.167491
918.868358
947.425234
974.758858
920.073951
905.879594
722.183269
663.060381
706.344295
715.754582
728.913067
734.869458
747.576123
774.029329
768.636170
772.950152
795.592227
801.131495
824.467847
843.009858
856.076269
867.995161
857.043731
815.609095
815.798372
847.917983
878.590228
916.993602
951.149162
906.897334
666.821976
651.853501
629.134120
670.648317
666.470618
676.441868
727.273651
763.896645
756.250686
747.377275
761.138963
801.671574
807.972142
792.508320
784.795599
800.243029
785.905579
786.723352
807.101700
794.918240
831.639518
854.023258
823.891405
825.023240
836.128643
812.347486
812.845300
838.708839
851.561825
842.879015
868.071123
881.545690
863.982615
840.713502
833.476582
857.808597
896.871794
936.060618
934.301542
963.017003
962.646090
953.514022
750.477419
593.258341
627.916345
670.001939
676.182239
642.821237
679.631783
725.573425
757.367333
781.549638
805.452838
778.494976
763.231028
757.954268
794.174996
794.543772
767.758233
744.314541
770.448890
804.218808
826.663467
838.308142
846.689243
813.999967
811.524492
811.795113
795.792609
821.272888
858.074526
873.848275
868.732800
842.958997
830.387710
834.438410
856.678814
883.741031
906.760067
947.048550
922.179479
883.378883
869.789583
905.557796
937.408476
950.416987
967.601806
869.832310
593.868184
579.817961
595.264100
657.440202
673.893758
694.686568
683.681500
698.687256
723.580889
718.939161
752.848340
779.425788
750.600932
759.619004
833.440815
859.093017
872.181718
860.467430
823.557703
788.195767
829.171171
903.775190
963.421938
935.547415
878.845106
891.994473
952.009640
989.557371
985.371785
889.792215
863.397174
626.795189
612.614088
609.330129
627.731544
689.907621
740.437581
771.799262
792.292724
863.466091
901.061184
902.892145
794.112691
592.318302
580.165464
595.662947
590.630144
593.334654
603.749739
639.479476
677.284746
670.115907
685.484693
702.073412
693.683072
705.786344
711.836953
737.921320
775.408336
768.207209
776.086418
793.275361
766.166328
761.454292
774.041561
805.719664
827.833741
864.932582
876.401227
845.615274
827.386526
826.964612
813.390996
822.353806
858.487686
887.501747
894.537725
902.004663
926.593507
920.275658
900.941769
893.249689
706.434757
573.747000
602.209912
641.365726
671.061469
660.883756
639.626272
662.248605
677.230496
662.626230
672.782936
661.001465
653.531759
689.295002
737.017040
789.412442
821.636805
814.236689
801.011792
781.036325
800.266480
842.341739
846.358757
841.607947
860.474738
910.733151
917.007107
848.869953
837.435167
631.032990
597.485650
631.586242
667.897136
690.497719
734.380816
763.863646
779.765420
793.817123
811.719909
831.922602
813.246635
797.969321
808.388597
788.410681
803.381545
825.807649
812.312810
840.278473
853.844899
868.755141
883.255675
885.505269
890.484860
881.193150
874.225821
879.734369
900.710266
930.572460
950.963042
980.076012
987.298671
953.372033
943.998547
713.519636
609.743210
646.670213
651.529306
651.575732
691.247175
723.577333
743.199507
754.911636
757.241049
792.364321
824.135764
829.680995
824.318551
801.376331
793.338600
807.359738
839.231155
856.107364
856.094945
869.980761
897.671693
879.846047
873.827414
888.342706
879.282986
869.808548
870.511925
870.400755
893.863008
911.506233
897.893016
893.229077
924.294154
934.190102
927.121204
726.974050
601.148104
616.141894
628.174713
662.468026
668.084674
654.160998
678.924518
702.404032
737.829911
760.212011
757.332940
751.575391
759.963314
790.055284
798.682413
787.853031
792.964340
800.392202
818.105385
833.232330
839.184163
833.711577
841.731033
879.008593
904.035372
917.609230
902.979964
876.965086
892.637928
845.660701
837.551640
665.558386
655.420596
691.476193
695.941313
709.253285
729.132156
723.076627
717.547892
752.390316
771.923491
777.693465
793.612597
808.841067
839.375444
852.659193
877.578079
914.058125
917.560269
887.912304
888.572078
881.592853
763.614551
735.511156
751.062924
798.749807
829.067685
833.021947
880.515221
869.449944
861.535644
860.193061
776.611060
626.871868
605.548639
650.390018
667.460797
680.619262
689.026184
707.899425
748.757926
721.952972
711.438093
766.638549
780.813683
793.182785
804.304823
814.112318
850.066574
846.246630
811.732495
736.500824
731.523596
665.007141
693.061306
706.714048
677.163107
675.216788
701.150523
692.975044
726.958196
753.964003
742.329217
747.214877
773.865105
779.593949
755.944314
772.045086
786.148746
805.944432
809.385378
796.582392
809.044474
811.584223
805.625346
807.736027
814.236460
828.191938
845.243386
853.198758
852.832011
856.200984
866.175600
869.987735
888.805526
889.988545
876.402520
872.018284
858.166490
814.206552
775.662337
773.644853
727.063974
660.339616
661.877955
665.609067
690.844083
721.268478
721.557443
746.995152
780.707342
781.322225
785.051899
804.172361
808.166374
823.131910
847.281540
858.821095
872.201655
896.932622
904.889520
902.197748
884.697187
828.159101
822.366556
754.194720
743.424856
719.729507
708.469889
740.648148
769.459880
782.641347
747.809105
698.117855
675.993646
674.912953
656.531847
676.680540
661.399057
653.062458
675.589848
690.515242
716.465837
720.696875
712.925142
725.893089
740.048896
754.489272
762.936649
762.566353
779.191607
789.329943
786.166705
815.503984
853.539570
859.135332
851.966780
834.216347
806.360052
805.104468
779.049972
752.071673
730.709958
711.846890
715.653264
711.993171
720.291641
751.012437
781.740525
790.458097
797.984584
794.968573
787.756302
791.660198
809.457237
813.412751
815.213591
820.476441
829.257555
847.182744
854.117872
860.689438
856.752997
868.413532
873.838667
844.670972
829.975163
817.681215
777.780367
774.134105
719.911815
689.568057
690.019190
710.301232
745.412467
765.858055
773.747976
781.261461
787.939117
795.294383
811.960680
834.795897
859.758901
863.506221
857.424124
840.273438
825.103727
807.066320
756.751695
712.262508
710.231938
696.627592
697.555850
718.315686
729.973410
735.742565
736.363492
751.105699
768.589992
771.009685
791.124182
805.203367
795.885506
811.695100
833.266130
837.013224
847.254866
850.467801
832.162686
803.547034
750.837367
741.600093
741.381186
723.960585
686.189270
677.259961
695.325382
721.071232
715.072318
720.715158
729.453161
755.560019
782.184861
803.429902
818.988534
832.516754
841.131555
833.980637
820.249508
833.236693
867.444550
853.324171
838.972428
836.331583
819.537891
792.759521
745.720447
715.435074
715.926768
723.603550
712.676505
722.475126
735.148789
738.318495
766.104913
787.768253
788.921722
797.056978
800.603040
802.306205
810.325261
814.494300
798.455659
798.158108
819.827589
811.139672
806.850428
743.855080
723.254253
715.360939
721.788144
720.961287
719.589809
745.512874
765.104966
768.444772
772.506413
779.723374
785.054451
784.258502
734.271068
654.921956
664.655440
694.744552
703.403515
725.126914
748.533652
755.035586
760.667504
751.897676
759.954868
783.761408
800.772469
824.721470
843.403600
848.413771
858.101242
862.848210
861.277566
857.346613
858.670138
859.604701
853.017716
821.195964
806.575802
806.338769
791.999900
783.986946
784.627226
770.542108
771.042593
781.194618
794.049992
781.713979
768.921974
768.220187
734.383122
710.666776
699.443787
692.442638
704.482218
723.507339
750.985265
761.884753
769.403001
783.715355
795.718047
807.653352
829.545316
841.205115
841.987418
850.980705
857.360000
856.684909
837.008767
784.097972
753.500491
747.060076
746.803428
745.030968
756.884962
786.586919
793.205443
793.197784
809.982559
833.433125
839.854774
810.229892
726.621456
720.371035
669.128802
675.828278
694.666497
730.807991
747.525129
739.067404
733.420417
753.656416
789.343212
801.315375
799.384543
783.062736
778.998801
770.807804
775.290488
789.190876
799.026678
834.688578
865.464900
837.529840
705.992099
698.236326
631.030470
647.283183
680.818832
698.371243
680.150578
675.918783
702.330469
722.379391
735.388648
717.017870
720.968975
758.726447
763.439250
747.618630
748.231979
773.932741
802.352067
795.210816
799.649799
814.741692
833.304414
867.405168
883.211851
857.930366
756.907456
685.308222
683.639404
688.205838
681.245799
716.692571
768.774792
791.142607
788.282253
788.796827
794.885369
802.598368
798.959205
804.989380
828.657109
867.953709
887.071948
868.340676
726.506045
615.761752
614.188673
644.420709
663.977021
653.073022
662.875863
706.884613
736.508413
737.642631
726.742811
744.426411
766.741065
776.003306
818.464979
822.779712
824.412045
824.316757
833.321908
865.256976
895.258558
830.883538
625.438775
593.127033
597.182589
627.333562
608.916014
649.305612
660.470758
666.342901
675.784472
710.486785
712.453218
714.185857
736.628836
742.117548
765.393384
789.593069
793.634135
789.174765
780.294570
818.943531
878.838075
875.063628
686.142256
588.693190
591.623104
645.680543
665.174178
724.319524
811.337815
826.871564
693.722729
674.811413
636.825709
750.859265
814.673188
820.192548
801.682705
837.795668
881.988922
794.388144
779.974073
590.307961
591.839910
667.293754
707.475268
700.878514
696.980403
728.881591
734.455356
728.459739
740.769421
751.163645
766.254121
793.962467
790.455253
788.965603
842.944522
930.273787
935.388833
773.570388
760.406518
533.150583
542.555340
604.533911
630.265298
610.974631
593.155517
615.448453
666.799625
660.865494
641.286904
673.052909
715.112258
748.460577
769.673876
753.539879
777.931733
830.378896
882.761508
947.753159
860.320289
681.234279
674.710316
671.001609
694.175525
714.587266
768.011150
794.340910
842.232048
851.710609
848.958261
857.318632
845.507172
853.256592
917.552261
934.538820
829.561899
736.338110
739.920230
710.428099
616.401142
612.096838
710.342148
738.907336
706.986985
680.522134
727.316589
746.579810
757.883428
760.107668
757.720018
764.157497
799.558948
843.441661
907.803552
910.244826
811.132888
803.253603
638.490046
607.506300
674.638109
703.805705
701.734580
694.105535
642.927590
650.954381
690.742108
717.330431
717.523896
718.898300
729.742620
782.660689
810.671921
774.960725
770.198264
801.579339
819.823026
823.436459
847.107507
850.218465
850.303706
868.114813
864.071109
890.149496
908.793764
913.903752
932.688134
966.728217
973.416513
968.527833
811.481852
626.133015
628.998814
655.176557
669.628484
740.926488
814.880654
853.852769
916.021564
954.736490
891.785211
880.637783
684.051089
640.609670
682.390412
728.805799
763.745126
776.987852
796.493576
807.051342
822.208575
821.935211
823.861180
825.227447
854.298226
888.993985
899.613536
925.572587
936.401903
812.804614
802.805469
620.460768
592.512759
609.933588
617.351689
618.315931
632.965003
652.692757
678.205703
730.419103
746.196387
742.950511
753.722591
766.745992
765.250369
813.628160
847.402717
871.767511
889.689321
862.930871
892.724584
944.259386
951.667618
835.378392
827.922907
606.624770
613.296092
663.083242
671.284002
684.772108
689.040906
670.579319
713.131102
746.770246
753.655289
745.909760
768.349002
783.116179
791.009967
789.829751
792.436815
809.956465
799.731739
796.125078
811.723199
808.096855
805.360395
822.508230
834.694920
829.006817
838.402569
825.893413
812.481225
847.773632
853.850130
830.943959
820.864167
824.211513
831.397792
854.468195
882.342144
898.430374
922.780914
908.578737
767.000747
756.563318
607.724759
629.190065
616.017433
624.244081
651.497059
668.713770
692.563131
756.238458
801.400594
880.160523
965.064381
915.123710
695.149114
683.306181
630.215200
685.679622
702.207902
737.014852
756.083430
758.052031
772.685740
768.456874
747.231820
753.488591
780.402970
804.520686
802.538648
797.759848
818.589740
848.230005
858.700053
863.634454
852.863432
845.355198
873.559197
941.231775
971.779111
918.588162
912.885512
719.021637
619.498861
629.157617
631.352875
619.151040
649.289409
697.487823
723.127709
707.399667
705.311791
679.448944
674.156660
702.517315
719.429249
744.050426
776.610820
805.932610
820.087065
786.759962
764.048304
778.930484
807.254513
821.821665
833.979185
841.504257
838.245843
862.360972
891.405568
914.216708
933.990243
891.326363
883.676837
688.310149
597.811817
671.942208
694.422656
663.686889
649.707105
694.634045
739.063486
751.300698
736.241016
742.693397
743.337783
732.648847
737.740233
744.298263
748.300022
755.055704
780.662878
793.148302
803.811492
813.309118
813.927660
799.205352
790.375195
811.715965
828.683472
835.668561
838.667533
845.188163
867.836723
892.378451
920.265666
961.754006
983.421239
899.888693
888.023100
679.826351
622.117722
649.443947
679.751197
709.691194
683.855219
677.853685
692.347573
716.496023
734.342368
731.456765
752.761146
771.676900
774.807767
750.960339
754.842535
784.364478
787.721143
794.963731
798.586364
809.480260
834.159255
854.025110
877.921275
903.281590
918.708430
917.266506
904.060139
925.152101
955.098383
958.181432
953.349715
758.022979
592.698668
635.166656
650.482307
649.415096
653.686956
656.758469
671.402383
702.816139
706.798325
719.692743
748.887187
766.340511
779.270392
772.255533
791.409763
817.670653
841.118321
859.526701
893.105604
939.938116
954.290829
956.940780
819.309134
806.470412
610.951486
627.985049
644.177043
647.530619
692.079807
687.871621
673.396505
699.806763
741.120342
753.792179
767.322837
837.403666
892.621327
952.694707
938.960169
932.761429
706.134926
598.460343
665.934635
675.850095
652.240907
627.105956
633.702425
701.214008
736.723450
729.558099
685.487583
703.630733
720.005875
712.003601
712.362342
738.059485
760.490997
765.389858
765.067404
742.888548
736.927573
761.510870
791.447945
832.155102
830.983623
862.760167
923.548760
976.864580
967.708852
814.718618
805.647767
614.779947
623.640910
651.801838
645.609179
624.485100
654.508768
703.796655
739.515575
730.952816
698.900670
729.068048
751.574312
747.885827
745.595591
754.755996
783.394973
806.399574
828.918420
820.898578
833.667029
880.913980
941.620367
1005.263156
902.442097
872.730124
640.976514
624.606841
614.008450
584.103902
595.415570
664.401588
740.012669
789.523691
705.731592
736.711377
760.151349
873.068083
861.647022
665.947388
594.087375
601.361660
616.186330
615.364552
661.068802
664.012431
683.197514
730.734237
737.125329
692.815857
705.027294
749.323892
769.833900
799.344997
850.395814
848.818134
921.043022
999.193203
957.550603
942.991985
732.245368
609.729245
637.338176
754.324067
849.447108
793.582319
610.232483
596.185278
596.415216
651.416867
680.419480
685.921512
702.832174
756.412058
822.299229
841.078259
752.725520
742.310970
581.812645
621.230884
646.823722
581.874160
584.836566
615.192588
645.912052
666.239514
654.362830
659.617564
668.635998
682.878296
694.858971
703.810077
723.890325
746.613144
757.539738
793.785587
793.384904
782.190808
775.682096
819.183102
867.786944
869.298152
901.010570
955.932722
980.289946
803.548513
791.720039
569.246113
616.592508
578.474065
582.348735
624.040685
644.871391
634.878050
623.221937
655.642164
669.654784
670.821795
672.339662
696.841886
753.434628
806.490671
826.936135
832.284388
863.290615
918.519701
925.881863
731.242946
569.257199
566.969111
592.389650
590.151578
592.140650
598.179969
623.537536
627.950767
614.369856
659.505084
661.190204
662.395460
728.901142
761.327531
745.091033
733.193370
740.083606
730.309142
758.512863
777.357699
794.256655
856.992077
901.637036
950.203916
903.724139
653.256766
595.952084
599.514259
626.088236
603.205924
599.461603
636.404075
656.883290
667.596287
707.049475
727.086606
735.665954
753.164127
720.817327
726.628160
765.771831
802.892070
793.490779
748.797035
750.411803
810.001201
849.801981
914.807653
938.523622
795.265127
575.276800
565.715429
588.345880
616.440132
719.553184
741.812532
611.711165
604.370714
593.501112
685.219751
690.884613
656.569400
702.201889
713.743281
720.324299
761.341805
845.826911
851.476374
841.431188
666.627191
559.637643
584.013365
604.810702
646.269589
647.492248
691.054889
726.074371
705.273411
697.892409
711.120495
728.262851
754.010722
801.928579
814.965562
880.939027
915.380771
769.476677
754.396647
558.424252
571.422524
610.265614
663.112901
692.818389
665.918686
682.852067
712.607424
735.394479
791.830283
843.372010
892.551057
923.245381
889.807624
874.819533
676.753763
665.345940
709.903703
727.016161
759.442191
829.535229
911.074915
937.370527
768.228708
755.017476
821.211434
914.131615
829.767956
574.560112
545.108685
572.941286
609.367888
638.754915
651.505773
662.601666
703.529717
688.156908
666.361362
708.427872
766.256338
780.554455
777.110001
767.502207
761.554239
805.725823
828.786749
843.394434
851.818134
863.612473
891.937212
949.760296
920.178662
731.114016
722.575207
670.357340
694.453953
667.005802
688.515878
706.954465
726.752450
743.422910
760.943060
758.405641
784.045272
805.939124
812.502974
820.082403
835.285705
837.390866
864.094139
864.763658
850.111115
854.464251
867.602873
873.792126
907.710402
919.252336
910.813715
925.456047
968.231723
975.194584
850.160179
837.613017
697.579843
689.206210
690.995785
688.665237
716.116390
748.857693
738.172135
741.183646
782.072132
785.331353
789.459282
812.184033
838.913125
868.866685
856.656317
859.588179
860.492125
841.536612
864.044691
874.300839
864.539332
863.598942
868.066927
887.899999
902.969270
916.156866
938.759787
961.008537
952.881562
949.416212
849.065553
715.650529
716.762936
715.253382
668.942289
661.971644
708.643417
754.335844
763.455742
774.636316
784.665283
797.869539
796.561016
807.254895
842.329368
830.180871
819.888886
843.462623
872.698090
899.906122
879.913392
849.505068
852.905620
866.929036
874.277551
874.763329
882.324026
896.970613
905.160864
934.931784
968.124861
973.131154
930.859245
921.774086
762.087289
659.091994
680.450300
688.431043
662.747278
638.703083
675.030434
709.594521
715.793933
708.979754
732.272407
762.517591
787.709796
800.602567
821.415902
834.419008
842.477418
859.002149
866.906288
884.219783
908.183827
919.674256
946.423908
942.406107
870.328201
861.156531
758.696887
746.023822
724.963193
701.619492
713.826197
727.809804
744.057100
768.849098
775.467507
754.183770
743.314796
772.806044
779.406857
796.272945
795.993130
821.888564
837.813458
831.473850
834.243063
837.722863
817.211609
825.096857
840.444886
846.191851
853.560906
852.467568
867.901910
871.593618
870.139502
867.268399
877.595446
895.053691
910.386831
932.872894
955.290219
952.346336
906.753767
900.036561
785.772394
676.254139
675.417142
691.077580
684.607817
679.037207
671.601209
678.213103
692.354866
716.352232
732.284230
737.574145
736.807759
744.248925
737.522687
755.211345
766.674112
767.507413
790.932322
790.912168
797.081965
811.958472
815.377156
824.670178
840.662843
847.998281
844.344514
865.963784
906.463734
918.203252
906.404665
873.823480
791.387906
783.951975
717.209774
694.967225
692.951554
703.079575
712.772456
700.436231
687.179597
690.530125
712.902496
725.539892
728.875698
735.067335
745.777866
741.768598
751.221384
768.971597
758.801975
752.691096
783.251866
789.321007
781.791253
781.996033
784.618367
792.384887
811.455522
820.275491
809.713457
806.920100
830.413654
846.201452
844.278435
854.244397
857.090716
865.955771
890.208303
904.651806
889.892831
863.688631
784.149181
775.739539
690.604819
656.596133
661.616334
675.990214
687.037583
672.016900
664.086809
706.144151
730.336590
736.515163
749.616427
754.369064
764.851168
769.817239
771.182830
782.499755
792.627491
819.984424
828.706540
820.774345
837.942041
841.987652
848.945202
872.254990
897.324882
917.054353
924.684872
906.732661
853.274070
793.789485
745.973426
741.333949
697.828359
707.831627
731.233269
753.573894
776.204902
764.345912
763.415655
801.788871
808.050902
818.644245
832.449813
833.959343
839.724486
863.805618
876.672749
889.204138
898.065567
914.713782
920.551040
890.797124
833.470784
773.599670
768.826013
723.479021
684.617760
697.328147
750.691858
802.606804
823.876396
843.349192
874.467796
902.454555
914.758900
885.636486
820.458843
751.813749
744.535109
693.840730
678.875837
711.454814
734.158414
721.147463
732.992924
753.457393
758.075196
763.161969
783.215072
805.004715
808.613393
792.115923
809.686320
832.572230
837.267239
849.275975
882.665776
904.111123
889.749525
852.639726
847.613636
804.505184
757.611163
701.112445
701.405149
729.380254
740.403769
783.080717
829.679118
823.357272
838.332179
873.800798
904.754675
942.116882
943.128329
913.687094
903.050079
745.416120
660.615499
727.921544
773.849562
785.215494
793.900091
812.503359
782.967260
776.322238
781.717870
834.684534
846.296177
834.276102
846.465901
851.988806
864.421381
861.153099
897.090970
929.668835
906.584663
788.772585
768.845840
646.209346
644.581131
675.320154
713.045956
718.834152
744.212868
773.393251
790.606120
810.454286
806.900523
821.868908
837.969412
842.388794
862.841822
895.543846
907.222957
891.723852
894.956558
929.490856
917.312146
931.238306
931.341440
759.081530
732.114218
606.736779
662.936241
683.037470
667.713987
666.597944
678.993386
704.420971
736.011382
740.020516
733.461552
751.721787
743.843597
759.074294
793.124279
792.146139
794.727691
832.652209
836.084767
851.246051
848.991542
850.289370
857.270945
864.726152
872.084241
877.898538
905.491049
927.140147
938.010034
927.297982
833.031660
698.290171
688.094284
689.761407
718.275003
695.139929
680.562446
691.378113
678.151407
674.971215
701.827387
731.633549
737.368417
738.311400
761.368205
753.075109
755.634960
759.408897
778.316018
807.287420
813.671305
808.825248
801.073168
833.003503
841.930547
834.168257
864.664127
904.478280
935.084801
944.162226
807.932649
778.169473
630.828779
639.627049
667.525815
696.407881
704.360751
702.346861
723.274070
736.743587
735.918619
732.464940
692.198621
698.910975
713.953952
727.943091
743.353221
757.618360
764.159928
778.183429
752.697244
735.953962
742.642276
747.419971
766.164889
800.370673
834.468274
844.900129
848.470682
840.456898
821.494811
817.588205
839.252116
875.202943
915.091573
904.700424
753.408106
722.492894
558.959962
601.049698
614.076258
590.920149
593.082798
594.057658
599.472129
610.645449
614.221735
610.903800
626.333619
663.990732
691.987244
665.785997
626.422874
667.848699
716.154325
718.644586
714.749952
735.119669
755.051812
798.505463
814.787031
799.102240
809.575024
842.865344
868.371772
872.018304
837.366642
676.793388
611.835466
656.086572
642.529124
603.757920
650.783262
682.638129
674.150604
648.196854
688.025101
728.748028
692.119968
658.351235
694.529438
708.612375
713.446856
709.458726
747.027916
752.302505
735.374904
733.851270
734.969386
734.659686
740.670680
732.883375
732.854733
745.941926
764.488348
759.604479
726.453526
752.399443
780.368579
771.167587
797.685605
802.676596
794.163572
790.187656
807.958277
825.427184
832.787129
820.483434
834.967759
850.915431
868.370620
872.679196
886.625489
884.648053
875.854427
732.162733
618.149009
611.416762
644.245274
641.842306
610.301481
581.500468
620.656203
694.985811
718.287588
717.132777
718.233818
743.245827
797.555644
838.127197
863.469348
893.994460
891.506949
847.872498
755.359162
745.925981
700.342144
671.812235
659.013904
664.841460
670.655068
699.182875
698.983133
698.995950
705.736956
710.388336
702.080468
695.993626
697.496702
712.271402
727.230052
733.371380
731.772371
729.519101
738.865304
747.878683
743.088318
764.049612
781.594952
785.067363
778.374666
798.680715
852.294522
864.593227
791.673822
781.813167
684.196605
650.498749
641.118511
654.727437
655.625024
636.343588
611.249511
612.924069
658.751333
676.931849
695.488007
689.113975
656.954498
678.067565
704.216589
731.460002
783.811418
813.020114
801.013058
806.932562
824.894916
883.464785
911.927231
863.668249
856.196150
726.084301
653.550808
650.675575
669.317044
679.057087
695.417365
722.094605
699.465449
676.198333
692.907838
727.155342
750.685320
738.330975
721.771234
723.771295
721.367796
758.728190
761.141777
768.013111
783.090491
769.602438
758.387904
780.676071
801.671940
763.503750
780.043299
823.935034
831.329047
839.855485
822.596297
840.232937
882.597310
897.130279
887.647692
882.813823
708.973050
615.080764
695.289638
742.799357
741.940236
664.830708
640.912957
692.854259
730.083005
709.380294
707.552419
736.598699
751.787173
766.432846
809.737910
818.051970
797.989166
792.804407
663.608486
606.514826
655.416365
646.840696
617.907436
629.761752
664.255120
707.862575
742.791742
752.306155
704.645963
683.675722
703.860114
717.129717
732.030376
746.160153
716.492631
714.914420
745.227280
772.435265
780.110690
743.903148
740.241610
761.725854
776.255963
784.124063
806.467212
804.903309
802.608555
795.932148
795.402084
802.810962
822.071946
852.420402
869.097179
876.036832
865.538322
787.176163
780.475028
640.867325
649.341823
639.931034
629.318306
634.170552
605.875439
586.111777
617.931131
637.085815
664.624158
683.415718
683.574128
691.636916
717.421621
732.006460
727.080778
744.767817
792.593260
796.660473
804.564163
815.984533
848.363073
864.385821
867.558938
821.702481
816.478832
649.005952
597.528219
640.688251
659.869568
650.675665
644.024406
659.090922
679.252909
680.194651
692.443006
689.041589
685.711546
718.024447
733.737035
722.790158
728.379315
747.002303
757.767940
758.911836
776.921231
789.447257
773.733883
779.075029
801.044291
815.415993
859.911392
877.899046
886.934292
883.988481
701.575449
557.403856
620.745959
696.992152
710.574294
706.093507
646.884146
615.315719
618.770183
623.248358
668.291456
673.136019
664.754979
701.491446
699.929787
666.276894
679.265421
701.579258
720.027279
723.735295
724.235604
728.173301
710.049933
715.348363
744.433568
760.901970
765.538374
762.593537
756.060768
760.325400
773.041323
805.544236
810.683678
841.482187
875.852973
907.272345
826.312285
819.510973
593.363499
606.500755
642.646199
610.116201
559.226992
557.440151
603.608096
609.631550
601.218619
651.188985
654.802633
637.289491
616.260237
621.006403
682.371493
714.301594
692.677330
673.791198
690.098198
683.682712
695.952256
719.972476
734.163199
748.818445
726.725645
727.301109
795.598412
824.828349
851.582245
866.020330
826.126271
822.237469
649.689549
622.207867
670.589920
673.863963
626.817376
584.082772
610.094766
646.892128
665.395135
711.962182
720.789381
722.201754
708.011240
711.022263
701.309852
708.907082
741.366176
768.846274
744.742074
708.664986
717.249872
707.622429
695.032415
732.540492
747.444748
759.450039
761.586305
766.105235
771.905972
764.847743
771.135560
770.583910
795.736048
818.733673
805.562981
798.107594
849.447882
852.500680
853.086527
890.451273
814.805056
804.643952
559.795148
569.382861
630.165409
616.636475
578.677428
571.850287
587.605507
613.640749
627.855921
638.115311
670.708800
695.934608
707.970219
716.020058
708.481618
785.192084
886.118517
914.096051
782.409536
768.500617
571.687737
648.674085
687.025837
655.659484
669.142846
690.736139
739.140529
761.528565
730.770784
711.601641
737.322587
759.020735
792.689847
832.496376
868.085484
838.221585
830.263695
635.307002
575.263536
616.681818
540.131769
541.334358
583.999241
628.979942
655.444049
656.357846
642.360221
658.678554
684.600649
690.874367
713.787471
747.036520
772.378769
831.935174
882.747376
679.850237
664.593741
566.769804
679.180850
687.071180
714.407059
714.038923
731.143688
760.846499
804.371945
800.044554
851.417204
907.673859
740.220578
720.398368
552.096481
686.755209
691.453203
640.411209
623.985373
618.838458
663.142022
694.468070
732.313090
809.328339
854.040286
850.470880
696.203409
682.643034
684.837024
691.558606
690.293416
748.921656
758.099385
776.164303
779.507955
776.517286
788.222477
778.555085
783.001352
822.375579
871.069925
884.650123
728.247345
596.105113
593.157712
621.647476
592.172477
576.333224
588.986301
609.353504
648.176332
661.566820
662.462897
664.299962
665.549969
651.223900
666.993894
693.561182
724.778221
747.974154
746.848320
753.931674
759.090196
743.620766
720.576252
728.385237
772.349953
786.261640
764.878079
772.867525
775.507086
785.573228
827.239378
881.661448
859.971980
854.400257
645.663468
608.701245
667.424714
653.980409
628.515334
631.522229
663.164728
678.524077
673.870628
715.333767
770.539505
752.086903
734.544731
778.630327
788.626604
773.680262
803.079872
792.790868
790.367013
821.079150
824.740273
815.036645
806.497408
806.404799
828.868921
830.078126
875.387976
928.663628
905.165995
900.991519
709.526722
642.505930
707.689651
730.731570
711.401707
702.479121
656.378236
666.139272
671.434550
647.375067
689.337918
747.513651
747.196227
731.310115
748.513152
752.640855
773.974220
791.615923
776.065217
780.294349
802.803614
808.818998
767.413355
772.535628
780.062077
792.240876
819.389965
828.412271
829.156760
835.124416
842.256016
872.209808
892.716723
891.735429
898.538172
909.354958
906.875574
856.076390
851.523768
684.196544
607.436261
636.622630
638.624610
597.597931
596.587926
619.298719
633.488876
674.261499
695.673771
703.560206
721.727815
733.498753
736.429874
733.968049
747.451442
743.620227
752.016420
783.343078
802.589227
788.328173
809.190442
811.509132
804.894676
839.392054
865.667408
845.498921
848.169282
704.733923
639.183690
639.160946
671.770971
684.529596
664.820243
653.330039
679.415100
738.824899
758.578701
764.047668
746.442627
741.401878
770.364603
805.361601
815.696555
819.499248
830.019865
865.823757
859.965206
855.198816
830.043619
653.792577
595.354016
596.930033
662.282886
673.136062
704.854835
701.309144
722.663516
740.667747
734.124092
735.525893
791.756264
803.187749
796.312459
819.340466
851.934403
847.741815
863.263082
880.717151
868.899474
843.704953
788.519492
673.754865
673.065229
701.044243
707.363404
715.461617
723.173026
753.067073
768.207500
783.852467
815.614142
817.818569
785.847063
778.623227
775.829433
663.385121
673.075786
716.065741
692.599773
697.066804
745.091410
756.278038
727.574401
741.970392
765.942458
763.569287
764.763066
778.815089
779.986847
804.635986
844.502121
865.081599
836.607595
810.063607
791.465908
721.731992
719.296084
709.718261
703.437496
731.210760
736.482937
744.829016
804.142226
821.977219
860.413378
888.054328
869.800008
831.685143
805.455467
729.518536
687.487480
686.943179
701.053814
724.150959
742.031259
759.281912
749.840592
744.153624
731.338276
761.344598
784.008210
807.264136
796.927147
790.356241
834.884245
851.058719
841.168376
799.723512
780.026552
714.153163
709.214737
644.638650
691.988547
694.872726
681.042310
701.792366
716.200660
758.700128
788.868600
779.185471
771.088508
786.698421
798.866844
810.354190
820.728586
820.669035
837.328321
842.178833
858.579075
860.522585
823.220903
821.071829
772.045493
748.861333
749.206746
745.121599
747.747268
744.953425
737.081103
777.874285
804.398512
793.293553
783.068741
778.246906
779.077701
785.390753
782.020893
789.863317
782.599378
769.924096
786.324095
794.316857
805.248763
819.054073
824.506875
827.840522
827.149367
815.483139
831.085121
855.501915
859.238427
853.523351
856.690441
866.478454
876.055773
873.678910
854.436772
794.807323
748.085484
745.996886
709.405688
717.068159
738.267938
736.727187
762.655304
785.751500
789.962141
805.274741
809.510494
811.118559
821.286382
839.097853
856.473275
862.723252
865.123858
872.479563
857.780864
755.057997
689.147433
688.276702
714.253491
723.476854
724.931548
720.447633
724.882509
743.441574
758.705487
753.909570
741.602288
765.265107
780.301391
770.568841
773.752192
803.305948
824.196011
811.426824
816.561420
849.008898
865.713431
865.230766
873.603258
876.402997
865.693061
866.130968
882.681448
860.545349
839.796248
761.837035
741.414427
741.237112
775.775315
763.100324
757.531287
827.908141
830.280146
806.728903
770.982887
770.474725
773.837021
796.612078
799.098775
809.458247
826.669509
839.368446
864.111281
801.769708
794.100133
706.928619
705.435915
726.534783
757.993644
778.086677
796.874431
760.680739
749.497955
766.659013
770.369454
753.111675
785.975957
829.353024
829.968155
819.007491
820.154037
814.567918
815.820242
837.222940
866.442438
853.783901
838.211447
859.756639
867.728116
871.436275
875.396092
872.537200
865.427671
738.565041
731.114725
674.668455
697.437433
735.860333
757.907435
755.282455
773.768531
791.824900
794.814196
799.324347
825.768522
827.591718
839.356735
854.660348
865.601285
889.021676
872.322227
855.857822
782.721802
714.827295
712.426319
709.401836
728.959688
734.116078
727.257464
723.251736
724.600568
754.124355
771.789457
775.829207
785.571674
797.316757
778.547386
787.652426
824.267201
856.170370
836.533858
800.827130
796.792937
684.419111
664.530098
672.083158
667.843251
684.274818
720.924799
713.509879
711.302565
710.268652
713.125759
730.749923
741.382871
746.674803
735.400577
751.297633
789.964657
798.868748
793.387514
803.792553
788.684332
782.797762
792.880452
793.902947
822.299343
834.897924
829.563588
847.130437
845.306655
857.703848
863.905066
861.542151
851.090334
765.633922
717.539219
794.507980
824.898691
820.656612
792.329318
726.603868
704.236028
723.167903
745.005604
755.557884
761.836884
799.032650
833.596081
828.414853
800.387729
798.989592
749.159670
713.957720
729.892326
740.357106
739.903400
754.955486
750.883767
744.547117
745.653189
740.552042
747.506085
745.651897
743.278491
766.848663
783.837427
774.546431
793.045986
801.481436
787.282916
785.835070
824.934381
823.383063
810.165651
813.647463
829.327169
851.330453
866.116000
882.704111
870.106896
864.570673
864.496173
857.090512
798.075472
702.878707
698.790577
711.726312
701.523394
735.232253
732.616733
729.001059
717.353221
658.661975
652.034690
676.115169
687.557481
680.261520
687.929231
698.250039
713.169357
742.533314
750.626696
760.039992
776.397106
793.509737
800.718291
768.991566
767.607645
768.067811
761.130376
766.093083
756.605092
710.100343
717.446811
720.458497
734.122237
729.981863
688.660560
619.441559
585.889242
567.336282
577.610256
596.879971
591.300312
586.092953
590.440319
603.342412
616.678749
628.305866
636.388291
644.366471
664.030983
678.745867
663.509808
657.171933
684.441679
715.569594
713.804920
720.240688
740.779615
767.761942
771.284807
785.533324
786.226041
795.972574
778.859115
765.287278
738.737207
737.797246
711.498360
651.223664
632.175153
627.257308
614.410359
640.889241
652.800010
640.405780
655.712157
666.009945
671.249770
693.859092
704.641938
694.162784
701.732744
717.471327
732.047159
737.912033
754.546441
762.482351
781.521461
784.521067
792.558857
797.340967
788.397830
796.955513
796.868583
773.496851
756.480077
739.274681
653.222727
658.750988
672.889537
665.864856
657.031382
673.692994
665.178789
662.616571
659.459471
627.478795
637.704406
663.384202
655.250311
651.826107
668.913429
684.700816
691.058002
678.039257
674.280868
703.979649
737.574866
744.405583
734.476792
727.826937
719.705937
740.619230
738.972813
727.728908
739.073438
738.650517
739.804993
770.816292
788.512260
806.246146
813.567942
816.949632
819.496747
816.959640
806.580491
805.653753
742.798421
641.626486
636.214206
660.979802
667.075322
672.942169
674.147534
693.927623
682.453057
633.634360
643.624439
641.829123
669.808671
689.372670
698.131284
697.960141
717.157624
739.346409
733.172293
742.155793
742.962757
718.249111
656.809930
612.174061
598.659827
587.810387
578.552912
598.678264
614.853279
611.812571
634.397725
662.583270
663.508965
662.068493
675.435943
708.537808
726.951439
733.905261
751.340015
746.695326
732.912221
750.430934
751.262964
738.765648
672.655524
643.263539
639.524195
624.466093
628.635726
633.945155
653.054685
673.906032
686.853054
708.107859
734.597755
759.456230
771.447182
793.002375
811.423028
802.038063
800.172856
802.344463
810.078372
780.980307
772.774292
730.897004
720.032836
732.156560
734.879515
702.784403
699.543723
711.020387
720.213844
685.107196
677.597719
672.665288
682.038089
695.786928
706.993592
729.309098
754.721231
794.124295
827.554922
845.084299
869.241546
879.044128
862.970257
860.586418
868.207186
860.023944
777.163047
766.248615
747.569689
726.098143
712.632264
716.863950
725.585658
733.519845
722.779013
719.981813
725.308227
647.809945
622.269738
586.428436
506.548447
NaN
NaN
NaN
NaN
NaN
NaN
NaN
NaN
NaN
NaN
NaN
NaN
NaN
NaN
NaN
NaN
NaN
NaN
NaN
NaN
NaN
NaN
NaN
NaN
NaN
NaN
NaN
NaN
NaN
NaN
NaN
NaN
NaN
NaN
NaN
NaN
NaN
NaN
NaN
NaN
NaN
NaN
NaN
NaN
NaN
NaN
NaN
NaN
NaN
NaN
NaN
NaN
NaN
NaN
NaN
NaN
NaN
NaN
NaN
NaN
NaN
NaN
NaN
NaN
NaN
NaN
NaN
NaN
NaN
NaN
NaN
NaN
NaN
NaN
NaN
NaN
NaN
NaN
NaN
NaN
NaN
NaN
NaN
NaN
NaN
NaN
NaN
NaN
NaN
NaN
NaN
NaN
NaN
NaN
NaN
NaN
NaN
NaN
NaN
NaN
NaN
NaN
