NaN
NaN
NaN
NaN
NaN
NaN
NaN
NaN
NaN
NaN
NaN
NaN
NaN
NaN
NaN
NaN
NaN
NaN
NaN
NaN
NaN
NaN
NaN
NaN
NaN
NaN
NaN
NaN
NaN
NaN
NaN
NaN
NaN
NaN
NaN
NaN
NaN
NaN
NaN
NaN
NaN
NaN
NaN
NaN
NaN
NaN
NaN
NaN
NaN
NaN
NaN
NaN
NaN
NaN
NaN
NaN
NaN
NaN
NaN
NaN
NaN
NaN
NaN
NaN
NaN
NaN
NaN
NaN
NaN
NaN
NaN
NaN
NaN
NaN
NaN
NaN
NaN
NaN
NaN
NaN
NaN
NaN
NaN
NaN
NaN
NaN
NaN
NaN
NaN
NaN
NaN
NaN
NaN
NaN
NaN
NaN
NaN
NaN
NaN
NaN
NaN
NaN
NaN
NaN
NaN
NaN
NaN
NaN
NaN
NaN
NaN
NaN
NaN
NaN
NaN
NaN
NaN
NaN
NaN
NaN
NaN
NaN
NaN
NaN
NaN
NaN
NaN
NaN
NaN
NaN
NaN
NaN
NaN
NaN
NaN
NaN
NaN
NaN
NaN
NaN
NaN
NaN
NaN
NaN
NaN
NaN
NaN
NaN
NaN
NaN
NaN
NaN
NaN
NaN
NaN
NaN
NaN
NaN
NaN
NaN
NaN
NaN
NaN
NaN
NaN
NaN
NaN
NaN
NaN
NaN
NaN
NaN
NaN
NaN
NaN
NaN
NaN
NaN
NaN
NaN
NaN
NaN
NaN
NaN
NaN
NaN
NaN
NaN
NaN
NaN
NaN
NaN
NaN
NaN
NaN
NaN
NaN
NaN
NaN
NaN
NaN
NaN
NaN
NaN
NaN
NaN
NaN
NaN
NaN
NaN
NaN
NaN
NaN
NaN
NaN
NaN
NaN
NaN
NaN
NaN
NaN
NaN
NaN
NaN
NaN
NaN
NaN
NaN
NaN
NaN
NaN
NaN
NaN
NaN
NaN
NaN
NaN
NaN
NaN
NaN
NaN
NaN
NaN
NaN
NaN
NaN
NaN
NaN
NaN
NaN
NaN
NaN
NaN
NaN
NaN
NaN
NaN
NaN
NaN
NaN
NaN
NaN
NaN
NaN
NaN
NaN
NaN
NaN
NaN
NaN
NaN
NaN
NaN
NaN
NaN
NaN
NaN
NaN
NaN
NaN
NaN
NaN
NaN
NaN
NaN
NaN
NaN
NaN
NaN
NaN
NaN
NaN
NaN
NaN
NaN
NaN
NaN
NaN
NaN
NaN
NaN
NaN
NaN
NaN
NaN
NaN
NaN
NaN
NaN
NaN
NaN
NaN
NaN
NaN
NaN
NaN
NaN
NaN
NaN
NaN
NaN
NaN
NaN
NaN
NaN
NaN
NaN
NaN
NaN
NaN
NaN
NaN
NaN
NaN
NaN
NaN
NaN
NaN
NaN
NaN
NaN
NaN
NaN
NaN
NaN
NaN
NaN
NaN
NaN
NaN
NaN
NaN
NaN
NaN
NaN
NaN
NaN
NaN
NaN
NaN
NaN
NaN
NaN
NaN
NaN
NaN
NaN
NaN
NaN
NaN
NaN
NaN
NaN
NaN
NaN
NaN
NaN
NaN
NaN
NaN
NaN
NaN
NaN
NaN
NaN
NaN
NaN
NaN
NaN
NaN
NaN
NaN
NaN
NaN
NaN
NaN
NaN
NaN
NaN
NaN
NaN
NaN
NaN
NaN
NaN
NaN
NaN
NaN
NaN
NaN
NaN
NaN
NaN
NaN
NaN
NaN
NaN
NaN
NaN
NaN
NaN
NaN
NaN
NaN
NaN
NaN
NaN
NaN
NaN
NaN
NaN
NaN
NaN
NaN
NaN
NaN
NaN
NaN
NaN
NaN
NaN
NaN
NaN
NaN
NaN
NaN
NaN
NaN
NaN
NaN
NaN
NaN
NaN
NaN
NaN
NaN
NaN
NaN
NaN
NaN
NaN
NaN
NaN
NaN
NaN
NaN
NaN
NaN
NaN
NaN
NaN
NaN
NaN
NaN
NaN
NaN
NaN
NaN
NaN
NaN
NaN
NaN
NaN
NaN
NaN
NaN
NaN
NaN
NaN
NaN
NaN
NaN
NaN
NaN
NaN
NaN
NaN
NaN
NaN
NaN
NaN
NaN
NaN
NaN
NaN
NaN
NaN
NaN
NaN
NaN
NaN
NaN
NaN
NaN
NaN
NaN
NaN
NaN
NaN
NaN
NaN
NaN
NaN
NaN
NaN
NaN
NaN
NaN
NaN
NaN
NaN
NaN
NaN
NaN
NaN
NaN
NaN
NaN
NaN
NaN
NaN
NaN
NaN
NaN
NaN
NaN
NaN
NaN
NaN
NaN
NaN
NaN
NaN
NaN
NaN
NaN
NaN
NaN
NaN
NaN
NaN
NaN
NaN
NaN
NaN
NaN
NaN
NaN
NaN
NaN
NaN
NaN
NaN
NaN
NaN
NaN
NaN
NaN
NaN
NaN
NaN
NaN
NaN
NaN
NaN
NaN
NaN
NaN
NaN
NaN
NaN
NaN
NaN
NaN
NaN
NaN
NaN
NaN
NaN
NaN
NaN
NaN
NaN
NaN
NaN
NaN
NaN
NaN
NaN
NaN
NaN
NaN
NaN
NaN
NaN
NaN
NaN
NaN
NaN
NaN
NaN
NaN
NaN
NaN
NaN
NaN
NaN
NaN
NaN
NaN
NaN
NaN
NaN
NaN
NaN
NaN
NaN
NaN
NaN
NaN
NaN
NaN
NaN
NaN
NaN
NaN
NaN
NaN
NaN
NaN
NaN
NaN
NaN
NaN
NaN
NaN
NaN
NaN
NaN
NaN
NaN
NaN
NaN
NaN
NaN
NaN
NaN
NaN
NaN
NaN
NaN
NaN
NaN
NaN
NaN
NaN
NaN
NaN
NaN
NaN
NaN
NaN
NaN
NaN
NaN
NaN
NaN
NaN
NaN
NaN
NaN
NaN
NaN
NaN
NaN
NaN
NaN
NaN
NaN
NaN
NaN
NaN
NaN
NaN
NaN
NaN
NaN
NaN
NaN
NaN
NaN
NaN
NaN
NaN
NaN
NaN
NaN
NaN
NaN
NaN
NaN
NaN
NaN
NaN
NaN
NaN
NaN
NaN
NaN
NaN
NaN
NaN
NaN
NaN
NaN
NaN
NaN
NaN
NaN
NaN
NaN
NaN
NaN
NaN
NaN
NaN
NaN
NaN
NaN
NaN
NaN
NaN
NaN
NaN
NaN
424.494532
626.435307
643.757650
639.463671
703.481442
666.102628
666.569483
718.976069
738.985616
748.967185
719.042023
725.164321
753.581642
767.237212
759.155556
754.032256
736.221997
781.873194
816.044244
804.967989
802.194094
808.235606
790.425143
802.094455
798.796260
818.889523
847.914254
865.630222
865.242231
875.934702
894.633337
874.654280
809.867122
647.419922
611.158871
638.512323
649.995638
661.457237
675.771915
673.061432
683.094305
702.652090
729.606954
744.270019
778.574268
772.838913
757.594646
760.056416
758.416970
756.825912
789.433790
834.782149
808.571087
805.269064
794.292391
785.763335
808.271614
821.658873
811.104869
832.141825
848.050377
844.704501
849.119537
864.157633
868.988056
842.643861
771.450490
652.885229
618.352031
646.314005
637.425506
661.333972
701.946586
731.373974
752.962584
760.403745
748.983157
669.790455
648.659136
689.384095
725.378076
743.331168
746.343570
746.033927
751.507987
710.158183
640.907989
607.718318
628.744680
647.358265
652.527111
662.997824
672.619009
682.838534
681.729477
672.596761
676.356379
708.142629
714.713017
726.697147
729.584424
736.859704
756.027189
763.470431
775.787673
786.513889
798.341926
822.982439
827.538555
777.955611
671.349404
610.307446
601.574200
596.837273
615.554384
646.190763
654.928329
652.858065
655.157646
675.177613
703.471989
709.313003
727.790836
751.835084
780.988349
789.137424
801.718033
826.570629
869.493494
881.385954
846.071350
766.368119
691.737268
680.119524
705.814991
719.390915
733.328702
745.627719
745.374094
745.425333
757.839755
755.291784
763.534590
787.436041
806.909545
831.392886
839.777290
784.040705
734.858439
704.980113
722.056029
737.508621
744.905135
744.822518
743.095891
760.127664
787.609197
782.970163
785.858167
773.269617
760.995893
772.390145
799.450069
816.112617
828.626210
778.207505
683.399471
613.156433
607.993897
625.412820
646.034742
685.760139
683.281205
676.267627
669.925260
672.841207
687.081222
685.509381
710.010057
726.121219
736.627050
731.110159
744.738915
750.092002
760.317482
764.942646
776.474952
797.242815
806.764904
817.452713
807.003935
798.734395
809.609098
817.924748
796.444526
759.792310
673.648511
624.037918
635.297540
649.115216
672.375702
675.216418
674.700673
682.091754
678.358647
655.272237
669.370422
709.749751
710.050771
681.863647
701.471908
731.724751
748.301027
765.353031
784.698334
789.335912
792.872169
792.515625
797.374231
809.644550
814.147510
797.869538
799.060238
790.954044
752.914741
672.877601
618.223234
612.369106
616.329637
636.680311
656.074790
646.509334
620.529056
629.285170
647.952643
665.284165
667.232420
673.645340
690.109738
696.057732
711.730187
728.536030
722.144547
709.694442
706.069557
691.882069
693.339561
709.918318
717.745984
735.704275
737.609836
760.180670
763.471888
768.330894
775.420208
770.756236
785.074416
799.977920
800.067441
786.791588
693.488094
593.839379
612.368951
638.273414
635.168840
620.861159
611.847168
601.143383
615.643018
621.758630
629.568763
640.446226
654.534861
641.336447
655.975451
676.848721
678.852371
681.138259
685.496796
678.093275
685.836820
688.829381
694.643916
695.503957
700.687285
715.814280
710.948187
709.304509
715.880103
712.897224
710.767522
723.291184
736.713532
749.738126
753.024388
749.012171
761.080301
776.155423
780.825141
784.124087
777.250499
777.325690
764.762815
728.500113
684.214987
644.582939
677.185641
681.060488
660.642825
620.985206
613.836498
632.822246
651.551777
688.035692
682.694148
660.656773
651.589868
664.031894
680.921435
674.627200
692.391380
684.140326
687.142416
703.250221
718.454512
723.594896
721.094149
738.921520
736.682496
744.845133
760.427159
765.173663
773.491950
776.738404
775.545324
785.297997
770.367473
769.533802
805.789466
827.890903
808.559809
794.062405
808.184652
804.335730
800.799708
799.177892
745.333895
717.122833
723.066545
718.185334
722.181771
738.938928
733.322163
719.556862
732.481695
737.068221
727.031648
741.747544
740.564900
747.666439
766.793759
767.189643
774.286078
782.162957
783.143172
775.905740
783.757671
777.614149
767.088385
773.752837
768.288854
756.045730
769.853838
788.336762
783.994142
781.970571
781.860363
794.759512
798.425836
792.128649
793.562924
804.275782
820.216738
814.406875
803.564472
817.160900
822.496842
822.783258
823.596961
819.348570
817.190993
817.363809
811.153936
804.808531
807.411587
803.840768
818.219837
812.953893
766.872710
725.845625
706.073835
710.406111
695.208046
694.604229
724.863629
731.785582
731.679756
737.339610
747.421809
764.680251
757.283405
769.838329
770.521441
758.037303
768.521992
768.132527
759.134323
745.758637
760.099105
764.316353
766.022043
771.621452
772.206882
778.652998
784.247820
781.296077
777.928785
769.075129
772.309613
783.573470
791.403380
789.050690
786.483363
794.187651
797.399389
800.784381
807.896412
808.755950
810.204423
813.580280
813.709532
816.890751
815.563668
806.478945
801.893270
805.412412
812.882956
821.440061
803.962078
762.181050
745.924628
755.927202
752.314078
728.042770
717.769104
743.587413
752.041956
742.161275
756.305275
770.670711
768.845465
769.461413
775.533488
781.925103
781.774597
781.424362
785.726769
786.015105
782.944345
787.614129
790.405067
803.215113
799.934549
798.094863
796.187428
803.695866
801.027756
812.991185
821.475825
817.621074
820.712729
819.259390
813.430954
813.650683
800.991565
811.739801
818.447845
818.457239
818.550051
812.344105
816.437583
825.681577
828.771169
836.245332
836.581899
842.879960
848.697394
850.557700
845.714752
847.129277
841.599276
830.952458
819.767656
818.814782
807.828095
797.464454
793.015948
779.545224
769.214776
748.405424
717.064471
700.206614
691.497798
690.664730
688.443822
688.730053
689.337261
690.001460
689.894215
696.534269
699.014921
718.357597
732.318745
729.887387
744.105894
743.553211
731.766330
728.410269
744.746795
754.469533
759.361300
759.717362
762.099511
778.288037
789.048037
792.476134
801.935981
794.956714
800.944369
814.092479
826.146996
824.378347
828.197831
830.241532
837.552082
848.860098
846.804402
846.722105
843.286281
843.096506
833.773027
813.824735
770.940873
717.001807
694.563399
678.955729
674.395324
674.644308
687.284051
711.044664
718.473143
716.730606
707.877950
715.878437
706.865446
712.659788
722.354608
730.806305
735.731894
742.295054
744.250536
745.121717
766.567285
783.170178
787.100809
792.230673
795.108980
802.328804
813.884132
827.521742
836.334135
837.265319
831.920955
830.982640
827.256562
824.396556
809.145715
772.632739
728.221238
703.246145
706.979532
700.075721
701.693972
698.143250
686.411834
685.683985
695.843764
707.039787
714.364061
728.111074
737.847953
740.858534
760.159839
767.074752
776.987363
783.079801
789.759216
794.859423
790.327626
789.080434
790.645579
765.692544
708.430686
678.545398
659.639393
654.610613
654.715872
659.957577
675.807552
684.988565
684.180397
687.405940
697.349548
702.627837
714.657570
723.678126
723.935768
727.124010
744.869585
754.383982
757.641412
762.116209
767.863592
771.888140
777.790685
791.349473
804.758182
811.861651
806.765043
778.411003
728.370853
709.900218
709.149054
715.956347
715.017502
717.720606
733.753105
754.958973
763.483460
746.626625
728.763215
713.699305
698.471416
683.979809
696.577661
705.342284
699.853945
713.648915
716.637406
723.909660
729.726600
736.985244
740.851375
744.491293
752.931250
762.325881
771.541398
775.957066
778.775564
785.455274
800.017277
805.215803
805.370624
800.929037
790.295117
776.680645
753.364595
712.385560
676.827541
655.155667
642.055661
639.881397
647.251708
656.569594
662.186681
667.874323
684.467491
689.010975
704.051756
717.149523
725.096110
733.975480
738.041432
741.789395
745.934719
761.084004
772.518644
775.993372
784.269546
795.167325
806.390965
810.543061
817.826349
827.597156
834.464021
837.387749
839.875836
833.737325
819.154523
802.775594
794.872932
790.739202
774.461938
715.042102
663.744909
650.494460
638.703628
632.231958
621.331236
617.914723
618.430472
625.882128
630.957869
637.944849
645.689283
659.031682
665.122062
673.398724
685.925976
688.054100
693.321878
701.986333
711.298891
723.600000
743.859945
758.293408
767.275477
777.223449
790.552408
791.507975
792.496824
802.800224
800.864735
797.154320
798.236666
786.674326
731.285258
692.150302
682.732189
683.062039
675.265339
669.757903
673.137902
681.901154
681.584616
677.540891
681.813873
679.472128
683.409332
693.883276
698.519165
696.680074
699.189588
707.446637
710.596843
714.534662
717.918575
719.570596
718.039372
727.211351
735.746652
735.036177
737.224036
732.370685
736.356209
737.232103
747.736461
756.469342
758.971517
766.112093
769.629096
775.143823
786.680889
803.720931
806.659124
807.416547
803.670722
799.465297
765.305306
720.128052
688.222620
683.139239
678.501758
672.773377
673.973852
671.858711
675.860400
691.400413
697.493756
713.683332
717.183161
715.361460
724.844093
723.308820
715.525093
701.547243
698.427855
713.882579
741.081044
763.908917
759.228331
759.256633
767.416542
774.605521
775.264231
774.835393
781.714638
791.486330
787.123902
787.482404
795.477120
782.539796
785.921169
804.463613
808.511992
807.099208
797.640475
792.812379
784.577471
708.434912
632.862549
613.428673
618.839834
612.124623
609.746658
617.271798
618.888322
646.481128
659.550944
664.027624
674.393034
696.794938
716.863883
722.763000
737.382957
739.519959
741.631100
752.627163
760.771733
779.051726
796.708570
795.487095
795.531963
807.147675
812.257807
818.649446
812.564362
806.161762
777.626774
716.842038
670.705058
666.120911
690.982203
689.481388
693.364261
698.074774
694.423399
685.579185
676.035672
684.258817
690.578417
685.256229
709.780619
732.849246
716.582034
713.356695
722.036364
734.418980
743.416337
750.177471
752.948458
758.029911
749.842774
755.111224
764.109038
774.352820
788.310453
775.827848
784.107748
802.024234
794.533660
792.462173
793.041602
812.199295
829.477753
822.990936
822.755946
834.963361
838.942248
837.015978
824.262716
801.043405
729.162239
652.521509
640.497259
649.313902
645.841805
651.060082
681.272861
731.435591
751.164520
750.296917
739.530269
710.722495
653.292425
630.694046
646.706024
650.222529
648.567148
659.422324
666.117418
650.650080
652.950324
671.930755
692.698128
707.159537
734.853721
758.108814
771.099387
780.286901
770.717440
745.509498
675.231966
628.101456
633.916966
615.194576
595.224785
608.219533
610.159410
613.146095
644.527731
682.985834
724.564133
746.616397
757.293270
734.169032
684.354440
657.485458
669.942847
671.450146
689.056300
700.903028
705.198939
707.519536
719.339091
760.113837
787.628031
797.346224
809.580026
797.845331
764.945581
717.176394
674.641751
665.126958
657.471068
661.343803
667.291544
673.913343
680.522684
678.380556
683.457852
700.419730
727.585940
751.169125
755.226329
766.395559
769.047717
707.845511
655.143772
606.148010
598.160323
620.741823
625.586715
612.863950
618.802193
638.376444
649.134800
654.234840
656.901673
670.388003
667.961474
670.137756
677.569317
679.086254
688.955621
702.760885
718.034551
711.002344
704.544148
715.106523
731.670848
740.591658
733.741080
749.225922
765.242018
763.181997
748.597524
728.000563
745.578414
779.890684
780.427960
773.225011
779.272802
788.987555
747.343562
658.304185
581.892648
557.714235
570.617900
578.493260
569.023204
557.055597
550.607415
557.001195
582.842495
583.038274
573.649304
581.876320
579.324977
592.749430
608.730094
616.557808
634.823624
632.553445
608.204407
628.243984
655.500786
672.365171
686.003785
699.453760
707.267695
720.109901
730.071293
732.702650
744.564882
744.270894
704.785786
617.765287
548.661341
528.398004
512.888251
525.608586
540.986025
535.114140
540.493405
548.715654
547.155942
562.600297
583.853104
596.255452
585.182253
586.494849
594.766136
617.848333
624.655124
635.455966
646.922533
673.657410
709.687839
739.386573
741.231841
746.319395
746.190017
664.453639
573.620084
532.773111
542.020721
580.850634
628.485312
645.295773
630.895548
624.237251
621.054319
617.323532
630.774783
639.863404
612.899523
615.850658
623.303665
606.958373
617.346557
640.591233
655.639701
671.766776
669.651331
656.906368
664.795359
680.827886
706.202174
732.604269
723.856469
705.191007
708.173329
712.763291
722.872739
732.644136
741.704590
760.165352
783.804687
770.503376
770.738804
794.588887
743.201592
639.725918
576.191678
564.955486
575.369450
582.384332
570.575807
562.219920
566.057581
578.904134
589.224851
592.313127
594.629988
606.088148
614.939295
619.573356
636.718126
653.786232
645.634643
660.222987
673.042330
662.472142
651.725402
657.281135
671.167862
709.300830
726.787859
709.301951
699.097338
698.690753
712.872738
732.019925
736.543104
749.265119
780.177955
772.240106
770.663409
792.055094
788.289900
781.589021
758.831315
758.961890
771.149278
789.632420
795.444539
804.958511
802.768769
816.179206
832.129992
783.324045
695.931863
636.234477
632.307955
638.344195
625.522328
619.965837
624.694118
613.181431
634.456401
672.713587
676.957813
663.407411
663.549941
664.256506
665.059473
664.390681
678.753923
695.598647
707.421817
723.063941
741.645031
753.012367
746.797964
745.250835
741.983487
740.650379
756.369624
764.007632
760.017326
756.170016
756.256246
761.722274
776.277450
757.279873
748.667437
754.552144
777.083111
785.046303
778.002474
774.767250
783.438714
792.344524
799.334510
791.721607
776.696449
782.301899
798.044945
778.491404
769.180889
767.543051
767.327172
763.113137
756.881336
757.498441
768.679661
775.423696
790.356947
791.114824
807.359307
823.034464
838.452707
810.157860
745.302951
651.226424
597.217770
619.648495
634.461675
624.518683
611.302384
610.822131
611.962421
606.220208
595.955521
599.691544
612.708421
614.635312
619.153616
634.506705
638.263375
637.290320
644.725767
673.506796
685.114930
670.705237
684.309918
698.675077
701.913622
700.772277
693.466839
696.087057
716.144653
726.332214
736.468589
748.835616
759.408808
765.105854
780.862434
802.725761
811.215153
759.415233
673.709656
627.898840
622.174427
616.968570
634.145138
629.989840
629.805145
651.115519
657.344681
668.281290
681.155460
683.214394
702.257676
701.448429
682.664250
682.958104
690.962107
695.336057
710.387190
730.013399
744.430516
757.582813
757.454385
772.029765
787.845603
802.307540
815.497633
828.203982
759.837421
662.219424
610.459686
623.447880
642.593219
638.666139
614.242514
619.090616
618.252278
613.640233
624.247825
651.924866
666.375679
669.615079
673.716117
681.190631
687.079902
691.459081
683.426001
692.121401
714.233390
746.884044
752.952137
761.025933
785.155020
817.110273
820.252390
784.455970
703.658688
611.986126
590.542110
594.356576
611.973294
636.938148
647.213263
667.051297
678.302230
689.144883
708.507570
726.141931
746.541472
779.644069
798.776583
810.034043
782.938947
706.154260
614.235979
596.417240
605.534268
608.488009
632.189590
651.320674
666.722071
650.724482
594.651545
583.231182
615.119017
630.819494
633.025866
635.274025
633.970042
656.048134
688.897678
709.832218
723.755838
743.633255
768.458044
786.581171
740.832946
634.328343
585.900440
606.531119
625.206138
645.331629
622.120553
598.772019
612.263016
637.882949
661.788069
685.104207
679.965431
671.509687
669.226173
674.798574
691.622081
690.654876
697.331364
715.598294
713.451378
704.800465
702.777780
718.712232
726.343097
709.415420
703.530305
711.795031
700.524701
688.823293
712.397713
733.193578
716.728377
714.146385
747.110443
741.477765
732.877431
728.404775
749.687857
766.912221
753.912466
758.843098
764.402938
756.629668
751.953640
764.428601
763.447184
763.811052
781.958270
792.203698
787.197446
775.741277
689.479899
603.388541
629.602758
656.169424
636.021370
627.103863
615.230132
620.076801
639.885234
667.604610
674.747857
658.574698
676.993291
679.511028
665.699201
693.187491
720.511441
718.029983
717.512560
713.234021
703.587078
724.079315
731.572703
736.739329
768.109586
771.184901
768.824500
786.034706
762.670087
743.051703
744.751560
750.968092
766.674926
776.249492
782.257681
795.455014
797.673618
799.613986
786.609128
771.011658
692.969162
630.949202
645.720422
657.050555
674.688037
644.346030
643.675574
654.472552
662.063327
675.948452
674.293004
665.462169
663.787307
671.582841
664.721726
679.466186
694.852147
721.598047
716.478306
716.736814
724.297017
758.881787
761.402556
743.053450
736.328523
745.082656
772.397495
762.434796
755.516129
781.404140
789.568545
784.562795
803.620429
800.788876
797.912884
806.533161
806.038357
826.731921
820.288109
785.619942
680.167386
607.549538
617.087130
630.670328
626.898802
618.829822
623.613229
632.500592
642.038461
658.485033
667.910607
665.367866
663.735436
664.612009
672.685256
694.689178
724.529095
744.121127
751.610528
764.297564
775.721497
758.157584
776.398567
777.005847
759.225056
753.604968
753.502877
760.708974
770.031332
763.640675
766.052243
773.927805
770.115914
765.579257
770.444908
768.520161
761.513315
770.981793
789.293873
797.605849
759.273184
687.498399
660.043128
641.725547
644.054750
643.085842
635.441608
641.834261
646.704152
653.052506
660.361475
675.921283
688.800141
690.990650
688.277063
710.035436
713.304804
725.159133
745.579236
757.657627
768.396277
771.043623
783.262766
803.035574
803.590394
797.026907
791.083786
779.320218
769.982956
757.481249
739.533486
738.624740
716.146640
663.144243
631.706637
620.612736
619.207593
612.538286
623.280050
632.137846
643.647022
663.508268
678.775429
690.442235
702.112461
714.114279
720.471350
736.432052
756.751169
761.766905
772.152414
761.095497
752.668234
760.956690
756.884295
741.103440
722.958612
691.129540
678.201011
664.561744
653.942507
661.164120
682.775205
694.117557
708.983662
715.557422
727.179827
725.304043
728.527271
740.121772
744.150111
756.522927
767.117549
773.252622
768.262394
757.472745
753.184153
722.187390
671.468128
634.107073
618.200800
615.425526
617.007709
632.192166
642.983050
653.998377
675.605688
680.933931
685.328821
686.853175
699.706958
718.952785
726.675179
728.192627
738.407670
734.872396
734.405335
737.885490
727.203009
725.445342
719.578192
709.109126
698.563008
674.748344
654.802529
641.180594
635.658415
645.986451
651.763231
662.434822
672.679124
686.097559
708.102035
709.501275
692.527434
672.583251
640.701677
628.102586
614.128920
601.151642
602.513367
607.384631
608.883037
617.380219
624.456245
632.666151
642.350739
644.608345
659.391049
677.459620
689.558329
682.750942
668.638748
657.554204
619.945359
574.475199
562.817780
573.305327
570.655584
569.867682
579.586889
593.617254
597.489898
600.031733
609.185170
609.645423
613.085084
619.452056
627.892951
627.988203
634.562587
638.603799
645.271911
641.400735
631.322731
613.902248
608.394453
619.518171
625.942285
633.898095
616.511141
616.551332
623.044110
632.477395
646.512100
655.450444
661.252844
671.818942
679.631882
688.554545
693.241051
712.863880
718.978504
716.630024
720.193778
724.937797
735.597201
747.902318
733.082007
736.291781
733.464226
729.191018
718.104849
705.025134
697.492629
689.327224
675.060807
656.511292
645.711077
630.132060
589.200888
562.393134
555.818788
565.644161
571.115437
572.788302
574.559470
582.939554
591.138083
595.426334
593.392370
603.181677
601.087578
605.699215
599.771363
596.791370
587.910078
566.621109
551.009304
559.709409
569.505505
571.531963
567.422504
560.857756
556.624660
558.197867
563.292675
564.335701
569.547591
581.820011
601.293528
602.365434
601.352288
619.784507
616.298501
613.627274
615.059822
613.644629
609.522414
599.053740
589.731490
588.017834
590.482098
584.304663
572.727729
568.078792
574.262715
572.859567
583.342287
597.304378
605.397910
600.241205
609.907228
597.345867
594.006898
588.444090
589.224908
586.579690
579.430713
574.095736
567.486259
573.114244
571.519439
562.191574
559.390940
544.750053
535.233381
527.072549
523.437053
515.868407
523.575611
530.952864
536.488521
543.380764
557.890747
577.009069
585.842605
595.826813
599.522829
609.922811
624.050872
624.423951
629.362407
630.373192
625.589221
628.936422
623.215467
628.405261
620.679825
609.877737
604.500206
601.381378
592.614703
582.566866
571.027617
568.661641
564.853501
555.513717
539.798015
533.155330
534.102063
545.150917
525.506408
499.838699
500.821478
489.287469
492.845052
488.995520
485.639719
486.321816
497.164588
495.152099
506.349791
512.780687
512.591674
519.260577
515.222808
522.393856
535.332629
550.739282
551.812063
557.179057
557.039448
555.360737
559.150553
556.387905
553.811838
553.726384
547.179131
556.588988
540.040674
532.930895
543.566338
548.768674
544.089349
531.461295
495.971971
486.800560
490.803932
489.400176
492.969759
501.309826
519.420455
527.890754
530.828284
509.190458
482.348466
469.353769
468.298565
483.290489
492.739559
503.381810
506.642750
520.157308
528.684462
529.810289
545.618994
552.484878
554.041557
551.723955
548.262829
551.771196
555.484609
553.094977
552.700857
548.781655
549.103755
549.702361
553.099103
565.258183
572.442872
550.495598
490.595841
477.473932
484.835350
483.147683
486.347615
496.117477
502.653043
516.151316
526.966542
529.423038
530.706500
527.896859
537.154450
545.122538
544.685012
551.905628
558.555604
570.488735
567.346982
567.261036
562.748220
567.811342
565.690151
571.121741
572.052378
578.545983
575.023194
573.113878
569.426184
583.362292
581.899276
569.671128
567.158958
579.985965
582.037601
574.816382
585.231178
610.490366
623.608385
598.867803
522.486175
489.521234
504.688306
516.964547
518.600523
545.482985
552.087193
561.829398
588.662431
590.200240
594.942639
578.321132
535.888025
502.674698
518.916165
513.832000
518.833791
528.205589
528.173427
529.862166
540.866595
544.997884
546.444002
549.116854
540.715816
544.995305
549.828528
567.718048
565.055537
562.833386
563.703382
569.359164
575.625650
597.656731
607.893494
581.698469
535.465214
543.669685
573.833607
579.407659
569.616416
575.968406
572.203795
562.630267
537.773428
530.112250
533.256473
566.849027
610.272581
606.261532
586.792437
585.390341
585.418112
568.155465
583.586205
583.252432
581.697865
584.382459
607.813018
596.441835
583.611065
585.656368
601.764970
598.523813
611.533826
594.312415
562.770178
529.457347
514.941528
531.142332
538.161235
539.825211
470.853155
456.734781
480.540588
500.697366
523.795254
526.260121
529.370355
559.582859
564.950706
574.315246
610.446907
608.272420
603.058478
604.071319
589.405098
525.276844
503.616099
533.566673
534.990354
549.325449
565.622696
583.724250
625.294433
611.136088
599.078549
611.405980
579.879828
495.363134
535.780186
538.809677
451.448492
460.158682
459.931349
446.974538
444.103494
484.737808
515.328333
499.805418
504.990943
523.363775
551.900249
548.375829
555.415754
558.932133
564.984373
579.391726
573.895922
569.722125
559.422658
569.936621
591.922325
562.777890
561.297852
564.601296
576.250786
554.834546
557.725803
498.177230
469.971484
490.783339
487.283166
473.758294
477.963359
480.466075
484.116506
531.283798
531.406695
526.873886
554.187802
575.251123
580.081355
577.819001
600.621459
613.207638
583.655797
580.983086
595.022546
605.290869
609.727835
588.939590
554.505298
464.827755
468.377161
496.503976
527.844969
519.584405
495.266116
475.897167
469.444017
487.317142
481.891094
481.580790
498.500247
512.971323
493.339459
540.893382
548.894255
543.608957
563.565897
586.084847
580.351956
581.267739
576.653510
596.860236
594.310733
592.317719
616.408795
604.135681
618.753036
649.133550
666.777308
683.457415
666.842989
611.693924
534.882893
546.048802
564.386376
529.829888
475.858403
497.338385
538.740478
568.122174
597.458489
627.364548
631.915050
571.785232
489.825242
467.333192
450.412332
428.895846
450.445998
508.604643
522.301885
542.548979
575.672820
600.916002
542.981341
449.653102
445.546096
451.628563
464.482440
467.164977
456.637017
488.428043
505.552256
521.481728
544.636290
553.194493
537.095026
566.969339
610.332087
588.640121
638.825953
681.588251
666.024953
541.646412
488.774439
555.744031
649.237306
638.158331
506.752133
502.096313
512.484941
494.278705
514.380247
502.920614
453.923913
374.273946
356.456730
345.940224
350.313946
329.895961
337.270584
361.582145
359.256217
342.961867
340.385031
353.452902
395.193895
427.908500
418.925252
414.150979
448.124139
487.955037
482.499961
463.595318
444.646276
403.428829
403.015221
433.835032
456.687076
507.553355
533.054089
599.323877
NaN
NaN
NaN
NaN
NaN
NaN
NaN
NaN
NaN
NaN
NaN
NaN
NaN
NaN
NaN
NaN
NaN
NaN
NaN
NaN
NaN
NaN
NaN
NaN
NaN
NaN
NaN
NaN
NaN
NaN
NaN
NaN
NaN
NaN
NaN
NaN
NaN
NaN
NaN
NaN
NaN
NaN
NaN
NaN
NaN
NaN
NaN
NaN
NaN
NaN
NaN
NaN
NaN
NaN
NaN
NaN
NaN
NaN
NaN
NaN
NaN
NaN
NaN
NaN
NaN
NaN
NaN
NaN
NaN
NaN
NaN
NaN
NaN
NaN
NaN
NaN
NaN
NaN
NaN
NaN
NaN
NaN
NaN
NaN
NaN
NaN
NaN
NaN
NaN
NaN
NaN
NaN
NaN
NaN
NaN
NaN
NaN
NaN
NaN
NaN
NaN
NaN
NaN
NaN
NaN
NaN
NaN
NaN
NaN
NaN
NaN
NaN
NaN
NaN
NaN
NaN
NaN
NaN
NaN
NaN
NaN
NaN
NaN
NaN
NaN
NaN
NaN
NaN
NaN
NaN
NaN
NaN
NaN
NaN
NaN
NaN
NaN
NaN
NaN
NaN
NaN
NaN
NaN
NaN
NaN
NaN
NaN
NaN
NaN
NaN
NaN
NaN
NaN
NaN
NaN
NaN
NaN
NaN
NaN
NaN
NaN
NaN
NaN
NaN
NaN
NaN
NaN
NaN
NaN
NaN
NaN
NaN
NaN
NaN
NaN
NaN
NaN
NaN
NaN
NaN
NaN
NaN
NaN
NaN
NaN
NaN
NaN
NaN
NaN
NaN
NaN
NaN
NaN
NaN
NaN
NaN
NaN
NaN
NaN
NaN
NaN
NaN
NaN
NaN
NaN
NaN
NaN
NaN
NaN
NaN
NaN
NaN
NaN
NaN
NaN
NaN
NaN
NaN
NaN
NaN
NaN
NaN
NaN
NaN
NaN
NaN
NaN
NaN
NaN
NaN
NaN
NaN
NaN
NaN
NaN
NaN
NaN
NaN
NaN
NaN
NaN
NaN
NaN
NaN
NaN
NaN
NaN
NaN
NaN
NaN
NaN
NaN
NaN
NaN
NaN
NaN
NaN
NaN
NaN
NaN
NaN
NaN
NaN
NaN
NaN
NaN
NaN
NaN
NaN
NaN
NaN
NaN
NaN
NaN
NaN
NaN
NaN
NaN
NaN
NaN
NaN
NaN
NaN
NaN
NaN
NaN
NaN
NaN
NaN
NaN
NaN
NaN
NaN
NaN
NaN
NaN
NaN
NaN
NaN
NaN
NaN
NaN
NaN
NaN
NaN
NaN
NaN
NaN
NaN
NaN
NaN
NaN
NaN
NaN
NaN
NaN
NaN
NaN
NaN
NaN
NaN
NaN
NaN
NaN
NaN
NaN
NaN
NaN
NaN
NaN
NaN
NaN
NaN
NaN
NaN
NaN
NaN
NaN
NaN
NaN
NaN
NaN
NaN
NaN
NaN
NaN
NaN
NaN
NaN
NaN
NaN
NaN
NaN
NaN
NaN
NaN
NaN
NaN
NaN
NaN
NaN
NaN
NaN
NaN
NaN
NaN
NaN
NaN
NaN
NaN
NaN
NaN
NaN
NaN
NaN
NaN
NaN
NaN
NaN
NaN
NaN
NaN
NaN
NaN
NaN
NaN
NaN
NaN
NaN
NaN
NaN
NaN
NaN
NaN
NaN
NaN
NaN
NaN
NaN
NaN
NaN
NaN
NaN
NaN
NaN
NaN
NaN
NaN
NaN
NaN
NaN
NaN
NaN
NaN
NaN
NaN
NaN
NaN
NaN
NaN
NaN
NaN
NaN
NaN
NaN
NaN
NaN
NaN
NaN
NaN
NaN
NaN
NaN
NaN
NaN
NaN
NaN
NaN
NaN
NaN
NaN
NaN
NaN
NaN
NaN
NaN
NaN
NaN
NaN
NaN
NaN
NaN
NaN
NaN
NaN
NaN
NaN
NaN
NaN
NaN
NaN
NaN
NaN
NaN
NaN
NaN
NaN
NaN
NaN
NaN
NaN
NaN
NaN
NaN
NaN
NaN
NaN
NaN
NaN
NaN
NaN
NaN
NaN
NaN
NaN
NaN
NaN
NaN
NaN
NaN
NaN
NaN
NaN
NaN
NaN
NaN
NaN
NaN
NaN
NaN
NaN
NaN
NaN
NaN
NaN
NaN
NaN
NaN
NaN
NaN
NaN
NaN
NaN
NaN
NaN
NaN
NaN
NaN
NaN
NaN
NaN
NaN
NaN
NaN
NaN
NaN
NaN
NaN
NaN
NaN
NaN
NaN
NaN
NaN
NaN
NaN
NaN
NaN
NaN
NaN
NaN
NaN
NaN
NaN
NaN
NaN
NaN
NaN
NaN
NaN
NaN
NaN
NaN
NaN
NaN
NaN
NaN
NaN
NaN
NaN
NaN
NaN
NaN
NaN
NaN
NaN
NaN
NaN
NaN
NaN
NaN
NaN
NaN
NaN
NaN
NaN
NaN
NaN
NaN
NaN
NaN
NaN
NaN
NaN
NaN
NaN
NaN
NaN
NaN
NaN
NaN
NaN
NaN
NaN
NaN
NaN
NaN
NaN
NaN
NaN
NaN
NaN
NaN
NaN
NaN
NaN
NaN
NaN
NaN
NaN
NaN
NaN
NaN
NaN
NaN
NaN
NaN
NaN
NaN
NaN
NaN
NaN
NaN
NaN
NaN
NaN
NaN
NaN
NaN
NaN
NaN
NaN
NaN
NaN
NaN
NaN
NaN
NaN
NaN
NaN
NaN
NaN
NaN
NaN
NaN
NaN
NaN
NaN
NaN
NaN
NaN
NaN
NaN
NaN
NaN
NaN
NaN
NaN
NaN
NaN
NaN
NaN
NaN
NaN
NaN
NaN
NaN
NaN
NaN
NaN
NaN
NaN
NaN
NaN
NaN
NaN
NaN
NaN
NaN
NaN
NaN
NaN
NaN
NaN
NaN
NaN
NaN
NaN
NaN
NaN
NaN
NaN
NaN
NaN
NaN
NaN
NaN
NaN
NaN
NaN
NaN
NaN
NaN
NaN
NaN
NaN
NaN
NaN
NaN
NaN
NaN
NaN
NaN
NaN
NaN
NaN
NaN
NaN
NaN
NaN
NaN
NaN
NaN
NaN
NaN
NaN
NaN
NaN
NaN
NaN
NaN
NaN
NaN
NaN
NaN
NaN
NaN
NaN
NaN
NaN
NaN
NaN
NaN
NaN
NaN
NaN
NaN
NaN
NaN
NaN
NaN
NaN
NaN
NaN
NaN
NaN
NaN
NaN
NaN
NaN
NaN
NaN
NaN
NaN
NaN
NaN
NaN
NaN
NaN
NaN
NaN
NaN
NaN
NaN
NaN
NaN
NaN
NaN
NaN
NaN
NaN
NaN
NaN
NaN
NaN
NaN
NaN
NaN
NaN
NaN
NaN
NaN
NaN
NaN
NaN
NaN
NaN
NaN
NaN
NaN
NaN
NaN
NaN
NaN
NaN
NaN
NaN
NaN
NaN
NaN
NaN
NaN
NaN
NaN
NaN
NaN
NaN
NaN
NaN
NaN
NaN
NaN
NaN
NaN
NaN
NaN
NaN
NaN
NaN
NaN
NaN
NaN
NaN
NaN
NaN
NaN
NaN
NaN
NaN
NaN
NaN
NaN
NaN
NaN
NaN
NaN
NaN
NaN
NaN
NaN
NaN
NaN
NaN
NaN
NaN
NaN
NaN
NaN
NaN
NaN
NaN
NaN
NaN
NaN
NaN
NaN
NaN
NaN
NaN
NaN
NaN
NaN
NaN
NaN
NaN
NaN
NaN
NaN
NaN
NaN
NaN
NaN
NaN
NaN
NaN
NaN
NaN
NaN
NaN
NaN
NaN
NaN
NaN
NaN
NaN
NaN
NaN
NaN
NaN
NaN
NaN
NaN
NaN
NaN
NaN
NaN
NaN
NaN
NaN
NaN
NaN
NaN
NaN
NaN
NaN
NaN
NaN
NaN
NaN
NaN
NaN
NaN
NaN
NaN
NaN
NaN
NaN
NaN
NaN
NaN
NaN
NaN
NaN
NaN
NaN
NaN
NaN
NaN
NaN
NaN
NaN
NaN
NaN
NaN
NaN
NaN
NaN
NaN
NaN
NaN
