440.000000
549.000000
667.000000
699.000000
779.000000
918.000000
1056.000000
1178.000000
1283.000000
1386.000000
1476.000000
1558.000000
1653.000000
1715.000000
1781.000000
1868.000000
1953.000000
2071.000000
2214.000000
2337.000000
2435.000000
2504.000000
2590.000000
2704.000000
2724.000000
2807.000000
2945.000000
3089.000000
3233.000000
3383.000000
3498.000000
3609.000000
3707.000000
3795.000000
3885.000000
3982.000000
4062.000000
4151.000000
4256.000000
4345.000000
4456.000000
4573.000000
4660.000000
4759.000000
4807.000000
4846.000000
4882.000000
4913.000000
4951.000000
5004.000000
5066.000000
5121.000000
5191.000000
5245.000000
5290.000000
5325.000000
5382.000000
5443.000000
5492.000000
5508.000000
5558.000000
5600.000000
5644.000000
5670.000000
5718.000000
5742.000000
5755.000000
5772.000000
5804.000000
5824.000000
5831.000000
5843.000000
5866.000000
5891.000000
5904.000000
5924.000000
5938.000000
5957.000000
5962.000000
5978.000000
5994.000000
6005.000000
6017.000000
6040.000000
6063.000000
6077.000000
6091.000000
6102.000000
6117.000000
6124.000000
6130.000000
6139.000000
6149.000000
6161.000000
6167.000000
6179.000000
6206.000000
6227.000000
6245.000000
6267.000000
6287.000000
6296.000000
6307.000000
6326.000000
6344.000000
6359.000000
6378.000000
6399.000000
6420.000000
6436.000000
6443.000000
6448.000000
6456.000000
6465.000000
6478.000000
6501.000000
6526.000000
6552.000000
6577.000000
6587.000000
6600.000000
6615.000000
6626.000000
6639.000000
6657.000000
6678.000000
6704.000000
6732.000000
6760.000000
6784.000000
6810.000000
6835.000000
6873.000000
6905.000000
6933.000000
6960.000000
6990.000000
7020.000000
7046.000000
7077.000000
7107.000000
7132.000000
7162.000000
7185.000000
7213.000000
7225.000000
7242.000000
7257.000000
7283.000000
7310.000000
7355.000000
7395.000000
7447.000000
7500.000000
7547.000000
7599.000000
7657.000000
7693.000000
7735.000000
7773.000000
7808.000000
7828.000000
7859.000000
7899.000000
7933.000000
7963.000000
8001.000000
8037.000000
8080.000000
8110.000000
8141.000000
8163.000000
8197.000000
8234.000000
8286.000000
8322.000000
8368.000000
8385.000000
8402.000000
8427.000000
8453.000000
8470.000000
8490.000000
8511.000000
8530.000000
8546.000000
8564.000000
8573.000000
8588.000000
8613.000000
8637.000000
8647.000000
8659.000000
8689.000000
8731.000000
8786.000000
8794.000000
8798.000000
8816.000000
8845.000000
8894.000000
8913.000000
8949.000000
