752.000000
785.000000
819.000000
828.000000
837.000000
861.000000
881.000000
897.000000
914.000000
942.000000
971.000000
1006.000000
1047.000000
1089.000000
1141.000000
1192.000000
1253.000000
1297.000000
1332.000000
1355.000000
1384.000000
1393.000000
1419.000000
1456.000000
1489.000000
1531.000000
1572.000000
1602.000000
1645.000000
1659.000000
1674.000000
1690.000000
1706.000000
1710.000000
1721.000000
1758.000000
1790.000000
1817.000000
1856.000000
1905.000000
1966.000000
2004.000000
2033.000000
2060.000000
2078.000000
2085.000000
2101.000000
2152.000000
2192.000000
2232.000000
2272.000000
2304.000000
2327.000000
2349.000000
2377.000000
2390.000000
2406.000000
2428.000000
2465.000000
2479.000000
2507.000000
2516.000000
2526.000000
2563.000000
2596.000000
2605.000000
2633.000000
2672.000000
2686.000000
2707.000000
2739.000000
2742.000000
2745.000000
2758.000000
2770.000000
2774.000000
2799.000000
2822.000000
2857.000000
2861.000000
2869.000000
2881.000000
2897.000000
2902.000000
2908.000000
2937.000000
2939.000000
2951.000000
2959.000000
