NaN
NaN
NaN
NaN
NaN
NaN
NaN
NaN
NaN
NaN
NaN
NaN
NaN
NaN
NaN
NaN
NaN
NaN
NaN
NaN
NaN
NaN
NaN
NaN
NaN
NaN
NaN
NaN
NaN
NaN
NaN
NaN
NaN
NaN
NaN
NaN
NaN
NaN
NaN
NaN
NaN
NaN
NaN
NaN
NaN
NaN
NaN
NaN
NaN
NaN
NaN
NaN
NaN
NaN
NaN
NaN
NaN
NaN
NaN
NaN
NaN
NaN
NaN
NaN
NaN
NaN
NaN
NaN
NaN
NaN
NaN
NaN
NaN
NaN
NaN
NaN
NaN
NaN
NaN
NaN
NaN
NaN
NaN
NaN
NaN
NaN
NaN
NaN
NaN
NaN
NaN
NaN
NaN
NaN
NaN
NaN
NaN
NaN
NaN
NaN
NaN
NaN
NaN
NaN
NaN
NaN
NaN
NaN
NaN
NaN
NaN
NaN
NaN
NaN
NaN
NaN
NaN
NaN
NaN
NaN
NaN
NaN
NaN
NaN
NaN
NaN
NaN
NaN
NaN
NaN
NaN
NaN
NaN
NaN
NaN
NaN
NaN
NaN
NaN
NaN
NaN
NaN
NaN
NaN
NaN
NaN
NaN
NaN
NaN
NaN
NaN
NaN
NaN
NaN
NaN
NaN
NaN
NaN
NaN
NaN
NaN
NaN
NaN
NaN
NaN
NaN
NaN
NaN
NaN
NaN
NaN
NaN
NaN
NaN
NaN
NaN
NaN
NaN
NaN
NaN
NaN
NaN
NaN
NaN
NaN
NaN
NaN
NaN
NaN
NaN
NaN
NaN
NaN
NaN
NaN
NaN
NaN
NaN
NaN
NaN
NaN
NaN
NaN
NaN
NaN
NaN
NaN
NaN
NaN
NaN
NaN
NaN
NaN
NaN
NaN
NaN
NaN
NaN
NaN
NaN
NaN
NaN
NaN
NaN
NaN
NaN
NaN
NaN
NaN
NaN
NaN
NaN
NaN
NaN
NaN
NaN
NaN
NaN
NaN
NaN
NaN
NaN
NaN
NaN
NaN
NaN
NaN
NaN
NaN
NaN
NaN
NaN
NaN
NaN
NaN
NaN
NaN
NaN
NaN
NaN
NaN
NaN
NaN
NaN
NaN
NaN
NaN
NaN
NaN
NaN
NaN
NaN
NaN
NaN
NaN
NaN
NaN
NaN
NaN
NaN
NaN
NaN
NaN
NaN
NaN
NaN
NaN
NaN
NaN
NaN
NaN
NaN
NaN
NaN
NaN
NaN
NaN
NaN
NaN
NaN
NaN
NaN
NaN
NaN
NaN
NaN
NaN
NaN
NaN
NaN
NaN
NaN
NaN
NaN
NaN
NaN
NaN
NaN
NaN
NaN
NaN
NaN
NaN
NaN
NaN
NaN
NaN
NaN
NaN
NaN
NaN
NaN
NaN
NaN
NaN
NaN
NaN
NaN
NaN
NaN
NaN
NaN
NaN
NaN
NaN
NaN
NaN
NaN
NaN
NaN
NaN
NaN
NaN
NaN
NaN
NaN
NaN
NaN
NaN
NaN
NaN
NaN
NaN
NaN
NaN
NaN
NaN
NaN
NaN
NaN
NaN
NaN
NaN
NaN
NaN
NaN
NaN
NaN
NaN
NaN
NaN
NaN
NaN
NaN
NaN
NaN
NaN
NaN
NaN
NaN
NaN
NaN
NaN
NaN
NaN
NaN
NaN
NaN
NaN
NaN
NaN
NaN
NaN
NaN
NaN
NaN
NaN
NaN
NaN
NaN
NaN
NaN
NaN
NaN
NaN
NaN
NaN
NaN
NaN
NaN
NaN
NaN
NaN
NaN
NaN
NaN
NaN
NaN
NaN
NaN
NaN
NaN
NaN
NaN
NaN
NaN
NaN
NaN
NaN
NaN
NaN
NaN
NaN
NaN
NaN
NaN
NaN
NaN
NaN
NaN
NaN
NaN
NaN
NaN
NaN
NaN
NaN
NaN
NaN
NaN
NaN
NaN
NaN
NaN
NaN
NaN
NaN
NaN
NaN
NaN
NaN
NaN
NaN
NaN
NaN
NaN
NaN
NaN
NaN
NaN
NaN
NaN
NaN
NaN
NaN
NaN
NaN
NaN
NaN
NaN
NaN
NaN
NaN
NaN
NaN
NaN
NaN
NaN
NaN
NaN
NaN
NaN
NaN
NaN
NaN
NaN
NaN
NaN
NaN
NaN
NaN
NaN
NaN
NaN
NaN
NaN
NaN
NaN
NaN
NaN
NaN
NaN
NaN
NaN
NaN
NaN
NaN
NaN
NaN
NaN
NaN
NaN
NaN
NaN
NaN
NaN
NaN
NaN
NaN
NaN
NaN
736.259241
695.383283
683.717311
698.907257
764.532309
766.725400
760.280307
757.490432
761.198831
752.013374
741.899596
745.888640
745.825327
743.590780
736.295050
728.669735
726.105206
726.483979
729.260480
731.083018
739.581534
740.999625
739.506534
746.437864
758.687366
768.199126
772.173076
767.394775
759.804583
758.243907
760.880084
759.523841
751.375611
746.621339
743.021712
744.446930
749.823911
751.126613
748.564715
748.753972
753.508480
754.636580
755.215486
761.085819
769.130102
777.600172
784.529837
796.417728
812.495487
828.095376
841.823570
850.026042
856.435783
865.307548
874.834667
882.612989
884.800404
878.252788
870.338107
864.874034
859.032887
850.602806
846.770815
840.909117
829.481215
812.415715
791.424756
772.331212
754.269468
740.074185
734.143651
733.797907
738.052296
741.782927
751.211658
763.539018
775.123746
780.136679
781.838105
784.956030
786.434022
792.826498
805.935611
819.754310
833.311641
848.923389
870.928291
895.918419
912.126692
918.532303
915.886635
887.812095
872.663553
868.015350
859.993950
854.294005
831.448657
806.596458
785.297317
767.263912
754.540956
744.141627
743.167307
751.481303
760.080314
764.379809
770.689424
782.996890
785.284979
781.888097
784.440626
792.076890
793.887592
793.585631
801.783702
801.797446
796.706028
789.521125
790.038983
792.563404
793.598289
802.805177
810.250114
811.426042
821.062888
833.259947
844.457942
843.855658
834.198099
836.057978
837.379439
834.825874
839.199029
845.357169
848.190678
850.181532
852.394778
862.373021
869.138364
869.975762
879.751063
892.439838
901.013724
906.841484
917.332080
925.775428
933.121543
938.708586
931.071864
919.837698
910.654578
908.864806
905.059337
895.803969
883.231320
873.143990
869.852488
852.282888
819.639907
782.151634
772.967989
773.026269
772.888757
785.593915
797.451840
802.970624
806.463912
803.694162
793.427784
800.675383
805.286561
802.018216
809.430311
821.057882
828.161469
829.244332
829.908747
835.306305
835.792640
840.711921
838.616729
837.299406
844.937279
851.997712
851.235991
855.237013
862.036029
870.674069
875.452937
876.840738
876.004540
878.008772
882.843010
898.903150
917.964978
921.093714
928.415337
940.316058
953.085467
959.481184
963.564248
969.667653
975.943320
986.340492
988.685965
971.585699
901.320131
813.638002
792.450305
748.448611
750.971354
760.624937
758.468141
759.674473
764.522335
765.424759
779.000044
789.864019
797.326164
810.283210
819.121463
814.855723
814.571262
815.801152
811.711618
822.240388
831.997968
829.282731
841.624023
855.309460
854.524104
839.436226
841.648134
851.367613
838.102274
826.959470
817.142910
808.388470
817.488905
835.868216
858.799420
881.262577
899.253260
906.222494
903.766139
883.357788
860.840083
848.174145
850.036360
857.037216
859.175289
877.080326
890.920106
882.974528
871.631014
882.683106
881.570638
856.325800
847.377187
857.190878
870.721409
876.875232
868.092023
857.373758
880.363252
897.729189
900.850276
902.733031
898.299082
885.276481
897.767280
908.670126
906.626223
901.117234
897.694546
926.796130
951.947596
970.568763
972.359131
951.227624
917.635908
906.460596
921.368815
935.812878
946.636466
944.340816
934.110127
930.309843
942.964132
954.285873
926.501004
914.702630
930.949549
950.401977
969.213430
974.344844
981.979129
986.437482
990.743202
1011.179766
1016.104535
1015.431400
1021.714733
1015.635867
988.582380
905.788639
881.697256
804.918203
782.311396
773.862954
772.769133
766.285405
764.291823
765.506892
763.782997
762.274732
757.155378
751.477572
744.110152
747.644195
760.605999
777.315819
796.924458
811.708171
826.324825
835.659753
826.090101
800.647936
780.361850
794.538033
795.487557
793.141558
790.878339
794.429765
781.035646
753.578764
742.661540
746.545802
765.184602
763.779743
767.916970
779.452112
785.165469
792.702869
800.714305
804.852737
831.756804
839.087757
831.182701
847.123884
872.227893
890.964481
900.548524
915.297949
917.994820
930.579221
940.536070
942.953176
954.077119
971.232413
959.218890
871.482863
794.533538
792.636403
818.276884
851.031512
864.281949
860.961183
859.196565
864.962909
860.533758
857.737157
877.089605
899.093719
913.659046
895.899829
887.639856
890.886651
893.957160
883.733305
867.754815
835.623177
810.041287
811.398326
814.324722
810.822230
821.662284
827.739374
827.620184
849.427568
856.286750
843.947146
842.564671
857.046764
871.068036
870.244031
860.172309
862.120786
876.542814
885.159768
879.225085
880.811088
878.259135
873.881784
898.812324
933.345209
951.607610
957.243937
949.358917
935.678536
937.546994
962.286573
991.082907
993.712186
979.463492
963.436235
951.273760
955.681460
969.511724
979.222268
1001.366595
1015.036228
950.131342
815.173857
765.262625
765.566191
778.814322
783.767855
789.593602
795.237344
798.649768
802.153114
803.963714
805.470400
801.273672
808.769904
812.723564
808.170179
807.203708
796.285625
815.726176
839.002587
844.962364
840.547542
829.411284
822.500520
820.656932
820.612041
814.404434
818.196124
836.474034
842.085296
840.323165
834.175749
835.183940
818.706711
810.800680
818.481388
827.453843
829.426761
830.575281
838.607576
823.192788
809.942398
803.038810
821.957605
837.863303
852.021427
864.564798
874.685699
883.832835
886.652434
891.123067
893.097814
901.519123
901.520285
879.303825
855.485929
860.770542
862.000885
869.542657
881.554342
875.853253
877.184231
892.694301
899.331177
872.011628
862.499839
879.613556
901.028043
899.844358
896.981629
918.637218
941.176652
948.142360
953.104614
950.742979
936.138486
916.215496
919.995235
938.948808
945.314450
940.554102
930.797335
941.849811
950.034597
952.361996
947.706297
951.624453
950.136695
962.747815
967.290825
958.085499
970.408632
974.814257
963.424949
966.941613
980.133908
994.191182
986.095554
971.237936
952.854700
893.343784
885.744231
811.444368
786.946840
808.910296
864.124201
923.548559
964.133253
994.733734
1004.341294
995.683235
985.731524
992.094259
994.363501
992.026718
977.306347
916.303606
815.799707
807.091423
734.923555
736.686867
748.866267
764.940800
792.830307
787.952174
770.613590
779.235570
808.670232
828.651027
823.353702
843.231825
853.658720
839.206722
817.040616
807.357409
810.011612
794.984837
783.647130
790.759877
812.601665
824.355824
806.418321
796.250871
794.805939
785.411291
793.254549
805.952935
802.885749
775.012298
771.116746
782.453192
805.283685
792.614339
809.923998
790.235966
797.369910
813.019098
826.982232
830.906546
823.859646
827.194500
837.200673
866.901433
891.180523
888.703666
898.882615
902.290252
916.729978
894.370336
874.607665
896.356900
944.964033
953.977564
931.911935
947.689536
943.076530
917.644629
913.822405
940.518333
966.775319
988.650034
1007.614156
1017.465947
1009.338646
1005.971270
1002.832800
1024.616342
1042.177117
1025.260088
911.170356
904.250060
784.722615
800.468735
825.861072
829.567943
818.609820
821.103590
873.183561
895.356271
869.002517
846.002712
843.758113
848.995363
860.803606
872.062358
878.678680
880.943679
887.180639
889.445072
869.729167
862.649278
874.500838
866.997681
848.678583
849.698772
852.592425
850.209056
856.919182
879.842768
879.381815
857.951010
859.229483
881.505084
892.022461
902.640185
910.682277
895.841209
853.397423
842.700486
850.273164
885.891490
913.916723
919.858639
892.928763
871.503873
877.972949
883.555964
895.979233
902.507977
884.878223
882.057113
887.553660
894.414323
896.609085
897.978304
899.170649
905.906427
923.280703
915.439817
915.702422
908.296477
907.799732
926.138029
933.948526
924.197497
930.393034
931.237050
938.943220
953.766952
952.612114
958.601390
937.971863
926.206791
959.902183
990.350531
985.374755
977.906173
971.387689
990.315543
1023.326271
1034.337408
1019.569325
1000.993170
993.900175
1001.426355
1002.346522
997.106596
1000.162366
995.498974
983.968798
995.103544
1019.336401
1047.358591
1054.594447
1036.054056
1031.174953
1034.717252
1054.582727
1101.897540
1128.096229
1081.113095
920.073759
914.445626
824.266674
833.570841
861.722969
848.351270
838.184012
848.698773
860.230968
850.266002
847.087311
869.002513
875.768466
868.793369
888.862709
916.748542
920.336233
888.400478
865.099265
858.795902
856.512702
859.491941
849.778155
843.023957
864.769766
888.721640
906.675911
915.699038
933.067365
945.809591
949.093939
934.518764
915.502188
912.743026
932.854114
925.384756
908.212305
893.412365
901.646233
904.328572
896.900797
899.301722
890.688797
881.514420
876.896328
866.607583
864.714844
878.442916
900.011436
891.761763
862.688620
848.420180
845.106158
868.689617
907.790543
914.069590
930.862650
954.801914
951.278279
928.068811
914.962493
910.216931
894.066643
883.647908
903.174027
904.644744
888.668051
897.152010
902.715836
905.292356
897.652067
884.077773
871.260561
849.678417
796.017577
790.942015
875.280632
965.711751
1023.138474
1036.431625
1017.130167
997.023402
981.170707
938.485091
897.625761
895.153363
901.882733
894.427507
927.769046
964.577501
974.854255
971.247499
948.991770
929.328780
918.212974
927.907136
963.586688
975.298414
980.294768
1006.085594
1004.333925
991.498133
988.881761
972.322060
985.404726
1023.558183
1028.205143
1009.364534
1004.266161
1006.476136
1022.368098
1032.137150
1018.435981
963.715483
959.329240
831.342105
791.720809
785.184452
789.096733
825.053976
840.182453
855.454752
883.491220
912.009180
928.693182
909.429700
874.214816
870.563428
871.854550
863.465953
874.475361
895.901350
908.277223
912.095016
926.894266
955.598158
969.447564
968.141423
948.793183
912.459959
885.402780
896.411334
929.300600
928.165872
923.136741
917.422827
907.769675
895.699447
901.581133
880.707370
860.731322
860.769218
880.039275
903.098157
931.411584
929.145654
925.136361
926.059695
910.801121
905.334357
923.019135
930.963363
922.171091
927.583070
942.850557
942.765018
921.956718
918.761136
917.888956
913.260512
914.184485
935.469661
943.253554
921.319825
919.247609
904.338303
888.870615
893.208179
914.344488
919.529887
898.274979
887.259896
899.909971
935.099816
967.219861
972.867013
954.070709
930.195227
928.312123
941.901783
944.276224
947.399704
962.687049
978.119379
980.535409
975.716912
968.355314
959.602842
943.616873
937.410471
959.564593
967.953506
966.052075
981.594987
989.050213
1004.640220
1013.552772
989.340925
975.765050
975.396120
980.051896
973.932081
971.520183
974.631141
978.774431
977.710495
997.143022
1013.592139
1005.565020
1003.259463
1004.688391
992.202170
996.169124
989.108285
988.958892
1009.582248
1027.073884
1032.364976
1002.888103
999.480568
895.453203
831.561911
853.751032
872.221540
871.330981
883.759508
902.679433
919.242846
941.099213
947.468205
931.593462
900.953893
888.714741
915.755572
951.045286
941.990998
891.798056
862.731962
867.145019
889.894985
914.861603
906.318450
903.678389
908.953236
907.360527
914.490315
924.849695
926.818881
917.436124
903.549480
911.294944
920.109460
910.152645
886.425652
873.298889
871.797968
876.915398
865.756296
851.716598
847.651514
836.993625
856.000103
887.159728
892.696088
888.816231
868.054116
833.676581
830.037700
847.773360
868.797345
897.521831
907.341377
913.392892
909.943779
898.137961
877.823422
858.067049
856.401058
860.688920
862.832540
882.418630
890.411649
886.764091
888.729827
889.490492
874.869637
867.645644
882.511173
891.066822
883.207089
884.033242
884.505528
884.643776
898.500818
936.430945
943.094845
921.600185
898.179955
882.150561
867.460079
877.344069
911.770012
943.031055
948.420521
957.089091
962.585431
958.815259
956.114054
961.006591
951.985528
948.172678
973.523036
1002.482506
991.670523
979.647873
978.770697
988.138090
986.631564
989.882746
1016.713081
1024.610925
1019.448304
1002.111486
989.566880
984.413885
971.568374
978.446812
990.871598
989.072752
991.966356
1011.334497
1016.409455
1013.303166
995.348177
972.164751
974.004327
975.576744
980.211266
1013.408259
1054.260392
1070.325971
1046.447817
1040.242718
921.927664
837.492028
840.110271
856.322441
880.053057
892.181188
895.823075
897.263430
909.671493
924.244266
926.521543
920.086874
926.400948
929.966877
953.310450
972.185716
961.634470
955.231574
928.400364
891.660587
871.895357
857.355554
874.227498
896.014720
914.725468
920.912158
919.008962
911.700824
896.923610
902.748876
923.570815
930.153037
930.905080
926.067067
911.527850
897.394016
905.115352
925.927532
914.997310
878.128770
881.335847
902.904871
903.807182
890.775096
884.120799
878.759361
892.491258
894.534006
895.817171
908.676796
920.194479
937.756619
932.710084
916.859853
903.372913
890.396624
883.291484
901.223532
913.815635
894.469062
888.573405
899.279683
911.285425
912.739524
894.456332
881.773921
899.060322
915.432414
918.887049
928.909040
941.849107
956.830594
955.367723
945.912796
943.917125
937.255748
940.378710
964.798443
985.105272
992.458142
990.623404
980.955210
985.425686
998.505252
1003.680938
1007.475539
995.331080
988.747310
997.515863
1022.290326
1034.022361
1040.892079
1041.832657
1043.124468
1039.361076
1033.489906
1054.920536
1081.696320
1080.834551
1071.668853
1034.467611
1025.445310
918.172423
843.340599
830.028615
826.517135
810.813906
813.831493
855.199282
888.827930
921.302808
928.213365
933.351056
942.657338
934.806539
945.173325
957.119648
970.468775
949.866151
920.029775
913.514429
901.087497
894.441417
903.778389
906.040398
918.683341
930.692505
930.020555
935.221771
932.999668
911.636062
887.678769
900.026940
930.004275
927.611541
911.149155
902.893894
888.908159
882.993797
877.816616
884.849634
889.974724
882.825368
898.359686
910.063868
898.808284
905.900722
907.511573
902.045886
904.864546
922.446416
919.977150
916.014025
906.451636
905.267156
909.292645
895.685825
892.229632
905.748598
927.920054
953.550504
955.752990
959.327764
956.434530
961.188729
961.580825
965.546899
963.505380
947.188499
925.509305
916.300930
928.839763
946.258196
967.740814
990.386198
992.979473
1005.236101
1012.863764
1005.069875
996.947808
981.030635
988.248955
1007.682063
1038.616198
1066.997967
1053.215648
1037.574409
1066.253962
1096.379181
1122.385713
1133.188801
1124.495579
1073.414931
1062.372727
965.879596
909.393940
920.230641
935.977703
926.746769
899.913676
890.944816
889.503731
882.492731
887.534677
896.713274
903.965784
900.429075
908.848834
940.555001
965.331163
962.966039
954.976197
946.974537
956.189490
975.436737
978.884315
979.633308
984.252912
961.699430
943.672409
952.435553
957.312597
961.059389
974.892531
986.926077
979.804541
975.644344
985.617955
976.969844
942.749650
921.832342
922.449861
937.925371
967.004796
987.712795
996.708309
980.392379
975.981915
981.278744
991.146797
999.396032
995.302225
990.536062
990.813059
990.080823
1004.642033
999.739861
985.595392
1002.272870
1014.142625
1001.990854
977.661724
976.241908
972.294107
974.348044
970.458538
984.431521
1007.168255
1010.265513
1002.257381
1012.950906
1012.863086
994.865261
985.289258
1004.293146
1024.407408
1019.627948
990.253717
975.064841
991.973847
1005.751659
1006.497484
1011.366402
1039.543036
1035.183683
1034.993660
1020.807956
971.607865
957.580126
986.765304
1017.349992
1039.268202
1042.521756
1021.117380
1002.034719
1014.797105
1027.921977
1037.603422
1046.108428
1064.101653
1092.669174
1114.040118
1114.638083
1084.090500
1076.557852
976.310509
881.521406
853.778744
851.694816
838.228811
834.068454
837.974129
840.552486
835.613443
846.425291
862.498236
872.054411
877.057751
863.490308
849.441445
849.413818
866.344390
883.246238
898.930763
905.253200
921.984261
934.025522
928.677379
915.609188
909.781799
902.441488
903.513309
898.312688
907.749739
910.711185
902.163870
903.955741
911.581053
915.177587
903.275546
909.252181
926.237667
928.365225
924.083611
932.250476
929.897437
931.461890
945.106818
948.968921
935.743768
930.351998
918.523599
926.196802
952.920100
949.591476
937.409828
933.567466
925.133146
915.183093
918.215931
905.875387
915.858051
922.880412
918.023521
927.582459
930.476254
933.103612
942.417617
939.569890
940.684942
935.045833
927.288522
924.594689
933.305558
938.453322
932.788276
921.005735
909.760865
894.520449
883.243894
904.277221
931.962597
946.247608
946.554457
935.453604
932.901457
958.298792
940.094136
916.521525
918.299930
922.338375
926.162231
921.583707
906.851190
907.334009
906.374829
907.210077
916.921390
938.356770
950.748543
959.420101
975.162845
969.530889
966.988526
966.774468
966.783322
975.405652
983.964940
987.471825
980.991399
988.648946
996.675957
996.244607
996.523197
995.800434
1000.584309
1011.243640
1013.965557
1018.296169
1017.779693
1023.326549
1047.088111
1051.193509
1055.424951
1086.983166
1107.990558
1079.529291
1074.518068
1006.724883
923.984020
871.327070
870.729491
884.078946
900.475971
898.629672
891.777648
896.841086
898.398416
896.223323
904.201130
916.189284
901.139465
859.972518
853.498872
893.164838
940.644358
963.646191
978.774255
986.957298
984.420991
974.842097
972.389840
962.820952
942.419410
935.150173
944.737465
965.620028
974.160694
990.754612
1000.841811
987.166316
974.406628
976.850521
983.419452
990.847571
977.351462
954.634820
937.060990
944.291887
939.349316
934.881384
944.760275
947.408721
958.638541
961.136152
943.015422
923.347633
893.024351
883.677466
886.384685
897.493674
917.773390
947.387288
950.677124
944.895320
944.720021
949.918998
976.407937
976.040863
956.259958
929.820105
911.370318
904.727463
899.379673
917.544206
922.871879
908.366254
900.774451
906.454652
909.351935
897.341363
878.385121
903.421416
924.078434
918.947364
937.984434
948.368424
940.149926
931.914276
928.120779
917.164205
902.546862
908.828037
939.090478
961.372527
974.502872
974.005018
976.763528
982.877430
988.404126
995.787735
1009.091904
1018.095820
1001.369554
994.049844
999.333341
992.211408
995.364573
1011.455930
1004.445950
996.973990
997.363876
1000.535335
1016.450927
1047.319227
1088.327043
1086.878400
1054.628882
1010.681507
1004.833673
919.219817
889.712861
883.563177
874.375827
870.014014
855.548561
829.542344
804.517030
799.826080
802.355777
806.292918
804.442248
815.619177
840.820374
862.687790
875.057233
900.871867
931.095809
947.989634
946.351750
944.350511
936.807640
917.978263
907.949984
905.947484
919.763336
926.259919
934.263724
929.382668
941.519118
935.265746
928.965248
931.233110
928.900959
935.321416
942.558968
959.599737
978.006637
981.455694
961.988164
940.403004
948.568790
947.443774
930.984956
927.924748
936.503417
929.222988
907.326736
916.084506
930.194229
938.376897
946.142125
958.829804
978.269283
960.218837
949.895425
942.893778
922.353419
904.194478
905.770803
903.357356
904.148487
933.493517
961.798941
980.612894
1003.858529
999.013148
987.629199
954.485612
926.531546
933.933528
947.328254
952.105844
956.389298
942.167826
932.371000
933.743537
935.487374
928.739863
962.073283
984.415843
982.732743
962.807806
945.524182
953.954963
967.494040
970.926019
984.412677
993.249949
967.548739
951.719832
948.469019
965.600365
979.442491
986.121536
998.636451
1002.230740
991.702387
1002.424545
1028.661900
1046.890695
1068.088964
1077.773963
1026.951303
906.053681
824.272233
821.966463
819.866298
817.708479
825.808680
813.719191
795.383037
793.014043
795.167142
802.091572
819.960360
851.061700
879.827031
888.195127
876.511836
861.153038
840.002901
855.583790
873.083117
871.942776
875.814268
875.825345
895.574832
913.464115
910.379361
898.897365
901.401108
904.450251
888.423171
861.834013
858.253680
873.982525
856.639048
853.155547
878.862257
907.291129
919.961063
921.693917
932.730294
927.619838
918.874943
899.028245
900.083505
908.546216
909.924464
914.226352
910.425099
920.821753
888.656663
855.765581
866.958413
871.285637
875.212961
896.801508
920.980141
926.034832
927.401396
923.722630
910.931288
894.930741
890.978229
912.778716
917.654620
912.165614
920.282354
913.072945
893.426159
900.073572
910.020934
919.324681
917.282151
907.118670
900.525482
911.954598
935.436664
958.345558
987.044543
1019.347272
1011.551141
961.203467
955.570077
832.845786
744.359271
744.157549
743.765709
733.405294
725.220098
710.595515
705.723770
705.393343
704.917164
714.291446
714.420918
693.786239
690.428988
693.783367
682.402836
677.932807
677.318950
696.138575
704.216259
703.070905
689.868289
670.041541
666.905145
673.716222
688.412684
705.593549
712.874267
707.468922
694.788106
692.916028
687.457472
687.373291
708.649226
715.106662
706.230138
711.092443
699.873857
686.641221
689.305387
707.563712
715.517870
711.068273
716.434689
729.455886
740.910358
735.012740
726.957507
727.276461
732.050116
728.050505
733.410730
745.767948
760.991560
788.997103
819.656611
855.887305
922.903353
964.399541
891.042835
885.316111
753.439151
693.874204
669.335811
636.357869
635.155703
637.279312
647.107181
655.790528
656.096475
635.029545
625.836782
625.764337
619.413272
613.562761
613.154010
618.266910
628.770671
641.224749
647.109727
646.056917
650.767209
650.314844
653.801740
663.818367
668.162518
690.710417
710.657070
706.112097
705.777469
708.346516
720.385238
747.460129
762.433076
771.022989
783.885146
782.348362
772.859070
776.858989
813.529831
830.310343
827.763276
822.513488
813.171781
832.700860
845.670611
852.868286
891.661264
912.509837
895.419206
872.220465
860.577480
870.333607
898.240388
912.853021
915.034944
908.985644
904.167309
892.618958
898.279312
869.403712
870.804930
918.080416
919.130591
914.785933
926.731390
906.930793
913.958775
920.308055
918.018982
898.127510
892.414861
929.547075
951.010503
939.438046
932.170561
935.406585
937.971900
933.168388
910.587648
915.707635
916.467703
899.278167
909.980675
909.740797
898.348247
903.891805
902.400936
902.616267
932.680796
972.110954
981.305399
939.865149
937.705158
869.830769
781.488955
712.190471
684.252053
693.153965
710.082216
713.743513
709.901185
712.383060
710.024993
704.472750
699.078327
699.299335
704.100947
701.679639
701.687991
710.726393
714.483019
711.521520
716.365466
737.326915
762.846996
773.990303
783.206454
810.287911
836.727935
851.927067
864.558687
882.156013
886.863964
885.069505
877.407184
882.480993
909.368765
922.292425
920.799505
926.253999
918.150808
908.633000
912.143042
941.450238
968.957522
973.895168
965.710881
961.142189
947.998348
924.999931
910.058846
910.893327
912.237691
917.827464
942.671572
965.201827
964.796507
944.949188
927.993285
918.177098
914.758828
924.555773
944.561885
954.930434
951.830797
952.213818
956.145155
962.700939
952.771488
949.053281
954.018265
972.140084
981.394670
969.315580
953.213861
928.353371
903.689274
901.981183
920.910875
933.147539
930.013442
939.588801
944.991304
947.916416
953.161780
943.689135
930.723216
926.506702
922.396349
919.251834
926.853990
930.529619
929.588721
941.657413
945.025798
941.730585
947.001356
955.018008
977.437919
994.133972
999.975256
988.185119
963.953602
898.317745
805.039695
756.714300
755.723137
740.129579
718.460546
701.555714
685.129188
673.754083
666.230097
650.882052
647.677404
654.011543
651.757110
644.359111
639.322471
644.552968
652.846835
658.256515
658.233036
664.845808
668.717036
674.728448
684.049396
694.211246
709.939562
720.254052
714.056411
714.450782
734.152752
765.856613
784.999707
794.952572
810.055995
816.480324
812.901790
808.003799
813.364645
818.778745
821.182850
820.763512
833.450221
841.184482
828.288307
817.612712
823.760278
831.936556
839.541603
842.299728
854.289927
867.179334
867.511117
854.011085
852.533698
863.158402
863.539345
860.396650
868.335230
879.815710
880.683385
873.632669
856.296123
837.832663
846.384948
864.320711
871.720925
874.833673
877.594856
871.402430
856.613013
851.955675
862.449007
864.965227
859.461706
861.944142
867.008191
881.842334
886.172597
880.580473
857.951571
843.922581
841.677934
853.265998
874.521074
884.210632
882.817809
881.515995
878.415101
868.630927
865.693870
864.874182
845.003532
842.464964
850.755327
853.501296
860.304548
868.969205
874.188137
879.690620
888.826613
904.766708
911.747468
905.106670
904.635283
910.362661
906.316114
908.509522
924.990629
939.959348
965.890277
987.925942
1001.460280
988.251251
952.774473
950.586917
879.317067
786.751299
754.227274
751.592334
742.519359
731.770818
733.844143
737.666029
737.112519
731.885533
728.543953
722.723044
719.693545
732.518633
752.389042
763.701185
770.925105
768.888608
759.001426
767.528251
773.325412
783.924555
804.017939
821.983698
830.483867
811.915275
793.234408
805.275092
830.301037
858.092974
872.421587
874.467583
878.289385
871.965078
859.811315
864.850221
877.286270
889.389777
898.964975
903.618151
900.245733
902.912067
906.822612
910.007575
906.773027
890.442435
885.047421
889.976105
888.361864
900.038995
929.961097
956.792771
958.869164
935.100653
917.720481
914.912928
927.264796
939.888831
932.109201
915.385341
914.439262
916.410949
927.325311
949.581638
972.788872
995.122684
1025.412888
1037.983941
1002.932686
967.607606
957.968038
969.617108
979.654009
986.780366
1003.975278
1029.659826
1036.287314
1035.333217
1043.481556
1049.049989
1054.009324
1068.480235
1073.350025
1072.431495
1073.664934
1060.296948
1064.901016
1087.428590
1104.308434
1100.775877
1099.403937
1118.269162
1134.267872
1145.893079
1169.653442
1177.049145
1150.076681
1067.522872
988.794415
953.556607
952.106397
935.240628
940.671156
937.137960
937.955590
963.667951
991.829163
996.484739
976.972822
960.501235
953.456049
948.625461
966.261492
1002.048976
1035.391626
1041.664562
1019.992305
996.378367
959.372125
952.457505
973.702486
1000.233546
1020.219085
1040.972225
1041.920968
1037.438253
1023.391537
1001.458320
972.298847
924.101827
902.201691
917.181756
933.832666
937.891578
939.521822
940.634406
961.357994
975.848576
967.011321
967.488014
991.827491
1016.768236
1023.380234
1015.360658
1008.597142
1010.336140
1008.588310
1003.957153
1000.268192
997.954851
973.785436
949.555147
960.554188
982.678434
1009.070991
1020.369782
1005.219848
990.745225
994.876215
1005.620067
1015.527463
1005.372008
997.937362
1005.466592
1020.582317
1020.085605
1013.511138
996.566367
1008.355392
1021.080908
1002.098092
1001.038574
1025.637699
1046.949036
1052.971530
1078.522982
1081.600661
984.404107
840.517591
835.264733
835.422334
845.844571
833.589466
826.668602
840.010650
855.229443
872.735999
886.203615
885.518896
903.641534
918.885192
916.184587
923.017272
947.973582
939.650978
919.837618
902.204594
891.643549
907.122189
893.859857
874.253100
855.328409
851.697258
865.128754
890.630670
913.792054
934.467267
931.511041
909.474359
898.480428
886.181043
885.226083
907.567866
919.038161
923.701233
923.379587
918.521975
911.988166
896.334393
893.387962
906.275703
935.757384
945.422624
930.185174
918.506926
930.063312
942.678802
927.569495
921.023955
934.148398
920.899656
910.456673
913.788062
915.649291
933.681321
944.920599
945.362398
960.063302
982.515415
984.853807
975.651606
983.939474
1000.386266
1019.884198
1024.015495
997.416537
974.870383
980.429787
989.034271
1010.553797
1031.310243
1033.911994
1029.138104
1038.074399
1050.519028
1041.033538
1038.330668
1057.703250
1059.582575
1034.546423
1018.150535
1037.405162
1063.175211
1071.598841
1070.748599
1031.209246
901.595757
824.363859
843.574742
845.691524
867.123510
856.249789
805.573217
780.713131
799.226613
811.229784
790.817779
791.171103
809.419982
818.114227
820.965948
806.203411
798.692597
810.289635
817.987009
829.693025
851.291243
850.301830
832.049191
837.006080
839.462010
843.711288
847.193218
848.290820
847.920769
856.294055
871.504867
885.090743
874.917934
867.369990
858.629937
866.776304
865.303902
864.507850
893.032190
915.443967
907.871181
886.423902
881.335166
874.661810
861.097126
874.163619
883.310240
876.353560
869.870827
873.931859
869.820516
866.588649
878.862320
899.406074
889.425095
858.953615
850.650374
860.734453
886.137581
911.324089
923.258604
913.062753
908.985256
906.872178
922.541288
915.282110
903.831642
904.782482
906.251263
925.542122
950.005133
959.769171
954.998630
949.193616
939.021240
946.373435
968.051696
997.000180
1008.122361
1002.204171
997.935012
997.647550
1027.968869
1078.345663
1094.487667
1051.661874
880.072841
754.049732
751.957498
779.085526
790.849702
805.544511
827.708123
854.201906
858.431486
830.449059
819.997596
831.955737
841.434413
833.957633
809.298962
807.069202
819.085030
813.969342
787.318926
780.490085
779.245746
761.974874
749.006857
744.638024
736.484891
724.898449
722.486438
717.009463
720.150024
719.071190
708.891100
707.303463
713.638681
710.432529
712.447666
729.641283
757.430194
793.959361
841.641387
897.208532
914.822224
846.916166
706.274499
653.327263
652.796128
662.193342
675.710701
676.866637
672.934229
667.736525
679.775687
700.398401
707.740164
716.549432
714.351262
707.896869
713.552812
718.452435
729.596912
734.104845
730.569936
739.771614
734.866383
713.755903
713.666277
722.567742
711.671715
703.399126
712.999506
728.019058
724.087468
715.422945
724.051037
731.433048
752.011805
774.141904
778.415672
779.319390
771.306421
764.294303
757.816554
751.789206
748.492948
741.602244
743.827022
755.509718
763.839819
783.460016
783.769205
775.903249
768.316873
792.448147
806.300884
818.820382
824.169257
817.682646
824.551914
855.997569
889.988397
883.046263
850.450631
850.876716
848.554239
820.091237
828.938598
852.806005
848.753376
857.612975
866.641804
870.689466
883.740860
900.637631
889.671297
877.585166
884.448671
883.033731
880.025095
879.448876
896.687162
907.109291
900.277241
914.183941
925.650425
899.699054
866.011765
866.654335
878.739798
870.360098
875.226963
878.350861
870.924666
877.142844
882.818954
874.590915
862.950203
850.789485
841.972658
836.813735
823.825452
818.632284
806.108474
799.766837
809.084603
805.824160
801.597319
796.716011
797.068885
800.779703
815.244122
834.651136
854.742296
866.187822
846.083345
844.820488
860.078548
862.160579
891.937871
915.365565
905.235166
910.435717
930.738727
942.469606
964.545337
983.781279
976.627864
909.194685
901.944922
738.987402
650.220582
662.385884
665.427142
664.218866
680.704688
689.049103
691.691188
687.043002
681.215101
684.274541
690.500564
685.610928
669.528559
668.355607
674.823469
670.157227
651.476919
634.312528
629.026010
628.695721
624.900156
619.046502
623.172056
628.967642
641.132783
644.891075
642.281412
651.330139
667.804586
668.899452
671.649932
691.795682
695.464457
693.743534
711.209292
732.795632
745.214779
754.664907
775.486587
801.076726
786.192830
789.856584
805.694717
797.011102
792.783591
805.523166
808.341169
810.725293
830.775908
845.254712
845.646103
837.787056
835.944152
843.167549
840.333577
830.840107
849.100884
832.428210
800.913795
794.848870
799.479917
759.157522
737.646248
752.507264
744.507642
740.545229
767.773466
791.917690
809.179051
821.251623
813.520159
805.244197
809.642136
823.336836
843.469991
846.454713
841.353433
830.373192
833.415993
835.746197
822.919257
817.851801
809.262814
803.053451
821.971819
836.617154
849.890892
880.592190
884.437497
875.057740
885.881582
894.882499
896.622984
904.451930
925.812971
948.498397
927.070218
881.716252
845.446626
830.325826
846.919519
854.283329
853.449902
856.918310
872.402691
880.625495
876.374651
867.707917
873.490701
887.661939
889.128272
900.755920
902.484006
910.299128
937.790259
955.232976
961.236247
983.786295
999.452045
871.063912
862.868088
705.663046
704.313202
706.737160
700.409202
698.282662
700.881957
704.170553
705.358882
707.383768
699.701498
697.287484
695.195786
683.211735
685.031779
713.425119
713.830133
697.298464
686.698848
681.676735
700.464947
708.050851
697.020875
703.392628
702.419467
711.009998
732.848828
760.585435
763.191528
760.193620
764.188670
775.390983
786.312020
779.420558
764.832337
742.922559
732.326179
750.700389
752.397072
748.822603
760.166096
773.968542
785.874758
817.856549
860.764317
876.371896
848.015879
806.874660
788.416858
793.012848
795.184730
804.905590
803.170990
801.704459
829.823260
847.258548
854.527956
850.868621
825.075807
816.583968
839.196922
860.333698
848.243857
849.860377
862.695090
865.156588
848.011823
858.005454
847.916939
839.986975
843.584651
852.872911
847.427510
855.058955
885.211835
907.525408
906.612842
893.023521
886.921499
886.724644
892.347088
903.915527
905.592418
909.003667
909.034126
908.596414
902.463628
894.643269
887.688738
896.635354
905.353353
932.163818
962.746281
968.361545
943.571829
866.731045
863.955028
785.994361
765.289162
781.352138
773.081639
748.288703
717.656530
715.435858
734.833879
759.391222
772.577674
767.767785
751.246263
749.128788
749.706419
750.339194
754.119166
759.808539
749.013080
740.149500
746.267137
759.662958
774.141842
773.029391
767.327719
776.097258
787.072813
796.553892
815.811620
837.056750
844.095159
848.222708
859.504675
862.128612
845.286514
826.406508
808.092423
786.428860
776.731159
779.727053
784.520403
795.303187
823.542114
832.977567
820.480103
806.892975
814.626107
827.866485
839.087380
853.411451
843.465447
838.565019
826.083427
828.211734
815.902197
799.937542
810.473753
829.464837
830.129992
842.301211
847.487452
861.431303
874.050897
880.159501
880.187501
873.135021
865.301574
849.138340
841.144411
853.170526
867.979193
874.252984
888.068072
887.397763
879.108347
875.609125
893.650179
907.282876
908.299730
907.767246
907.426080
914.132022
912.964895
906.806818
891.631225
878.270035
902.591639
927.235478
924.159526
921.607312
922.764248
948.120494
953.229903
940.616519
949.057637
972.665561
1000.078979
1007.852405
958.397071
956.291487
859.820663
791.270278
770.561357
780.997212
812.865025
830.717911
819.181976
807.609198
809.557787
800.394664
806.130289
817.225572
850.834126
861.901724
839.084385
798.051012
780.172381
789.909855
789.255052
792.667334
795.831178
797.349880
801.579920
805.245387
811.034916
806.343226
797.436998
802.913175
806.518744
810.680623
825.622441
816.156702
803.526767
802.226477
799.584089
797.188831
791.345890
807.081252
824.708164
826.190482
824.208472
830.703829
826.374357
830.646787
844.445956
843.245181
833.285109
822.153780
817.821380
830.667129
826.700904
825.036446
866.761487
870.939924
830.471035
816.741803
830.039683
831.975703
848.041315
860.177392
854.096728
867.588349
869.768644
849.353316
837.588825
851.609733
847.345488
852.325901
870.860614
869.602409
859.938654
854.264097
844.689236
851.275381
862.261878
875.223855
876.692273
865.553969
881.487287
879.136924
864.890044
866.176380
869.599332
878.588645
866.687344
862.166225
864.499866
877.004449
877.165848
886.051510
893.698534
885.098434
908.525764
916.139924
878.438863
877.094230
823.979525
777.811098
755.475340
768.638606
763.465313
743.762710
743.008865
745.697935
752.190391
763.226042
777.472665
753.699762
746.219791
770.019898
778.022634
774.947893
778.562045
795.417045
804.149838
777.120523
744.027960
732.175718
725.088537
724.036238
737.486833
741.947328
744.970125
737.202824
730.579896
722.170381
711.212301
719.105514
729.469205
737.405547
749.996005
747.513224
720.828382
698.395634
697.692849
727.624607
730.493375
738.039564
757.271464
764.112409
754.226873
748.855416
733.356485
719.411496
725.978409
755.399371
763.078032
748.709125
747.160954
755.834795
743.837424
726.298219
730.974036
729.122633
730.287788
726.041750
719.565963
736.420554
753.711659
763.674964
759.262467
742.417300
741.725302
753.027775
761.105862
770.387308
782.117931
788.008462
781.987264
779.744960
768.619473
738.238890
740.071193
762.955295
775.901258
781.280659
774.534332
763.627153
774.792005
787.919373
780.347422
785.037798
770.362655
776.244380
821.768459
849.601007
831.206238
787.460016
786.054446
741.936983
756.556463
782.111536
783.999208
760.384149
761.444098
743.775244
719.462278
718.669739
730.283030
725.238060
724.293276
716.080304
706.331547
714.005405
749.839039
773.115773
797.473353
790.265792
752.054069
723.848748
721.862536
733.857670
749.386511
755.718941
745.159094
736.390138
722.014788
713.259105
746.050158
769.301796
771.821092
763.160577
759.678709
766.503317
763.239750
744.206025
749.431885
744.386006
741.673112
758.064434
753.166486
761.232339
778.502264
786.449672
774.534810
764.555741
756.447083
752.950086
755.324831
755.482717
767.643771
764.801921
740.425993
729.046192
737.201158
739.838352
725.591666
723.493829
734.166368
735.446139
753.573982
758.580405
732.131371
717.177600
727.570079
721.798094
706.452742
708.047611
715.467337
720.887426
703.852682
691.437207
697.578540
707.857628
698.813357
689.976037
713.173597
708.229294
695.519581
701.107554
705.921373
711.616155
725.608969
773.600833
834.789751
868.675780
793.094115
789.555102
670.702024
654.565689
673.945502
684.975141
697.501271
693.272141
689.207891
709.544666
725.111718
729.767885
755.639372
781.580216
784.345254
779.090497
771.290379
725.032242
712.335401
723.617369
717.414379
727.103953
729.917743
698.787479
689.919695
711.223619
736.490197
757.571634
758.958182
738.042672
716.490706
722.245548
735.063757
737.153420
733.423532
747.821151
742.219268
719.546275
714.620996
736.471518
759.626255
750.757340
733.411599
742.415753
750.461349
724.904354
727.794980
726.743892
726.816402
733.420147
731.787495
723.414300
723.663364
732.162196
761.025369
755.401389
731.133723
740.846061
753.404875
764.554784
782.590483
791.303773
779.544252
766.074681
777.029554
782.632978
776.744399
781.496537
785.826690
804.651567
820.131602
823.401288
824.121970
870.304398
916.900116
888.991020
803.292409
799.391922
694.396725
703.979665
739.180298
747.425114
718.160703
696.526872
688.625727
688.869399
707.130002
703.159022
723.288158
729.711776
720.839663
728.358200
731.041154
710.710307
706.621748
735.851633
736.983031
717.648855
720.149971
736.891925
733.515688
729.516123
718.126883
707.821396
724.671805
742.362849
743.189369
728.676995
724.559976
717.309787
726.694958
730.028556
730.097339
747.644671
752.566011
768.799611
752.270592
764.297888
771.121400
775.953721
783.026011
772.910005
786.188979
799.155983
775.994559
780.991619
796.970768
794.621299
795.585825
810.218288
844.924143
866.589704
868.384245
867.389893
893.156701
907.319890
902.544296
895.768648
900.996871
922.725919
946.743580
972.612253
940.183905
938.238601
828.966836
746.694620
739.784872
731.184874
731.284628
731.314642
727.229616
715.662879
717.317846
735.146926
740.992886
740.897029
773.356094
776.175989
790.804765
794.032870
779.903644
768.957319
762.944096
767.685786
783.468300
806.575343
815.742661
818.466337
835.832875
840.806186
830.313894
805.340418
804.842786
815.336567
789.510291
772.219582
786.458393
815.777153
836.212979
837.828943
842.516078
839.576844
821.689906
817.454784
829.110212
838.543428
830.320409
822.283275
828.365704
831.104939
855.899956
872.903836
874.809902
872.829050
851.496382
846.235354
855.171484
862.235753
868.941869
858.005368
848.630037
836.446641
855.187015
868.676762
868.428162
870.395134
897.948961
911.922082
897.939313
896.814967
800.978748
687.649817
696.070371
723.897031
725.387490
715.995649
697.126868
706.300377
700.870433
704.395367
725.654137
730.699279
733.517936
724.678376
707.541766
698.365133
725.629179
759.493887
776.983438
767.351856
757.588522
731.733068
717.350509
716.309988
719.074628
719.716589
708.920396
706.939558
709.050879
718.059238
723.990007
730.339119
731.320752
723.309620
706.404829
690.760334
690.059467
694.963892
714.629027
733.651841
741.499066
744.086659
735.228495
718.271535
720.279145
735.091496
711.282996
683.563602
694.597500
711.682101
700.840937
698.533522
705.395263
716.940077
724.629959
748.967605
753.868163
760.479853
770.717711
782.084832
813.528717
839.973604
847.012871
840.701106
829.619606
760.071854
758.352617
681.275726
652.255028
620.176156
612.129456
620.601702
603.131085
606.108024
617.789720
637.086115
656.191501
677.803132
688.417963
674.004017
643.543533
637.361444
622.116640
619.533279
617.179312
614.781937
616.728701
593.607946
593.654479
600.956509
606.792918
617.019984
621.012936
623.341827
622.073071
606.053135
609.306406
637.451895
642.177746
624.324110
628.525643
618.816280
619.193587
645.633523
642.585244
634.335891
643.564911
659.827667
649.594943
639.988252
654.324966
677.727556
691.421990
682.006345
699.985975
720.544800
739.898629
757.739402
776.171983
789.830216
783.488869
701.094621
629.065509
628.023392
611.973211
606.552962
576.232892
588.666572
592.807310
593.570644
597.106591
586.982920
589.592453
596.152235
611.802614
608.458372
608.325197
628.159056
642.722965
616.961225
594.161974
591.335515
600.609663
623.191464
628.894442
616.881335
622.406362
660.030296
678.810783
669.811782
652.391335
656.951542
686.221056
706.064122
691.884301
685.093082
710.426026
726.485769
739.391259
747.985662
743.253904
747.278383
744.686652
736.274927
749.438658
755.956242
768.232091
765.131186
776.673922
805.026322
837.544580
861.557498
892.376607
928.809656
950.260955
935.093837
868.571834
801.558028
800.657692
790.192304
768.554763
766.818978
771.002104
762.884193
751.000642
742.073916
732.644476
723.092770
704.700794
707.190426
717.408655
740.648961
768.649034
767.683310
774.093373
789.227612
808.185043
799.796433
787.877514
771.299834
764.167672
778.401885
766.388516
745.797104
748.767227
736.459520
743.877572
762.169635
755.879915
749.911657
755.848757
750.684746
739.098184
745.247741
739.208035
735.986535
753.893725
762.558513
758.943748
751.167363
756.296064
778.213625
780.105728
766.634002
746.942147
727.184286
723.830810
733.659649
764.504149
761.474385
752.366216
763.779020
753.846035
754.764312
782.542145
805.180921
772.313029
762.069341
780.300788
772.571123
781.431412
805.094137
798.783118
794.090169
817.343149
820.235334
825.981635
852.001960
884.787605
895.885327
910.976429
857.340132
704.252157
701.296450
667.192834
699.656071
717.396731
707.332872
689.763499
684.514356
682.243702
690.657622
667.843668
675.313635
710.252091
719.650877
720.165035
702.188622
684.659848
671.704424
678.999666
701.052302
684.358844
678.465091
682.625388
701.745013
712.406562
709.117403
728.389794
743.979336
737.877407
710.769848
749.631441
773.737615
758.659574
760.937921
787.087027
836.086451
880.647522
893.671283
864.192893
839.967641
769.516316
765.907317
675.168274
691.458065
703.139102
692.785509
718.499862
697.651077
712.643340
697.757127
721.553740
735.597890
724.621916
724.731815
711.387045
726.862230
720.829634
698.205561
710.977509
733.288588
742.696317
727.620825
735.587407
748.610640
729.189464
705.823650
712.117647
724.099954
728.888733
733.722883
748.487183
760.808602
758.599941
776.750306
795.835863
798.135187
768.639207
754.542431
749.783050
766.363293
794.096526
807.486996
788.861517
799.224204
813.678905
804.173626
819.581731
848.178820
874.735840
926.995755
971.302303
981.836674
981.866700
866.493142
707.790750
705.160259
669.543773
678.068201
684.553619
666.264443
668.100713
647.280602
659.316328
705.122292
751.372789
768.644589
718.045771
677.467868
698.492642
706.121107
707.586949
717.897773
707.174023
695.344582
687.344241
699.628503
722.343698
729.821378
734.964934
725.516215
725.681799
749.658570
741.669681
738.308319
749.917150
745.333663
758.283580
755.460056
767.196294
804.162850
829.981549
837.884224
835.840873
858.893133
918.104166
941.927151
923.385017
877.309868
873.798535
743.745686
654.699385
676.393441
705.353740
728.526116
738.034468
767.436499
776.274465
767.500183
746.102011
755.813639
763.364416
741.158862
739.819441
754.744192
762.018762
769.675021
777.739628
783.363821
769.583674
780.841020
820.439215
821.205571
836.349348
878.133487
926.611212
938.768576
953.166956
892.056200
888.193230
741.952059
714.735611
738.511282
773.945135
757.757106
769.718527
796.079791
830.188492
820.735047
825.402561
818.131919
787.045478
777.252818
793.791323
812.435391
802.424652
781.344407
788.614536
784.341398
744.737284
736.593991
747.244713
761.993147
782.174590
819.905295
843.062279
827.694616
810.302077
793.208393
776.875753
783.965769
786.537292
791.078317
791.053452
808.102204
834.828116
835.283720
848.728596
879.702253
924.662914
943.001630
955.481890
950.722749
829.998030
821.259275
706.822980
694.176093
704.910537
682.280105
688.940503
751.493097
831.664106
895.879040
936.438150
895.987498
883.742896
706.563165
647.778257
676.919716
707.302471
723.085065
734.568421
773.781274
812.363057
877.785315
916.246951
868.446820
859.951011
712.984538
682.125516
676.678659
670.809670
704.355844
715.267034
681.284881
692.827881
688.577533
669.491231
709.845530
744.526692
758.807977
807.922924
848.406851
884.004927
911.760063
858.699887
852.726715
725.494098
694.912162
710.845507
699.093250
693.828509
687.615349
728.524577
754.651211
740.819557
752.178418
759.461601
759.495523
770.643474
796.445556
814.465155
834.105096
857.324131
888.831759
925.851674
953.951848
972.276203
867.342582
860.750822
722.484169
713.104777
713.147707
703.131717
687.030558
703.351987
729.412829
724.172024
708.924096
714.069840
720.708656
738.932506
738.379259
734.373034
721.592397
726.248338
776.191263
813.886132
821.611501
830.261207
842.382685
840.159925
852.806220
867.396773
889.054617
934.047958
982.168558
1011.190992
1006.572935
915.161419
911.759438
791.300864
768.093955
779.090379
750.577867
748.194014
744.266328
720.570010
724.773652
723.741099
706.274659
691.138779
673.833226
677.433397
701.831703
728.815208
730.309779
710.440149
704.668724
706.048991
696.874121
708.973238
732.483551
739.152920
752.651309
756.261027
739.475344
730.084351
733.645407
737.869973
740.951815
744.286055
762.150067
752.126052
753.717349
761.384296
759.438144
765.986868
769.816888
768.478654
772.019960
783.300325
784.507804
783.592035
795.649606
794.801278
770.439683
774.993139
822.350752
838.557314
831.979952
841.178796
815.951187
818.194461
831.599174
834.914209
841.358172
828.109395
852.803964
865.455893
847.480853
856.196261
915.401427
959.825890
977.277506
980.515000
966.437171
870.771262
868.801843
772.345728
727.549271
737.036866
722.224253
689.798173
702.904049
681.587216
690.837161
695.012570
700.038317
719.959010
705.547954
693.500423
742.135899
750.357714
723.771769
737.205598
728.895539
699.225711
705.937489
710.390068
682.275445
670.621074
683.591573
677.938215
664.568127
678.199974
691.998575
689.352883
698.456024
678.369761
667.121358
682.062888
669.566864
641.226018
642.522238
642.261182
629.573861
625.834032
630.087392
622.278604
614.333110
621.850148
625.101777
620.917105
619.767848
623.926220
634.039073
625.586325
629.474061
633.936271
630.291229
642.769445
655.661586
658.919634
656.627440
651.809691
653.766736
662.306336
679.018248
679.088966
696.181039
696.458718
694.815432
721.611376
735.410618
758.862468
782.379911
781.367126
816.544782
810.472515
736.423405
734.973240
680.989326
687.848392
671.848081
660.448538
650.108435
646.579234
649.614111
641.491191
633.205275
638.000918
638.175577
630.954019
626.257490
624.176570
641.229188
644.079757
641.458826
634.334319
637.225118
637.966509
648.443356
652.111553
648.731124
657.175930
653.048347
649.018681
664.043473
667.788236
660.147741
654.790255
662.093917
685.877985
712.506130
712.619462
693.638209
693.823375
693.557325
703.592395
714.228309
696.833244
711.003176
728.259360
714.496064
723.056181
750.933379
767.564073
747.312606
747.582214
760.377367
794.488327
818.073228
839.365686
887.153903
904.434143
921.296604
842.365010
839.845206
706.743096
676.390045
700.550728
687.091902
661.189883
659.026250
645.071770
631.386601
646.803595
673.623087
694.902168
675.719182
669.353364
665.333493
647.071943
641.898321
648.433248
648.402007
625.819266
602.681653
619.640639
631.015134
613.688951
617.107719
632.209742
630.104463
614.403236
627.676110
640.986420
627.287292
611.658690
616.276663
621.821266
621.058153
629.036324
649.860869
647.903132
632.087926
634.751477
638.695135
655.042151
639.743801
647.675655
652.854669
637.373080
628.632797
656.727418
663.031920
665.585701
676.434862
671.871461
683.962637
645.242523
657.026934
685.459095
701.849626
699.583744
708.705756
739.363649
746.740522
772.707372
841.217280
804.122355
688.050430
685.948133
622.950658
607.601571
614.242473
604.044518
588.523863
583.823300
585.462999
607.018152
609.773314
618.841663
613.019356
608.071401
640.068802
650.345435
645.053598
604.270195
585.822705
610.255723
635.389500
638.153853
637.065200
640.842323
645.689636
645.068757
648.170927
636.320996
617.449384
616.831944
640.723744
665.525271
647.422467
629.026076
654.230581
673.508693
647.204460
645.380579
654.633275
668.410181
676.194868
680.305688
686.704492
679.823704
706.391173
755.222418
776.298593
762.403574
765.575469
771.451755
793.286482
843.935645
917.344136
946.995027
909.452772
825.358775
822.572754
714.887800
676.507187
713.913307
709.512487
690.946238
687.943337
677.824358
679.242666
667.639544
650.340706
655.931458
674.562670
711.162281
723.059651
697.492557
675.690305
667.750035
706.573387
744.154907
742.636056
730.985925
740.783823
740.865712
743.875737
753.112619
767.346675
781.715319
793.124392
797.996785
776.723697
774.426273
779.427101
804.488689
804.852402
817.418794
816.803900
823.232634
846.121388
863.666889
878.116487
925.644608
950.171078
873.307215
869.374421
717.334963
676.549899
722.760531
733.555004
703.386935
694.279039
701.041565
726.220467
765.853480
759.301314
759.217999
742.771272
734.972481
739.458126
750.750549
767.075094
764.372798
758.458656
750.613969
738.498224
732.995606
738.826154
755.518163
770.035692
766.791265
778.046611
798.009898
815.818444
804.584053
796.991202
791.745109
807.768574
827.838598
845.786484
858.720472
867.530427
901.211650
960.139691
982.583715
917.022890
913.903151
791.482428
748.239404
770.121116
798.676554
790.776488
792.972671
785.088981
770.248799
810.309270
840.788272
866.699143
866.599490
841.751089
816.067804
836.106890
871.005904
889.324394
890.250741
878.924924
875.216353
902.558667
941.688380
954.025689
924.766300
898.612620
928.102160
959.255455
973.380603
986.816507
984.705685
987.133181
985.303057
986.496335
964.301718
977.666412
983.719581
989.091767
1001.755665
993.168984
1009.483356
1032.800493
1056.699595
1076.476622
999.221583
995.429237
833.453391
764.213519
815.117957
832.952020
834.981843
816.028063
809.755905
806.012324
835.215248
829.542502
838.720408
864.749471
853.263642
852.353545
840.371878
820.476587
832.210301
852.876776
845.968790
807.412644
809.106787
829.369649
830.714735
816.090419
805.597608
794.949760
775.411702
759.921598
776.172564
789.852207
771.945387
741.836077
732.687063
710.820646
699.205140
708.558597
709.566095
717.201693
733.701837
749.301033
764.980408
780.553572
756.694253
682.360307
678.156039
564.902811
545.905460
548.900895
549.034370
563.248338
555.197116
565.746434
621.083843
642.765956
594.931945
611.735170
653.857570
703.681632
790.352035
810.567515
782.477438
760.446237
830.231654
NaN
NaN
NaN
NaN
NaN
NaN
NaN
NaN
NaN
NaN
NaN
NaN
NaN
NaN
NaN
NaN
NaN
NaN
NaN
NaN
NaN
NaN
NaN
NaN
NaN
NaN
NaN
NaN
NaN
NaN
NaN
NaN
NaN
NaN
NaN
NaN
NaN
814.406656
759.693029
757.664844
718.701451
685.169824
657.252462
667.361671
666.944060
664.792895
654.801922
651.077594
659.019350
660.909062
678.496571
699.041782
714.984165
716.231519
714.026918
737.296262
746.849604
743.152949
750.527256
754.793321
757.235442
763.463389
778.688771
775.608452
770.437365
783.194757
803.413274
799.753494
784.010118
773.184722
774.099117
782.981926
792.335920
790.547864
803.904857
820.418056
836.714425
853.625085
858.414662
867.099827
895.849586
919.011295
934.347632
943.449764
949.453113
959.529057
914.364418
912.625300
854.258455
828.966569
812.758139
790.894522
799.104549
804.695711
815.389007
831.572997
843.288773
857.345637
866.858088
868.722687
874.793583
870.697285
874.384130
887.456688
911.763233
934.215797
941.557617
933.360156
932.956990
939.410711
951.663893
958.603580
961.109032
983.954623
973.643876
967.957773
978.349638
989.628299
991.845452
988.702361
992.913965
992.997323
991.861782
994.948120
980.236065
977.954353
977.852835
966.986105
922.220762
892.632049
860.770534
832.949273
805.645913
786.562897
776.636730
773.467896
770.267609
775.252340
777.707769
776.963286
775.535315
787.378979
796.813516
800.140241
811.197885
820.835009
822.387412
831.515347
836.689496
843.731089
846.343792
847.420679
849.552351
859.891463
853.264841
847.262280
860.242805
865.428955
854.977743
846.529095
828.998648
820.633898
811.589947
810.686525
759.322803
709.529302
687.297290
648.338710
627.426580
632.811360
622.942604
617.480527
616.136401
604.474279
604.503137
612.330367
616.231249
610.847710
614.220377
617.681193
622.049953
618.907122
625.315395
643.852384
650.459768
649.026986
650.321356
645.633254
641.411854
652.200940
670.035145
685.715231
695.177899
697.900514
696.483791
700.248128
702.208649
708.626959
722.448513
744.579852
764.018636
787.367005
811.010507
825.194387
829.096570
843.518625
844.329084
788.293161
785.720372
721.309351
685.602240
669.183637
657.996468
641.630822
638.336484
635.927328
631.463354
634.603536
633.519408
646.224228
650.813989
655.062657
669.574597
689.422042
705.820711
718.850718
748.326522
780.727891
797.418072
798.927820
791.340893
790.248805
777.883154
775.981330
730.130985
689.953476
687.374147
681.594699
687.756661
709.628421
746.744205
784.932525
815.851296
831.813002
836.081477
833.442221
837.636286
816.279693
813.838800
773.446035
737.901569
716.821067
701.685569
699.715827
707.835390
728.451639
747.906171
782.631214
818.449592
835.567543
831.393892
835.807043
847.243765
842.918040
841.733884
791.816608
767.035873
746.487240
742.086566
745.362925
725.811976
727.829880
737.437015
740.366401
726.839707
711.888209
721.232972
723.762845
729.123118
728.468351
739.512805
761.335156
768.406691
773.389195
765.557697
760.674060
764.414585
777.404883
787.111424
794.469275
804.538921
803.337914
807.747362
821.653500
838.849896
843.152985
845.599414
857.914665
886.981420
899.142549
902.942987
892.670634
885.943404
884.091907
883.451840
848.273337
779.624383
750.058945
730.029485
721.231366
709.921515
701.843619
710.827916
714.468637
705.189410
701.889515
714.345885
719.359097
732.586525
748.028767
753.897258
755.074211
767.563494
794.491213
819.940392
840.900103
847.718908
848.963433
858.960997
839.167829
836.886141
791.832406
752.714721
728.528187
710.602134
695.077379
695.491588
719.635028
755.707181
775.394099
774.862549
767.576543
788.793310
783.178581
781.638280
748.781159
713.321538
691.826335
683.975754
680.938436
689.107434
702.778282
720.333975
728.260707
735.638839
749.255825
767.738898
776.833682
793.939730
812.138327
826.271422
832.561354
828.394876
824.279480
815.813031
814.732912
789.350020
758.657632
718.259721
713.521263
720.452369
711.276698
726.892551
758.605973
787.327947
812.856949
831.646433
833.554073
817.077738
809.591388
799.539328
798.628371
774.222806
731.401824
712.053073
712.649057
713.221883
717.029091
712.060810
721.824239
736.236217
744.143077
747.938334
762.910004
791.737148
836.169565
873.131395
887.357233
865.447608
856.271967
835.560258
833.924690
799.785433
751.797717
711.717548
703.561491
704.227048
717.614892
727.787993
738.208881
766.849097
816.821460
857.919477
885.521285
906.756187
907.686584
901.614605
889.013349
887.456240
843.237698
789.652406
735.404140
694.502414
685.911161
696.426725
703.214935
719.114971
740.143044
754.219136
767.977178
784.014089
800.219034
813.180395
844.885280
871.479945
900.376978
907.697745
904.689322
906.145445
839.637634
835.401199
764.670556
729.575606
727.214398
724.942833
726.037304
734.511489
750.592849
740.530193
742.279062
774.604450
804.671280
847.305012
869.199531
863.403644
885.791399
917.905797
940.327997
961.931253
969.280303
947.709929
924.608386
922.399777
841.576797
768.143720
736.244227
725.697130
728.355604
728.185585
727.919020
739.332555
744.171467
763.905440
786.497099
775.979378
784.870817
792.195926
789.717113
784.528392
782.938041
777.837826
776.029889
773.386122
790.507855
816.285386
834.019416
846.508152
859.329402
887.455714
915.575530
906.319087
908.694489
815.503744
803.535508
734.588384
774.699829
803.286925
809.688294
707.233408
693.537342
643.976130
645.642905
657.761812
680.129503
694.799883
703.199504
713.265295
683.524172
668.295307
685.606349
689.240692
699.031247
724.751669
741.637115
781.556774
808.337660
825.614713
841.508766
822.111699
691.194558
684.192062
584.702410
573.687930
574.750918
573.994739
572.458847
580.188971
593.128726
615.422454
615.152759
624.623268
620.067106
631.694101
649.390186
647.817951
664.146623
698.141933
714.801637
734.328731
738.810328
753.863886
790.988720
804.300885
838.260556
829.853097
730.652449
724.941848
611.969432
591.588063
602.509998
614.651835
611.545910
598.127338
598.586733
631.491884
649.413341
653.632253
643.905862
637.938938
661.309391
698.017983
701.614777
702.638482
716.304513
717.118020
723.213057
737.443815
776.737387
817.893989
880.133721
865.917113
771.026255
764.225077
636.618552
629.278387
637.394943
606.752996
595.318499
610.294192
635.653700
648.622703
631.334409
639.424496
656.435918
654.300016
669.633655
705.861312
741.940947
780.942003
816.087108
849.534061
801.864567
719.837987
715.387319
635.261707
593.903064
591.925132
604.336053
596.832068
639.384549
650.705781
645.496778
671.432571
679.439850
685.985180
695.011741
680.449533
662.418935
663.360455
707.085472
725.709038
701.613811
713.448884
715.444787
735.013723
787.011238
760.014715
720.907898
716.341083
589.285557
544.423473
568.972829
541.745138
546.312459
536.798039
543.364734
565.278702
568.394871
580.710088
616.322735
625.281959
621.438198
617.393342
621.760693
631.854004
636.575202
660.468993
735.156255
796.057626
794.733205
744.295910
736.643525
596.780426
542.881239
546.590018
569.020924
592.962110
600.964443
625.283170
709.362771
772.752052
813.522792
821.568102
801.816857
702.300615
693.541435
591.407501
577.574147
593.038792
584.198026
590.071176
594.836516
654.530775
705.091227
697.129733
683.887500
732.910927
787.954496
833.401527
830.047798
783.577369
612.536981
601.627558
504.617034
524.712036
539.939698
538.133518
529.152475
532.347666
574.591115
618.948977
642.787884
648.067290
723.299724
814.597975
862.637360
867.545521
804.974200
627.090365
617.513700
538.074282
593.622085
582.097207
569.590127
588.073200
622.348410
670.928167
730.094660
736.254828
671.913463
665.772718
701.986995
733.153837
739.112936
741.511919
774.279490
789.281235
777.115694
808.263976
856.468477
770.863173
612.614652
597.006244
510.542934
508.992891
554.345605
615.442495
717.737929
700.006698
526.361330
516.177691
564.448239
533.223255
543.508096
620.846736
740.257040
821.228821
637.024673
453.308383
453.298921
522.974060
525.423096
569.009050
639.605626
748.637333
668.307226
476.363283
465.268796
472.099215
516.999479
514.393112
514.716583
525.830782
541.424945
553.198739
565.687680
591.016945
632.719377
711.576673
810.803590
773.993883
645.356196
542.298987
540.521273
580.515922
618.849778
601.895680
570.608493
572.809478
623.055400
652.643554
665.425717
715.581702
737.613009
743.299745
777.298615
818.019019
861.554309
735.392199
719.320444
513.248127
500.546384
550.819689
540.259502
522.803534
555.716116
619.293118
696.269877
750.990612
784.754975
867.317084
923.058548
772.993420
759.317455
530.969344
562.498116
612.990756
604.912682
598.752938
560.372480
682.897125
746.934968
686.506030
665.001519
641.795236
673.746796
758.876717
761.856142
705.313438
692.312884
708.554819
733.316612
742.562238
729.084517
730.380885
728.054297
730.605808
761.604473
777.820420
771.821758
796.976298
868.656483
912.950220
809.329786
803.131113
576.410775
589.281286
676.241273
691.159250
710.111116
641.390730
585.725977
631.575659
594.814887
605.749334
661.857880
687.656009
681.348882
693.573310
685.188886
636.558165
631.252963
674.016226
713.532740
731.174144
723.429916
724.914422
750.138370
785.236411
830.009439
864.941261
849.342440
804.117819
782.692177
805.905485
851.261144
865.834764
846.737012
873.804253
898.587573
905.439926
928.546692
962.925948
989.548965
1014.865426
1040.822761
1062.445422
1010.005266
789.005334
653.253109
652.386214
681.789694
697.737484
679.856411
709.883677
733.577973
763.159646
758.767731
752.917820
780.872960
823.515705
847.791975
860.858475
919.596295
988.713655
1047.657756
1061.131271
994.881944
803.244117
794.584172
715.124070
726.238370
736.091710
757.727538
750.805219
736.524995
763.219129
815.732634
851.959979
816.152287
795.147491
811.162266
840.374643
887.896202
900.300487
908.536735
921.233072
917.625253
917.948368
945.959710
960.604038
1003.619580
1030.774803
1055.077025
996.902076
836.224101
689.579112
686.513576
692.788934
749.599805
740.880423
739.413076
762.272824
742.003220
754.494510
759.240603
785.406080
810.781507
831.338856
866.918953
883.684138
869.277268
833.336382
809.880791
850.657614
854.250857
857.529480
854.128197
864.928799
879.623516
895.543782
903.432430
887.752271
916.544828
938.523571
951.104508
966.936960
984.671138
1005.705458
1008.961342
963.938241
807.170674
679.259051
679.416926
685.347045
673.694952
672.152817
700.555634
731.957635
746.891512
757.827979
774.770346
786.701694
795.240624
807.861937
786.135953
754.337375
770.858924
780.676570
788.288190
792.909371
785.868964
783.202196
794.338053
823.653834
823.033886
813.378950
819.076838
833.062412
847.138097
849.779150
862.691104
867.432335
888.460414
894.583560
918.087469
895.703851
785.995050
780.200881
732.610909
760.855104
781.183823
763.726635
758.417441
801.269609
864.862139
909.823977
913.552586
843.380866
832.900852
673.486050
657.971609
677.491739
690.147768
687.441975
713.142815
752.595050
764.755028
807.820419
828.940449
821.347821
831.725343
863.041689
913.752001
947.687377
911.811148
775.413058
768.451963
662.041836
621.934252
613.545913
657.393207
728.203927
798.560640
791.274824
740.234788
682.370398
678.445292
693.299355
703.305076
714.069269
725.820206
743.702679
755.721436
763.546416
760.116478
756.952409
754.674380
761.793150
768.201446
780.249955
812.811690
837.525293
862.396626
856.401893
862.796387
861.210365
874.857972
907.139565
908.535758
911.462360
926.306033
924.154848
878.532339
875.785532
772.097249
672.018557
646.852212
648.857800
665.590711
713.686891
734.168189
734.704660
716.667133
719.228617
733.110982
752.219292
756.397142
752.088363
737.128506
735.292022
740.696256
761.591445
796.319525
816.516646
825.225701
807.549670
807.444509
823.706114
827.520538
862.265117
892.765220
898.196889
897.969028
898.199308
921.544831
951.238426
947.134485
906.103696
902.405490
774.915230
700.065693
684.629401
700.826466
706.915793
695.100133
668.401960
691.788140
722.274498
732.371974
733.646095
728.781093
720.761236
730.202745
749.266576
761.905970
757.635277
771.008840
808.743916
821.219656
834.916659
867.254316
892.274590
916.777179
929.088833
921.787666
894.751202
862.469936
859.836959
746.329650
638.146123
627.602545
650.453110
668.581857
680.093659
695.311559
699.920142
711.195740
735.476804
744.467129
732.687826
714.639981
697.413196
713.526882
735.885642
751.512588
760.357891
772.387227
789.537817
780.596218
781.448383
804.749076
815.754374
821.501257
828.046857
850.988157
868.269504
868.321171
863.214695
878.467531
883.869437
876.945366
848.520192
790.155523
702.111117
699.450505
653.457963
610.215368
602.201097
608.112855
622.340240
639.632558
664.181641
687.204145
698.103953
693.993405
690.769028
704.734266
707.742620
725.009250
755.900153
779.475568
794.338468
812.144393
830.651491
830.060390
816.460451
807.463105
771.648784
721.948726
718.872676
638.105765
627.764142
640.083166
650.162645
656.003342
662.981003
654.410577
628.932141
628.658368
634.170170
640.828340
634.510964
649.876177
670.355432
682.508934
694.394022
698.462897
717.875620
741.319189
751.961685
737.687880
761.501051
799.850885
815.206559
820.694303
816.209692
775.779355
711.525223
663.912852
674.422684
674.471420
664.406051
675.387875
693.830673
708.719340
694.445757
690.827233
692.752924
703.373574
704.115852
715.688544
726.978937
741.923299
771.840603
790.382307
802.439124
806.650002
824.994974
825.690634
820.166498
809.491487
789.828994
744.151279
720.237976
718.510384
688.563020
669.922632
668.360232
681.368556
698.827105
723.274435
727.876481
725.188297
730.594329
746.263985
735.939108
722.564289
722.660983
736.608146
749.424119
760.393597
788.854035
813.251676
806.057999
798.032067
788.159824
776.600202
772.762368
739.704588
736.486242
690.574900
679.801160
662.183408
689.748979
694.238093
702.358752
701.849867
687.370372
677.818279
665.507027
661.659112
669.837215
675.275880
691.568582
715.212946
738.795819
758.965686
791.071960
827.828001
838.977059
824.178288
815.514769
819.423348
818.016441
764.955133
711.194410
684.534455
670.119043
655.048390
669.277383
681.123336
693.218695
716.937130
742.458534
760.259245
780.449968
797.446875
792.416465
761.058485
730.269081
717.209103
716.189068
680.956846
648.470009
647.632290
648.571265
641.074476
635.582625
645.437807
643.678219
644.740969
656.738645
663.475456
676.390845
696.401820
714.015428
731.611312
747.503667
769.732871
780.444361
792.106335
817.302407
826.877311
807.565231
784.609384
774.820414
776.484335
741.492693
740.109334
714.917012
701.004214
667.403333
672.305321
661.991344
664.426137
667.013019
677.813951
686.305262
700.364662
703.717944
705.544469
708.327046
704.231566
703.021527
720.044665
723.015553
713.947779
723.665767
734.498368
740.672317
751.395009
755.588153
757.976359
762.809989
775.877880
804.781903
811.702259
823.971259
839.492608
852.114427
863.802144
871.998837
867.120659
852.506933
839.495921
801.627544
778.262657
777.941838
776.897001
730.993091
700.559706
678.796833
669.611893
660.582226
658.025280
651.432230
660.695406
673.781153
687.182798
692.108019
697.250466
701.414019
712.805101
731.436566
763.872140
786.725973
807.796605
834.257793
833.666072
825.806416
825.116496
811.951653
789.775327
759.298154
743.049880
741.770870
722.569606
722.007092
711.410840
696.749783
692.522171
698.267075
696.173796
706.987200
722.588837
715.980698
712.787214
719.803447
734.984495
754.020092
759.639093
764.913755
754.710951
757.309469
773.005514
779.508488
786.365086
786.598157
770.478786
753.619895
733.722657
714.140534
679.119610
677.623997
645.787541
613.860889
588.669795
573.946012
546.377285
543.170212
530.134152
527.267034
527.267562
521.493047
522.580238
520.351346
520.938136
512.125467
513.131673
511.771913
511.108242
517.915110
525.017142
528.656626
542.005072
567.759675
582.367892
595.842591
598.325554
598.024350
601.582352
604.619490
602.082365
603.097148
593.876123
593.767538
588.426909
576.580768
558.892309
546.577772
547.388394
551.052709
565.336779
566.250599
561.656084
579.891867
580.131669
588.867690
595.226356
590.796718
596.180981
607.108092
598.589016
591.990302
591.463429
576.738289
566.617740
564.534134
563.061765
568.707722
576.222205
587.124360
592.994957
595.719335
590.169551
590.225364
588.531912
589.849595
594.205549
597.519460
600.747931
596.852013
596.041109
601.891744
614.484963
617.517580
636.547919
635.551354
635.367036
640.132508
662.816319
655.602773
661.499199
680.174561
688.045715
679.949517
670.821404
672.158877
673.972209
674.634578
681.403851
682.553128
686.169044
682.105452
681.677119
692.960085
689.358699
694.157487
684.957223
684.643534
686.240878
682.639589
666.570965
655.913300
655.673017
663.739249
677.331279
682.999682
687.092028
692.425923
689.745401
679.714576
680.147544
667.347553
673.690086
687.942584
689.089710
692.390614
710.546328
729.308580
743.666575
762.675525
786.187072
792.522398
795.394260
785.159973
771.124987
777.168564
777.074831
764.217011
754.775507
739.396230
703.333697
688.624046
675.166620
673.911377
664.609222
654.927159
655.569965
653.756747
647.803172
640.686065
636.433642
641.456791
649.234335
651.760744
653.781474
658.387255
667.517249
677.950727
676.497406
669.824362
669.015775
673.137182
686.769951
686.965988
678.051381
664.322181
663.791987
647.902901
629.054585
636.725428
648.026680
661.417448
661.173730
662.942235
666.629162
670.634009
672.429853
678.499406
694.174012
705.675699
707.947969
712.050790
714.843879
707.339335
700.768181
703.172451
708.481305
718.645286
721.226634
720.403132
715.012972
700.130816
726.922418
731.850655
728.289123
698.430095
697.685501
693.976156
698.400330
691.357334
677.829856
677.093808
674.032942
674.474755
655.094998
657.443083
663.409691
666.597663
669.196022
674.328986
668.047370
667.329385
671.930276
669.097895
665.414051
678.356917
697.448791
696.809266
702.973884
723.117337
740.052029
749.054698
755.072421
756.815580
749.214447
731.884407
710.342884
696.777633
681.460900
680.659014
650.772292
622.752394
600.453561
581.181015
564.048559
558.807819
555.673203
559.284209
570.233233
581.813365
597.462064
599.502009
607.029520
620.464573
623.540658
612.386793
612.887218
611.143318
609.784977
602.990863
597.073714
606.449006
617.704816
632.896096
649.717085
655.869059
662.203415
664.815725
666.200744
669.708008
671.014152
667.327381
661.913419
656.600783
637.089379
637.622893
625.183221
624.144475
605.877319
593.434960
579.708425
577.281152
578.720409
591.961761
601.265513
599.123692
592.120638
598.261614
613.102779
618.891239
622.739453
611.021858
602.071380
620.275746
627.694131
623.589453
635.736207
659.971359
673.826636
666.691177
652.879556
640.626108
642.649380
625.479193
623.954766
593.323980
558.345198
555.282711
551.044420
568.692308
582.264310
589.191399
588.117955
596.211921
616.883294
607.473401
593.947307
588.697777
579.401936
584.409855
594.692860
611.460527
612.431946
615.121117
629.194881
632.893490
621.519247
628.435741
620.986141
599.914856
601.317732
625.157586
656.664588
679.545832
664.804205
642.002252
630.882423
582.059991
580.464503
561.076807
578.121917
585.726248
602.041108
584.099560
572.125960
561.284054
544.314957
553.457670
553.077201
546.365703
538.083759
538.366205
546.437304
557.144353
576.242853
592.618779
612.328444
635.055811
655.676701
680.123397
678.058200
661.854582
654.794940
649.415339
635.481069
628.201436
627.672281
605.061421
583.807425
586.817591
591.400273
592.195610
589.344134
600.197902
603.844163
618.075516
635.392968
628.694840
615.428233
593.367869
587.351710
597.327927
610.909188
611.900874
611.745484
634.107889
663.452496
677.909540
684.099224
690.489931
714.073448
724.459133
718.130575
727.014148
734.947480
725.376232
732.793366
746.217679
738.533934
651.760344
594.071245
593.260816
598.209451
596.426820
602.613943
603.604465
603.800752
609.629706
626.554579
627.384755
626.964807
627.734389
635.591167
637.428587
642.458372
672.489436
684.912393
669.875949
683.371542
707.731865
690.172890
672.847959
687.995731
697.842623
710.221845
733.669604
718.585536
732.551875
782.222259
818.253443
790.464085
684.550458
680.959051
610.798078
615.725774
636.105312
650.613644
660.155413
662.978774
643.178737
617.418584
639.515754
678.477548
687.174346
662.531604
669.273453
654.682265
619.402030
642.685763
666.981453
673.081003
679.219157
697.848811
708.068803
706.653832
713.235321
715.748775
719.938632
712.550173
715.702589
738.534027
741.105789
740.924414
741.001745
738.221108
731.978548
750.926858
788.758804
791.436727
793.604571
838.238915
872.339036
880.868476
840.645583
837.175755
704.203421
676.354911
678.124566
666.794361
662.704267
684.708901
674.641880
646.484811
654.479039
696.125025
703.680017
679.103420
687.047956
676.021916
668.337212
652.244086
637.209933
676.511400
718.185110
732.575204
747.355804
778.379909
814.328450
812.967260
825.771813
841.925355
833.981619
821.677466
862.968560
904.735087
923.732492
932.375265
831.182432
826.046480
675.560009
695.325923
685.925470
688.190819
675.474890
714.769383
725.483671
699.370167
685.259661
729.900906
764.311562
753.038795
747.284358
748.943349
723.247422
734.371849
753.142530
749.574723
763.936613
793.971179
797.299363
798.018219
814.623570
816.063246
820.431299
829.198805
840.744013
864.105493
849.627908
847.645717
874.257640
905.204033
930.853423
976.001903
1000.549057
990.578752
802.227338
794.216749
668.741725
713.424108
717.284816
696.179323
716.580913
713.875102
716.488674
732.943325
735.832390
749.505161
752.943712
767.551370
808.561827
836.828854
846.022720
856.335281
909.137119
947.310567
971.455558
958.837504
882.630770
875.866510
665.045419
631.098616
672.654785
672.085824
671.459312
633.337384
631.417529
652.396082
686.459281
699.898575
713.447366
741.870046
737.303339
723.641365
707.944496
732.850135
731.906040
724.428622
752.487279
749.717678
749.107334
744.503626
742.267770
764.441284
776.642630
793.240941
800.588770
814.569642
836.317741
842.320112
892.479801
918.986105
869.264084
859.987812
646.496234
617.684841
621.920380
621.112534
620.043245
603.028608
592.857756
637.020859
680.804654
695.213224
679.187421
725.206431
767.254986
804.692141
851.947232
868.836119
711.328065
700.436376
540.631628
592.726441
602.770560
599.202303
621.988373
610.207929
632.184913
700.075235
748.354736
737.138188
737.528209
719.074176
712.537165
738.974127
703.613131
685.339451
753.921735
754.263266
702.755495
714.554561
737.079819
765.260081
783.571001
855.222525
877.206981
836.266229
831.783342
677.863958
659.189094
689.352039
664.595475
619.644692
635.431755
709.949817
753.518990
727.174005
703.762543
699.208726
713.359513
752.436750
799.322251
773.834655
725.688981
721.540744
764.036263
792.023174
753.465886
713.870791
728.888737
787.200001
814.500915
778.508841
784.738875
808.906217
811.931526
851.094531
912.784198
918.394038
813.945752
809.108309
664.481898
671.561507
670.033155
638.884855
677.215038
711.179701
663.337239
668.561474
702.888373
706.879203
715.917485
723.774141
705.818321
700.810649
707.226065
683.580934
679.860506
712.576225
748.094999
735.700775
708.442996
707.952159
713.225504
737.185311
740.578306
743.009116
781.690564
779.361408
757.808608
765.680667
765.156848
759.346942
763.034901
771.497300
771.451471
821.584868
890.831580
919.845392
878.005524
744.508291
634.976815
634.968721
693.693111
724.964206
711.828476
675.722558
678.916812
674.593957
671.149440
678.850588
664.308366
671.567474
681.461708
686.352480
682.873867
657.156874
667.156365
692.566681
708.754957
711.811636
674.918772
673.192254
674.820344
676.407818
698.447841
700.985409
698.213282
712.643508
706.802719
717.004805
730.782916
731.735261
753.568563
771.164873
786.274893
798.823369
784.791690
763.362066
754.950239
763.097200
756.329828
740.035743
799.423091
871.365180
922.707060
840.747236
596.439735
588.573739
541.382854
586.163100
658.544933
670.432097
643.720552
647.676973
671.681904
665.583525
637.582875
637.209386
593.332767
604.834837
616.271031
621.791582
614.183194
615.257673
610.080633
605.966959
622.202194
648.589276
672.803340
686.032958
698.419581
696.162350
663.291858
647.307938
680.727398
723.616996
749.821419
747.417994
741.491881
767.655648
780.026823
788.037775
765.654356
791.475558
795.984076
767.722370
757.133899
751.020008
756.602098
790.521799
841.850107
826.730317
641.115496
635.890543
525.968602
578.108926
631.759827
668.408616
671.093994
669.330435
635.114684
572.858608
580.594283
635.179029
638.202879
614.104431
601.200120
648.694039
655.559662
654.022354
650.385088
624.889154
601.120662
622.310881
638.853862
657.150735
670.265629
699.963374
729.765209
718.551963
702.246540
698.289757
744.202815
750.889311
739.247111
792.423296
836.868074
889.444426
901.292140
766.088583
759.395682
551.463730
519.199110
545.319531
589.798374
618.777057
632.256469
639.217914
646.491685
631.902664
660.557546
702.795610
750.714508
758.841880
710.439232
684.436050
688.087561
711.063881
776.200427
800.531084
749.133134
684.225189
728.256299
796.273941
826.627715
786.909726
762.734912
801.370599
798.794589
772.983004
809.722758
873.020475
915.778864
946.113150
979.258987
948.857361
772.166646
760.909781
566.062246
580.024626
581.496360
553.211171
539.322469
556.792211
544.943002
552.033867
593.513201
647.474058
688.555211
749.968188
807.427628
848.939127
866.182856
806.257127
651.513537
642.390726
512.115385
580.594146
638.320028
627.613800
586.408737
560.859597
589.724195
620.182389
628.573554
633.936167
678.198058
694.736571
667.994098
645.929794
661.782853
682.639413
676.586671
670.033208
662.780015
662.111639
719.134394
758.554169
795.697571
861.872523
848.499049
803.932646
698.220338
691.893940
601.734638
644.915267
655.897640
624.776733
593.993035
569.868779
579.335823
606.381933
603.613565
608.871769
599.491939
572.777907
609.643810
691.797424
828.993689
867.009631
779.595288
557.058015
548.285839
534.871585
546.502516
541.443675
561.211700
602.626055
642.107696
642.997907
641.351946
657.681062
650.786634
661.617206
707.226206
731.552714
703.623522
686.333401
739.745485
786.817668
788.802208
846.712553
906.630952
847.895784
833.733562
612.206671
549.300740
584.762795
543.753018
521.261451
524.551955
511.049552
532.881175
612.982914
720.548602
811.075933
858.456979
771.575993
552.368585
541.989625
486.147931
526.906487
557.011480
539.594970
527.741927
511.204843
527.109548
530.795905
549.042323
538.321350
532.666489
550.049256
565.058761
581.757075
592.604822
608.452424
622.927872
608.365172
593.530258
605.187490
616.879929
650.470298
640.849267
666.740312
732.670821
758.847956
838.207537
893.365664
806.415149
688.579262
685.447827
647.471870
611.852070
629.567768
655.258423
674.035327
668.356007
635.537542
592.573074
622.635137
666.999047
645.968056
615.225911
653.748129
698.321429
711.257234
722.497020
703.085715
694.404829
702.948549
735.352732
782.456184
793.354554
800.589923
813.227334
833.111995
868.885296
884.516805
898.990622
903.756663
896.499126
891.996274
890.067875
769.707250
596.075519
606.785092
629.882605
625.288493
661.737392
676.765565
642.273832
613.964233
613.306125
608.208281
649.317609
674.917792
653.676227
656.167406
665.748082
670.612440
681.956642
710.055337
725.346186
725.930213
720.709730
720.683598
742.680438
745.275550
732.919335
765.473047
792.687864
808.415357
818.077110
816.166682
807.451119
843.586175
892.250319
934.870830
943.919483
880.079882
876.428507
736.583184
676.030057
688.002479
708.717960
702.636763
687.055595
657.652848
643.574385
650.008816
645.869570
654.909938
657.943470
658.608865
681.332873
696.453894
691.252171
677.840504
670.568780
681.263294
687.018004
693.103533
721.036903
733.488012
728.641320
727.696263
743.942603
764.327663
775.410114
785.438572
805.820399
823.764825
836.942146
863.685747
880.732452
885.056689
906.568402
923.688708
918.048694
894.067214
891.157518
791.055203
737.874565
739.816120
724.793541
732.825120
761.461452
762.272551
735.072140
733.942699
752.264880
755.012332
734.490375
720.348996
734.963672
733.431562
718.972826
721.846754
759.019059
793.286453
809.702497
831.497681
857.227867
864.704959
851.725631
813.153266
809.750160
695.124504
622.239292
614.534566
611.721344
609.976913
606.467909
602.205309
604.048138
621.993420
626.330989
604.583230
598.741834
610.571981
622.265073
630.931234
637.549568
633.069295
640.322234
674.593239
683.051951
691.631769
717.820279
741.296712
752.907535
778.619874
822.599358
849.783663
840.981424
818.359818
742.216450
739.418494
675.777062
659.396223
663.038181
667.146560
683.830950
695.291012
680.149740
663.191848
656.896441
658.522404
664.669812
682.378880
695.229995
714.691792
726.743502
718.008477
713.904168
689.005365
665.527203
664.697689
669.685542
683.073112
686.340551
689.521279
696.234814
685.203084
688.014628
709.275767
734.158970
756.250313
773.698519
779.150380
776.760551
793.775986
827.164775
846.284627
857.811396
871.361205
857.941536
822.727048
821.322718
777.219966
682.697258
622.065808
608.488016
584.822357
559.820610
548.851827
547.002593
549.528732
558.133807
576.444918
594.827992
604.899118
625.370789
649.703572
691.404003
744.589110
735.622771
747.709255
689.146348
685.767527
641.155290
618.672064
610.160459
616.489063
623.963971
634.485229
642.548424
644.921849
653.834732
665.749130
677.067311
676.281648
674.577754
687.929011
719.609702
745.928373
764.140322
783.004906
804.369065
814.530682
801.046940
816.062522
814.286816
740.829784
684.078623
652.574899
633.159252
629.243088
632.194988
626.743617
621.578577
622.037183
631.976425
657.331334
695.680235
727.057949
720.044346
743.908408
720.795368
667.850205
664.670334
614.638894
605.265801
600.771942
617.250870
633.713861
639.742944
635.230987
629.846790
636.662814
637.678667
640.127054
651.787081
659.413848
671.928601
672.511188
667.391771
678.761126
700.221288
722.502124
742.778668
743.063854
744.925042
745.563540
751.635664
749.794784
690.796390
657.262365
633.577640
616.379746
598.313651
594.205658
590.243524
604.091989
627.404439
641.717992
654.645015
669.049818
685.815706
679.546016
702.793338
686.609735
646.162070
644.206933
615.723211
598.292525
587.932000
579.405147
580.001470
588.385614
585.260430
587.017157
597.420007
598.115938
596.103921
600.051846
610.214668
618.275465
617.355543
622.639702
628.135100
628.630837
626.769360
627.218614
637.334553
647.506791
659.876699
668.001812
690.901497
707.996234
699.051383
716.535399
724.432345
719.845933
698.135777
697.084706
645.807695
620.699239
598.765326
587.917673
599.623365
596.168173
613.489203
623.862090
626.414982
614.018736
623.972901
628.690274
636.993452
642.507327
646.841955
650.162072
656.455925
639.495925
625.204811
626.479161
640.529214
645.594657
637.544898
629.057499
635.251217
636.260227
631.266220
645.435391
673.825502
680.774681
682.770054
685.622066
682.708477
678.790399
668.825893
669.423779
680.943678
675.344513
672.520429
683.234654
678.561935
673.481203
678.191272
692.122301
691.291801
689.018913
698.626922
704.062720
709.254467
712.706638
732.190854
735.254939
734.452601
734.740289
737.093918
739.044186
745.965533
743.771806
732.236707
713.703411
704.167528
724.454563
724.061041
682.299268
666.296240
641.278762
633.224173
628.408743
627.964116
628.284939
640.302908
649.101478
645.905012
662.733165
677.069298
694.161897
689.848625
676.318245
671.978192
669.686192
663.113161
663.458253
665.200335
673.939915
673.025694
662.253167
664.973279
660.508416
649.544677
643.675552
641.969675
640.164436
643.645642
646.835220
655.179243
660.127300
667.523745
673.402609
677.940565
683.145744
681.917288
687.509250
702.326702
700.718959
698.169446
710.598280
707.842729
692.061224
691.473220
667.124519
641.606625
628.157840
607.832568
588.449975
592.516177
593.286262
591.135621
589.283082
599.225600
599.052000
606.823240
614.724523
615.418053
608.372121
613.144291
615.410212
615.518431
605.815193
608.630498
626.055368
633.981689
632.266183
643.489325
662.211639
668.283977
672.296100
680.046709
683.545457
685.668123
706.385808
724.592362
727.313288
733.734823
737.279322
741.632526
743.904776
744.656178
736.169445
734.747170
731.551906
708.756447
675.288173
657.239075
647.752461
647.363490
626.222721
606.031892
589.315873
589.412497
577.286103
568.746416
577.429780
572.231160
576.786380
587.834937
596.343021
615.808628
633.250257
630.965015
643.843064
650.118743
643.174100
653.129632
660.647628
652.233458
650.727992
652.511226
646.337872
648.337234
671.135903
675.810412
667.299455
669.875049
676.804333
681.446710
684.977989
692.677851
704.097423
710.159314
714.898027
712.789067
706.824023
697.247032
694.365065
699.292255
705.961404
713.599777
741.316036
752.696112
761.605245
770.516266
785.154025
781.502972
768.112122
753.188897
744.122355
719.192503
718.696345
706.169978
685.497778
662.888161
641.347530
638.662105
642.870222
638.272449
646.221873
638.864446
639.735707
644.944066
656.601767
661.902461
664.304904
680.464472
676.444076
670.369771
671.990049
671.872026
678.175074
683.877709
694.010163
695.776904
695.462594
689.094853
678.485240
671.648440
670.580043
671.357423
676.625967
688.390206
703.930397
707.312815
709.704836
718.632394
724.005455
726.993923
723.893987
736.340372
744.465547
749.703714
745.084882
719.713651
701.044190
675.777786
638.061012
637.264997
620.231693
605.393321
600.267270
584.888068
579.893646
581.524341
580.732556
581.713922
578.922987
591.059057
596.373779
595.030273
594.063936
587.004990
587.494180
593.086864
602.683547
624.523837
625.520280
625.124053
630.351505
624.179632
614.954746
622.652432
637.439438
642.090678
641.917553
641.000618
650.542164
673.912462
687.984297
683.905161
675.662040
684.736759
691.759573
698.508738
706.404961
726.523754
723.436461
738.350008
761.401289
788.267066
776.040001
757.035075
755.892269
705.376593
670.566199
665.897174
656.943294
645.799764
649.352185
663.371885
655.131615
640.473822
633.604206
615.081766
598.780958
607.791777
619.258712
634.564096
639.691145
627.438783
600.209236
583.123417
590.341659
596.081246
603.090559
606.001141
595.856800
599.154105
614.820613
626.227096
638.662491
653.077898
671.432619
691.910083
722.961495
735.192531
747.758839
741.005276
707.816475
684.684347
663.539155
662.980820
653.328759
645.251763
653.970023
665.514929
663.004977
656.085037
645.793379
637.986257
644.400843
661.209189
666.888532
685.853413
706.191297
704.553819
701.116275
721.255923
745.712358
764.273125
774.292421
790.198172
806.482980
812.039522
801.114871
785.357135
752.513590
720.620262
718.862179
684.849350
654.546735
632.524731
629.276375
621.896481
613.700178
614.247674
626.180969
633.432611
659.605976
667.743512
669.602110
692.829510
716.131708
685.637099
689.411539
676.267883
674.869301
635.618199
597.123519
571.662594
575.084927
580.316304
613.123004
629.369493
627.741601
614.515786
595.604541
594.388213
614.085160
642.960754
640.220315
625.244827
622.890451
626.758582
627.927382
624.519850
606.717572
607.603783
644.505073
682.836240
706.573731
719.813090
738.147732
763.751915
794.105184
794.153595
780.458292
741.364841
739.742662
695.474560
682.434310
655.949129
656.645871
676.601112
681.210007
658.080473
653.147758
651.802445
669.231667
683.236598
694.710136
702.553573
691.715546
685.055976
674.356348
670.593851
683.576960
699.677708
689.093958
681.495701
689.439422
686.235277
690.288715
681.844302
683.259455
709.170366
735.788007
737.690358
737.048507
735.470251
737.846663
764.211277
790.661046
811.536537
802.113874
796.310042
772.461194
766.030347
765.573731
735.636017
689.650709
678.929584
698.345618
728.568849
739.967369
731.037464
699.155933
695.046629
708.608452
727.268066
753.071362
779.233356
784.538009
783.570982
779.472442
786.785710
796.176619
791.764381
789.935830
784.458546
781.215225
793.071094
797.332099
786.970245
785.949739
800.237541
811.481999
810.051600
802.741962
805.935073
812.166530
806.884001
795.533637
798.393136
804.950732
815.367705
814.351767
813.378698
838.321863
872.258497
878.101346
822.752013
730.458283
647.035479
646.523006
670.446225
662.372826
653.155624
606.983743
575.655294
588.987344
614.726129
630.288820
621.882917
625.386618
643.182185
661.931973
671.254958
642.786835
615.256807
616.953244
616.048370
599.141203
601.698528
593.186395
606.500511
638.227019
677.667951
683.284059
630.708293
540.559905
534.806471
536.066821
588.173822
575.286381
585.178209
565.574531
575.222245
627.632458
649.724701
643.670574
647.690344
651.896923
664.077901
673.468080
677.321676
689.882093
688.699332
684.675313
694.254714
685.969613
659.905936
661.665961
671.984086
698.303745
737.350038
737.656478
715.075548
689.454256
706.458001
731.830730
740.922094
737.499513
750.145467
767.486584
791.033665
826.698166
864.437431
903.807691
862.983884
737.473761
727.627022
583.771120
607.159570
613.316158
592.224479
606.324588
616.325316
613.015659
641.713920
695.260415
744.089443
755.147590
708.488563
565.745335
558.036503
532.674350
557.622599
539.148358
533.563737
557.355815
567.469162
574.412621
593.875624
599.452111
591.040566
586.425240
615.433579
649.593973
706.911836
762.432372
775.272305
659.763214
652.465429
564.027709
584.388273
606.762098
625.150001
600.123868
607.966983
623.396480
608.725215
599.252401
598.801146
605.444342
592.976929
577.023922
582.759859
608.824524
646.920063
648.042380
658.267288
693.646937
703.337768
716.320624
736.905644
749.052326
693.675967
688.457501
568.611318
540.579928
539.483672
557.593167
566.197630
553.610306
531.046207
524.848568
541.411770
583.166056
602.948607
590.133728
584.050667
614.503273
648.370269
674.987247
699.206337
738.922420
807.087503
820.384571
776.104202
630.182575
623.981869
584.415954
616.931511
604.814811
586.124264
583.278940
579.830816
602.336988
597.473275
583.747192
578.778190
595.071462
617.849664
652.054888
710.388764
744.247750
694.907131
557.320035
551.586873
534.054087
560.163013
524.601325
520.960584
532.079856
535.375316
525.470472
543.969971
574.301102
565.196966
547.043710
559.144721
601.314322
623.227034
647.867857
677.014299
637.633213
666.798608
722.966893
645.988078
638.683690
511.944763
529.625712
529.945404
512.256047
506.135444
504.925387
521.477161
526.434607
511.034998
509.082539
530.594254
585.941063
594.118788
575.229112
586.267284
602.545000
614.289164
632.525848
655.028673
662.633341
608.713421
604.692622
501.923232
494.916377
548.804049
553.085242
541.204762
535.275265
535.271203
551.239024
550.832422
552.128393
562.939371
585.368294
593.370941
591.715165
577.284506
584.169593
593.370027
589.621452
616.552385
642.493214
626.206205
621.473312
636.893503
649.007295
648.134486
660.201046
679.145442
662.516339
659.468638
752.497029
810.499912
692.197536
684.489554
506.591831
510.452497
564.922723
587.608072
561.286310
516.809353
507.169704
532.985564
555.321521
576.161747
597.555815
598.477267
594.873840
583.204968
574.174992
612.629213
624.044335
645.499516
704.246935
746.037430
754.939134
768.456320
834.918507
886.156325
806.782190
799.534098
608.446730
548.712528
564.364065
571.951551
601.294592
625.856175
635.081053
655.918419
659.808350
659.704776
661.395928
637.569441
640.750207
677.414428
722.757594
700.030397
655.311268
659.779061
735.720673
730.499684
695.785763
743.677470
782.659479
791.064199
856.116837
818.754681
807.091803
571.475253
503.859829
585.669173
568.957590
530.586336
505.804843
517.446488
577.331695
651.025360
683.002610
754.317526
854.183186
859.791225
852.087457
614.477739
534.945169
634.008724
631.477929
588.649842
540.888317
574.639692
628.496948
619.806909
592.430594
638.703318
696.654811
682.966737
636.874473
635.856929
652.570519
660.804450
684.622920
726.539100
741.270156
779.697034
858.478558
915.054592
916.292874
849.256283
624.193794
547.948065
630.727359
641.540034
602.406935
565.481210
565.418890
593.905631
593.371116
596.462729
609.089496
626.499084
604.724869
629.378645
645.072416
643.289286
639.863932
670.990549
695.418588
695.661963
684.909255
708.304803
735.965075
756.106159
801.370322
842.892117
816.688169
810.744960
648.512485
516.939266
543.287447
534.599299
562.298064
603.356097
589.577002
564.480412
548.024911
566.828508
601.117610
629.636149
627.476931
617.622533
651.066025
657.502423
653.946912
714.621795
771.059315
773.198925
809.855298
886.875017
882.820316
656.686196
537.859292
548.954297
563.015290
690.133207
722.632483
808.572790
732.663985
652.489429
643.952785
635.439673
663.107115
738.437118
747.403693
728.363136
749.771991
759.926749
797.621719
845.305436
830.795537
826.442371
728.621900
737.368578
766.569733
770.819668
751.505466
752.245475
757.910592
773.823722
761.099438
749.746533
767.497805
775.650780
764.519386
743.368026
728.583774
735.468891
755.296567
760.293428
744.270841
717.439381
716.507037
743.852345
738.113881
713.726227
740.127417
777.269165
768.448038
749.784866
735.936828
748.841804
786.454198
774.572792
748.767086
760.621028
769.113175
773.511270
791.114997
797.980818
801.205299
790.329913
763.289744
751.485755
773.323178
800.611440
798.178233
815.335467
859.701885
866.760699
865.813541
764.110312
685.665132
710.158487
742.957662
724.431866
669.635721
677.386070
689.713298
675.853299
643.999667
634.605822
645.262828
660.731550
662.256993
657.144782
669.905966
654.470957
622.216914
621.749913
623.520807
610.836591
612.149947
612.400143
624.424465
652.131692
654.824609
625.978303
604.338835
602.375177
631.751889
638.536245
614.096310
605.616054
591.081953
584.810360
597.786143
593.319393
580.599729
575.911447
558.849568
543.816583
559.887759
585.280477
544.994185
521.967948
571.222910
631.498511
668.621006
662.755796
640.519616
638.808188
656.926146
651.523759
672.005236
672.415721
689.892820
719.012718
708.522269
699.712970
688.794327
694.173130
705.410564
699.222056
693.750211
696.241559
728.191571
745.098566
768.134808
793.703969
834.352908
862.002142
856.702907
705.235682
546.627610
560.677195
575.676750
549.670021
559.391908
594.452382
552.508325
489.102221
499.666328
589.217505
685.655147
655.365886
437.483840
420.271396
562.745577
NaN
NaN
NaN
NaN
NaN
NaN
NaN
NaN
NaN
NaN
NaN
NaN
NaN
NaN
NaN
NaN
NaN
NaN
NaN
NaN
NaN
NaN
NaN
NaN
NaN
NaN
NaN
NaN
NaN
NaN
NaN
NaN
NaN
NaN
NaN
NaN
NaN
NaN
NaN
NaN
NaN
NaN
NaN
NaN
NaN
NaN
NaN
NaN
NaN
NaN
NaN
NaN
NaN
NaN
NaN
NaN
NaN
NaN
NaN
NaN
NaN
NaN
NaN
NaN
NaN
NaN
NaN
NaN
NaN
NaN
NaN
NaN
NaN
NaN
NaN
NaN
NaN
NaN
NaN
NaN
NaN
NaN
NaN
NaN
NaN
NaN
NaN
NaN
NaN
NaN
NaN
NaN
NaN
NaN
NaN
NaN
NaN
NaN
NaN
NaN
NaN
NaN
NaN
NaN
NaN
NaN
NaN
NaN
NaN
NaN
NaN
NaN
NaN
NaN
NaN
NaN
NaN
NaN
NaN
NaN
NaN
NaN
NaN
NaN
NaN
NaN
NaN
NaN
NaN
NaN
NaN
NaN
NaN
NaN
NaN
NaN
NaN
NaN
NaN
NaN
NaN
NaN
NaN
NaN
NaN
NaN
NaN
NaN
NaN
NaN
NaN
NaN
NaN
NaN
NaN
NaN
NaN
NaN
NaN
NaN
NaN
NaN
NaN
NaN
NaN
NaN
NaN
NaN
NaN
NaN
NaN
NaN
NaN
NaN
NaN
NaN
NaN
NaN
NaN
NaN
NaN
NaN
NaN
NaN
NaN
NaN
NaN
NaN
NaN
NaN
NaN
NaN
NaN
NaN
NaN
NaN
NaN
NaN
NaN
NaN
NaN
NaN
NaN
NaN
NaN
NaN
NaN
NaN
NaN
NaN
NaN
NaN
NaN
NaN
NaN
NaN
NaN
NaN
NaN
NaN
NaN
NaN
NaN
NaN
NaN
NaN
NaN
NaN
NaN
NaN
NaN
NaN
NaN
NaN
NaN
NaN
NaN
NaN
NaN
NaN
NaN
NaN
NaN
NaN
NaN
NaN
NaN
NaN
NaN
NaN
NaN
NaN
NaN
NaN
NaN
NaN
NaN
NaN
NaN
NaN
NaN
NaN
NaN
NaN
NaN
NaN
NaN
NaN
NaN
NaN
NaN
NaN
NaN
NaN
NaN
NaN
NaN
NaN
NaN
NaN
NaN
NaN
NaN
NaN
NaN
NaN
NaN
NaN
NaN
NaN
NaN
NaN
NaN
NaN
NaN
NaN
NaN
NaN
NaN
NaN
NaN
NaN
NaN
NaN
NaN
NaN
NaN
NaN
NaN
NaN
NaN
NaN
NaN
NaN
NaN
NaN
NaN
NaN
NaN
NaN
NaN
NaN
NaN
NaN
NaN
NaN
NaN
NaN
NaN
NaN
NaN
NaN
NaN
NaN
NaN
NaN
NaN
NaN
NaN
NaN
NaN
NaN
NaN
NaN
NaN
NaN
NaN
NaN
NaN
NaN
NaN
NaN
NaN
NaN
NaN
NaN
NaN
NaN
NaN
NaN
NaN
NaN
NaN
NaN
NaN
NaN
NaN
NaN
NaN
NaN
NaN
NaN
NaN
NaN
NaN
NaN
NaN
NaN
NaN
NaN
NaN
NaN
NaN
NaN
NaN
NaN
NaN
NaN
NaN
NaN
NaN
NaN
NaN
NaN
NaN
NaN
NaN
NaN
NaN
NaN
NaN
NaN
NaN
NaN
NaN
NaN
NaN
NaN
NaN
NaN
NaN
NaN
NaN
NaN
NaN
NaN
NaN
NaN
NaN
NaN
NaN
NaN
NaN
NaN
NaN
NaN
NaN
NaN
NaN
NaN
NaN
