NaN
NaN
NaN
NaN
NaN
NaN
NaN
NaN
NaN
NaN
NaN
NaN
NaN
NaN
NaN
NaN
NaN
NaN
NaN
NaN
NaN
NaN
NaN
NaN
NaN
NaN
NaN
NaN
NaN
NaN
NaN
NaN
NaN
NaN
NaN
NaN
NaN
NaN
NaN
NaN
NaN
NaN
NaN
NaN
NaN
NaN
NaN
NaN
NaN
NaN
NaN
NaN
NaN
NaN
NaN
NaN
NaN
NaN
NaN
NaN
NaN
NaN
NaN
NaN
NaN
NaN
NaN
NaN
NaN
NaN
NaN
NaN
NaN
NaN
NaN
NaN
NaN
NaN
NaN
NaN
NaN
NaN
NaN
NaN
NaN
NaN
NaN
NaN
NaN
NaN
NaN
NaN
NaN
NaN
NaN
NaN
NaN
NaN
NaN
NaN
NaN
NaN
NaN
NaN
NaN
NaN
NaN
NaN
NaN
NaN
NaN
NaN
NaN
NaN
NaN
NaN
NaN
NaN
NaN
NaN
NaN
NaN
NaN
NaN
NaN
NaN
NaN
NaN
NaN
NaN
NaN
NaN
NaN
NaN
NaN
NaN
NaN
NaN
NaN
NaN
NaN
NaN
NaN
NaN
NaN
NaN
NaN
NaN
NaN
NaN
NaN
NaN
NaN
NaN
NaN
NaN
NaN
NaN
NaN
NaN
NaN
NaN
NaN
NaN
NaN
NaN
NaN
NaN
NaN
NaN
NaN
NaN
NaN
NaN
NaN
NaN
NaN
NaN
NaN
NaN
NaN
NaN
NaN
NaN
NaN
NaN
NaN
NaN
NaN
NaN
NaN
NaN
NaN
NaN
NaN
NaN
NaN
NaN
NaN
NaN
NaN
NaN
NaN
NaN
NaN
NaN
NaN
NaN
NaN
NaN
NaN
NaN
NaN
NaN
NaN
NaN
NaN
NaN
NaN
NaN
NaN
NaN
NaN
NaN
NaN
NaN
NaN
NaN
NaN
NaN
NaN
NaN
NaN
NaN
NaN
NaN
NaN
NaN
NaN
NaN
NaN
NaN
NaN
NaN
NaN
NaN
NaN
NaN
NaN
NaN
NaN
NaN
NaN
NaN
NaN
NaN
NaN
NaN
NaN
NaN
NaN
NaN
NaN
NaN
NaN
NaN
NaN
NaN
NaN
NaN
NaN
NaN
NaN
NaN
NaN
NaN
NaN
NaN
NaN
NaN
NaN
NaN
NaN
NaN
NaN
NaN
NaN
NaN
NaN
NaN
NaN
NaN
NaN
NaN
NaN
NaN
NaN
NaN
NaN
NaN
NaN
NaN
NaN
NaN
NaN
NaN
NaN
NaN
NaN
NaN
NaN
NaN
NaN
NaN
NaN
NaN
NaN
NaN
NaN
NaN
NaN
NaN
NaN
NaN
NaN
NaN
NaN
NaN
NaN
NaN
NaN
NaN
NaN
NaN
NaN
NaN
NaN
NaN
NaN
NaN
NaN
NaN
NaN
NaN
NaN
NaN
NaN
NaN
NaN
NaN
NaN
NaN
NaN
NaN
NaN
NaN
NaN
NaN
NaN
NaN
NaN
NaN
NaN
NaN
NaN
NaN
NaN
NaN
NaN
NaN
NaN
NaN
NaN
NaN
NaN
NaN
NaN
NaN
NaN
NaN
NaN
NaN
NaN
NaN
NaN
NaN
NaN
NaN
NaN
NaN
NaN
NaN
NaN
NaN
NaN
NaN
NaN
NaN
NaN
NaN
NaN
NaN
NaN
NaN
NaN
NaN
NaN
NaN
NaN
NaN
NaN
NaN
NaN
NaN
NaN
NaN
NaN
NaN
NaN
NaN
NaN
NaN
NaN
NaN
NaN
NaN
NaN
NaN
NaN
NaN
NaN
NaN
NaN
NaN
NaN
NaN
NaN
NaN
NaN
NaN
NaN
NaN
NaN
NaN
NaN
NaN
NaN
NaN
NaN
NaN
NaN
NaN
NaN
NaN
NaN
NaN
NaN
NaN
NaN
NaN
NaN
NaN
NaN
NaN
NaN
NaN
NaN
NaN
NaN
NaN
NaN
824.511168
808.219242
855.315716
850.327643
880.971639
823.322319
805.113435
832.153104
770.031139
762.098616
785.161252
789.341301
842.616314
832.816244
846.368296
855.196798
827.396010
802.590668
777.826194
750.569492
740.573756
756.859324
769.861063
776.575541
801.291474
809.611003
796.688170
789.793295
793.515671
819.886889
851.344314
866.353195
869.343379
871.144390
865.658505
844.065763
808.114125
771.730489
749.953783
733.191192
734.913008
756.040831
738.975571
730.619300
734.540725
721.684406
717.161538
708.699242
712.943569
716.902173
702.062009
699.480414
701.571665
705.407447
707.621626
717.941405
718.196488
726.986584
725.931875
736.634472
757.958669
784.550476
809.679990
817.346080
818.478895
834.020742
851.779137
859.182467
858.568205
817.566934
727.261961
700.916919
715.619436
720.641643
739.226118
759.278575
740.561175
709.416324
699.106672
721.822783
743.939466
760.037691
766.769990
765.345089
776.026442
772.870553
753.231688
767.246598
777.630168
731.161516
723.029701
741.202789
752.765157
784.175190
786.725409
771.964738
737.158210
750.838233
759.729712
777.192919
768.240713
759.013142
743.931344
722.245249
743.943423
760.809895
754.594461
766.148412
776.880235
785.756563
783.019867
792.124077
806.246595
827.212752
865.050558
876.584568
875.153601
883.193342
901.619575
931.107597
934.629263
862.448461
755.712290
722.874672
711.709470
690.921781
667.392771
658.882363
684.435851
702.638874
694.919611
678.812406
693.013548
713.307283
719.155466
709.873084
722.176728
750.033250
743.154814
747.578691
765.640228
761.689656
748.389183
747.803427
751.018432
744.019963
738.300351
738.366867
750.460057
759.670064
738.237461
748.689965
805.337823
835.168304
826.589529
812.679921
803.230585
807.881057
826.348544
834.596614
838.822186
834.008119
827.218958
831.283393
844.208028
854.936108
860.719694
860.243988
859.224272
853.785382
852.160747
876.062940
910.856455
928.860249
926.569480
946.022864
938.601931
878.204002
810.597662
783.965156
789.257132
829.687411
800.802169
763.556728
777.063025
780.517299
756.008046
749.863132
778.597276
808.247671
803.055506
790.880293
814.613025
821.929847
794.633742
762.569507
777.110198
798.093302
797.789254
786.929758
771.172660
787.768208
764.185753
756.984465
763.465262
788.053879
793.128646
804.985664
785.716200
757.574107
762.197284
785.073543
829.753579
857.702041
832.220333
802.100289
815.014502
788.649971
763.559572
770.669402
800.597538
811.199047
823.241193
822.826335
792.320114
775.503808
785.596180
794.902977
813.588139
850.509117
865.711386
851.592593
839.157391
811.962374
794.985813
821.331215
844.479300
824.163420
818.953276
834.676513
847.253773
854.557221
835.682604
850.828834
860.371778
875.199977
874.438547
836.849678
844.894065
886.602425
898.996912
894.365239
906.529212
925.049717
938.934211
945.202341
888.173036
770.493962
753.991576
769.876598
758.976473
760.971696
781.008899
796.344099
828.842712
851.566589
860.011436
873.871712
853.304487
828.540700
810.186932
788.083414
780.826980
794.128378
792.695294
794.502795
803.710621
800.436995
796.602341
776.108601
765.231676
782.182041
806.836785
831.320156
832.983738
809.609027
791.605671
776.670124
778.916471
761.668045
749.082604
740.747039
773.074731
787.825384
785.772928
776.914284
796.539741
803.490053
796.946445
800.329036
799.453119
799.637980
804.724951
822.337634
841.074345
838.334456
844.009297
850.451793
873.043320
886.421917
873.328191
864.983368
876.079806
894.881490
914.418282
915.245235
931.067754
950.622660
951.165316
902.781462
799.796234
774.033430
777.083283
778.256704
784.572972
779.596538
789.084312
813.123487
819.612547
832.718873
830.830150
821.879217
821.872527
815.019618
824.645070
832.118389
835.798207
824.272509
847.163355
835.556056
831.853210
853.267822
835.272691
825.568275
830.505829
834.405288
851.106276
864.571650
863.345392
850.548598
843.915614
849.227510
855.251348
853.307659
843.282562
844.215794
842.370555
849.135149
829.229080
809.238876
822.049592
829.924753
819.135630
806.282997
800.043677
805.607763
813.329354
812.298431
826.580485
837.017137
836.616297
830.371758
837.940924
843.558260
838.646400
825.190076
827.108731
837.675068
828.447420
831.495420
839.047049
855.636191
849.997027
833.169166
837.243932
842.020069
841.773177
850.056305
857.847016
872.109682
894.087180
921.961028
921.168104
861.405609
769.317305
728.615903
731.435275
728.246390
719.896012
732.211041
751.071573
755.873646
760.513130
752.002242
744.493091
738.324103
726.696479
735.907902
754.253033
758.595161
765.070346
763.490399
770.023787
752.431284
760.442903
747.314877
720.382944
722.853482
732.687638
741.025579
752.112751
756.966556
778.013803
777.057277
748.605511
737.301951
734.803161
733.732889
749.381132
764.230213
773.800270
776.047893
761.525314
753.571656
751.459294
747.219864
741.683795
751.114367
770.133859
769.336297
765.363647
751.558187
746.647935
757.683718
772.775747
792.070040
807.559459
786.394860
760.817115
767.009951
767.069403
763.164662
769.488187
779.474116
790.887025
808.303604
829.001575
848.041055
869.558782
888.928035
870.053546
791.773017
722.491275
691.453630
675.736301
683.092821
703.708875
696.779867
715.180227
732.949820
731.642235
730.520664
732.181911
735.837097
747.694033
762.893207
772.681864
765.986893
765.144539
758.641005
743.817879
726.093603
714.025624
708.288223
677.239871
663.393799
676.859911
680.823420
666.030379
664.336216
673.336889
687.081794
689.154637
690.800874
693.953947
674.655605
657.096886
683.050821
709.440897
684.935480
656.965579
662.220870
690.792545
706.112610
690.442712
698.787679
710.220945
709.365816
715.927961
734.745171
748.272401
723.364896
700.503502
686.238299
687.038992
697.998530
728.611307
739.518176
740.447207
752.923798
761.797755
765.759197
756.511505
757.285341
769.857489
785.590103
778.487760
780.200559
779.696911
789.376706
794.833931
796.318346
816.561117
852.095485
882.358916
899.430000
927.097755
940.540865
908.103863
884.237360
839.027961
807.486861
818.263464
816.865535
812.233477
823.362192
822.522928
824.981716
823.354322
809.716117
810.676907
814.449794
820.512728
813.728407
817.472468
828.339127
830.184201
816.163098
809.990782
815.960318
806.479938
809.449076
819.398411
813.154284
819.276720
837.480412
845.346407
850.476204
853.044518
845.168313
832.119840
826.889894
828.371524
816.845248
815.072408
833.851901
824.050721
813.994226
818.050488
825.721671
824.710385
811.952362
817.622012
822.594292
829.456564
829.090476
821.459024
840.637731
857.163932
842.878933
827.406678
822.281209
816.583298
801.678039
785.690213
770.196189
776.347168
805.484048
827.728699
835.177252
819.542318
806.607640
797.537942
798.323581
791.741765
788.715007
794.249568
791.697418
779.986099
769.818315
767.712189
757.420609
760.984081
757.498807
752.999802
760.251380
764.076831
773.662213
780.906257
769.260342
760.014107
760.565147
767.440384
766.868026
774.528380
803.793255
846.151004
845.144170
796.829490
695.375595
665.786335
669.764245
665.193972
663.768959
685.874396
737.014635
786.172937
815.020149
823.062984
790.120502
787.044896
842.240067
870.143002
881.165890
879.421305
837.151535
753.498011
668.364489
671.566177
687.945584
689.128302
691.018072
685.461256
661.555991
653.564138
665.195812
667.460947
666.683638
676.696164
679.324277
689.319392
698.018537
703.101287
696.697483
701.174045
728.224819
729.596621
733.912100
750.472390
736.781738
717.709439
709.300284
718.280951
739.172774
773.230473
763.584983
744.028715
730.648382
733.881832
734.507717
726.701095
729.720601
731.418091
726.150226
717.534183
708.098182
704.671033
699.044857
674.244474
640.210601
626.166312
633.049381
665.038393
701.093024
701.928310
702.690418
725.459181
791.237695
829.650873
780.912096
736.799659
703.701233
709.286642
726.739778
726.665707
728.852710
728.285506
725.569856
719.773695
720.170904
743.293943
747.439702
751.101672
759.877478
764.970549
766.354327
743.607015
728.354819
729.872357
715.825400
736.924723
779.295472
787.342273
795.212011
801.892356
784.147523
781.339289
780.115960
785.940697
802.284242
817.872090
822.009406
811.387191
808.274045
804.414131
794.786283
772.076898
740.358354
733.680084
754.237249
768.586799
785.174648
800.414385
796.872820
797.043505
786.698878
790.183978
802.084256
810.566691
804.587230
767.540071
747.453104
766.726451
783.098426
780.039674
759.470911
757.181740
764.287365
764.173089
767.601365
762.982665
761.948510
761.227018
739.739256
739.909845
744.999686
728.101375
708.324642
720.185666
741.107556
764.172625
779.464674
765.567375
741.906083
735.350137
750.351339
754.817760
730.685778
718.986079
735.562361
754.929609
760.211834
757.206620
748.333265
749.484484
751.064693
748.222347
750.134652
777.597630
782.587816
743.319193
658.919536
619.384361
633.028424
640.612350
662.710598
670.863164
658.966109
649.977712
653.751171
664.707281
666.722638
663.134233
658.032099
649.097190
656.515832
677.554733
691.098911
684.409808
677.624983
692.929311
688.844512
674.251276
682.670200
702.957667
701.744083
684.216091
675.854930
674.903167
683.674542
689.961660
680.901727
676.941774
680.421132
685.334221
699.512479
713.089761
714.046148
697.365423
686.199170
693.160493
713.110789
718.395783
722.127988
735.374657
741.861408
718.177014
691.325178
676.429869
665.342001
670.385104
672.522192
669.559422
670.477230
687.774505
708.772343
721.519722
722.905843
723.562089
728.157395
731.197363
717.322853
700.450552
707.377435
726.460121
733.539029
730.740791
723.213312
730.003003
732.583466
736.010242
737.386643
747.856915
753.607420
753.122499
750.259843
749.959445
763.977009
785.277578
787.845750
786.481179
798.216437
803.905588
817.914697
842.460581
838.013773
788.763946
723.586978
696.351853
700.494684
703.001039
696.856360
691.501127
695.558638
708.075216
732.438996
742.682206
750.851168
771.172243
819.601506
847.735327
839.830924
819.952589
801.310595
789.915080
774.923021
776.122707
777.821457
783.611824
786.144340
773.420622
760.000524
776.378243
804.449126
820.942196
825.382284
828.359078
830.841683
839.972215
852.145415
844.145425
831.125849
826.715162
822.394108
810.200842
803.708199
801.183467
806.261149
809.800198
805.521359
797.262808
807.124609
822.419094
840.818533
848.285968
847.025997
850.747005
845.858111
843.676309
850.944774
855.878963
856.995225
868.332832
881.186551
889.596188
892.846835
887.446792
877.181861
857.287485
813.708910
744.899747
697.693376
698.385205
714.064845
725.806040
729.866424
741.389379
754.939995
759.880835
763.439183
752.787185
744.311631
737.333813
733.818746
736.144648
741.110351
761.023788
778.614374
783.099034
779.113413
773.231530
777.816716
784.149642
772.232046
750.807714
723.938333
720.272808
747.333668
773.094760
777.492887
773.966026
783.699763
784.232148
767.434834
746.644170
751.759232
781.035021
795.382377
798.656962
786.025164
759.806674
734.506056
725.861552
748.011118
776.915991
790.780501
782.305472
770.835356
765.583065
754.685545
752.865767
772.206005
775.566797
764.779868
766.989063
783.586021
801.176275
809.304940
812.255497
813.735423
813.719140
812.481490
815.954861
820.420845
827.458445
840.567278
860.281223
876.642217
877.697519
884.042571
894.725881
908.887798
926.695959
943.963452
955.074473
952.861048
921.748061
867.815628
792.474719
732.413200
726.833663
740.830259
756.250563
773.096840
788.391436
793.528874
776.957962
742.360650
723.854823
728.799182
740.764816
745.503122
755.660827
782.721312
792.621065
780.892870
765.034491
750.901053
747.249976
740.071025
742.470695
749.626728
750.629957
750.096855
746.901606
747.777895
750.764330
756.628537
758.000960
756.425516
757.185026
752.019593
738.374420
732.202235
748.405260
775.195713
782.336488
795.962143
798.004576
781.768162
774.472538
779.271349
798.808567
817.452298
830.161668
832.537449
819.646248
802.800842
804.868470
815.995131
826.636960
837.496276
844.912118
856.272474
881.994289
909.986031
926.566046
933.425609
945.991149
959.883935
947.497522
892.429465
783.909062
704.942270
705.035063
718.622709
723.383661
731.694458
731.584664
740.791064
768.402572
786.203253
790.329348
798.586938
814.285034
824.108182
829.498445
834.927082
833.918718
824.638420
804.620613
773.366981
752.171606
759.452539
781.178405
802.314329
814.353968
826.137538
825.943558
816.345044
805.161671
801.106745
811.351311
821.663955
810.554264
790.724170
792.256974
813.318536
837.421991
848.962929
819.149933
789.192550
802.573709
826.718421
823.377364
819.183119
827.312854
847.778574
862.186263
864.721089
867.953053
877.943473
877.060817
867.416211
861.342487
860.336769
877.384019
895.775116
907.432337
915.726233
920.972892
939.986671
954.065951
950.209422
933.795521
853.246548
749.115017
707.481345
703.815132
704.014902
702.875710
705.746238
712.264416
726.273442
738.531976
748.980488
759.485127
764.259953
771.758199
771.059251
764.218781
775.951619
796.110157
783.216783
762.438826
754.726162
748.990851
756.098762
759.822523
750.784544
746.209356
732.100725
721.415298
728.612529
742.749810
754.966846
761.111628
773.550053
796.787886
806.706095
803.220139
793.086124
783.233028
769.679003
747.180599
737.599989
768.374559
790.046716
785.969852
783.569882
780.057499
775.269266
775.042180
772.470700
755.844415
742.927238
734.699569
734.363879
739.612550
748.713605
749.838725
742.634707
753.064886
773.273453
774.552032
761.060649
755.562185
766.483542
779.389194
775.082018
761.457936
761.775320
762.732041
758.649542
753.208865
735.764828
744.038517
770.024314
793.113238
811.806910
815.845048
805.611880
787.196300
777.721871
789.425354
776.785674
742.108717
704.738502
671.192198
664.914801
672.531099
683.192033
680.467247
683.899800
689.931763
699.590118
710.049032
701.780509
681.571208
675.022937
682.651634
685.065998
691.523992
692.149144
688.096872
690.695386
704.735250
715.742290
726.842555
723.113558
716.980581
707.320265
704.761222
724.659175
760.308771
769.918174
766.646720
767.154738
779.062152
787.395309
788.682557
787.156355
796.753309
819.787135
828.749818
806.346467
786.529553
791.391008
813.994166
826.103835
837.057175
865.938218
891.864544
889.305399
887.888329
891.240325
897.609553
911.785846
938.384352
955.203755
947.727898
921.051727
902.200943
873.689146
862.187672
890.454101
914.247484
905.682969
903.834669
910.635992
903.686593
894.671263
893.230966
885.772428
879.010720
873.479541
862.170595
865.845238
870.681031
878.562086
890.120326
901.867316
913.522533
922.085586
928.802864
910.823249
891.518460
888.869284
901.705276
926.614553
947.410159
965.955497
983.666788
959.769121
881.090287
765.430572
698.196131
684.996728
688.530745
691.812440
691.337684
688.999335
691.654682
710.473871
732.399393
740.558829
729.178271
709.048509
699.221001
700.973281
702.843359
711.758990
715.660048
712.227547
709.303765
711.697294
707.883618
705.069325
709.156333
713.456007
722.457073
744.487542
745.429691
732.915156
718.810241
707.562941
706.640914
719.811276
754.155217
777.624321
765.056822
748.189358
743.736695
728.601094
717.865561
725.260612
722.431628
710.878046
710.279208
709.304861
703.933384
707.029070
710.018165
710.250198
721.053489
751.464804
773.806633
768.140924
756.128331
751.556997
751.696848
760.811604
778.386149
801.475221
809.571435
805.487465
814.729846
847.842428
869.086789
879.326663
897.801736
919.360768
907.580960
825.267478
733.572999
694.656331
683.604726
678.469233
686.016055
701.823470
719.887143
734.019178
742.687163
740.984800
743.135706
739.941321
731.502380
725.518001
742.212182
775.028623
784.812973
789.510710
791.380275
798.546771
794.859482
780.326162
767.862538
769.899063
783.236197
776.741148
759.020793
755.414158
765.416792
791.169772
803.890517
803.713533
790.716817
779.262735
784.322939
773.073089
763.853430
775.974446
797.244997
799.745497
807.494071
809.072764
803.276212
789.284465
770.206857
766.203397
789.964236
812.856989
806.367700
813.357462
835.229925
849.290985
849.002160
826.870210
808.913271
813.858249
845.419883
878.684808
885.381181
879.009463
883.680738
898.694530
904.147173
908.402780
914.991683
918.945328
931.508924
962.096689
985.979730
970.271030
876.361420
797.444418
791.582154
800.324448
798.970084
796.073606
803.190344
806.752639
823.483873
816.730732
805.299954
806.437194
802.454755
795.560545
781.826572
772.466631
771.754857
773.379341
780.035868
783.213416
785.068658
784.396208
785.147264
793.248269
792.580595
783.603407
780.809965
780.405348
772.859336
767.172804
769.677418
765.254728
780.025134
792.455915
799.175918
805.748872
804.460049
793.225870
785.824510
791.659349
800.761025
823.653584
834.160467
817.942515
800.312325
794.093231
804.874725
826.689414
849.453398
862.373378
867.870132
879.218943
899.972250
923.588982
923.409077
918.986068
926.816588
943.437391
947.210775
909.003210
815.568562
758.513766
768.821049
776.623004
797.344200
806.999820
772.077867
751.388436
737.853514
737.700533
743.580163
753.258394
766.223961
771.650032
780.545277
815.806772
826.199458
801.308624
797.337640
831.198494
838.537413
813.367300
798.690695
812.313409
839.043494
847.295629
855.857202
851.346892
878.224519
906.093106
917.322845
915.986019
922.735644
937.247674
954.452718
958.633249
913.715587
798.089942
748.585281
780.546144
807.950833
778.245867
756.538010
780.951223
796.683104
794.405727
772.888598
741.199695
742.277646
775.445393
791.939130
748.292098
725.761577
763.143601
790.520128
793.475383
789.606511
778.971307
770.260818
759.032579
754.548605
777.335390
782.004261
767.788781
765.117139
776.700129
786.703563
762.331478
743.893628
745.489478
766.645172
779.004368
774.306260
786.074323
791.420991
786.320525
780.479787
789.826470
797.708961
803.908567
798.082360
812.109622
835.888014
859.586976
884.699683
916.423175
913.334861
859.081049
773.638942
769.027856
785.102282
771.564629
737.447583
747.426160
762.084305
760.371919
764.185527
746.299139
759.598192
788.082962
808.061043
807.933861
800.075607
791.275535
778.736307
756.100031
757.498600
777.675425
780.032337
792.321478
803.428549
786.363922
776.210710
776.764123
774.960255
776.290728
780.584778
766.685218
775.425747
803.286709
845.554057
876.944339
882.842449
859.381340
842.193731
849.595516
836.223113
818.111865
808.159386
826.312593
839.163316
863.350843
861.431952
855.581866
862.808068
847.632873
853.493604
868.324734
875.752530
876.868614
880.609745
879.148302
868.681072
895.670291
899.593864
892.529827
932.148357
986.730142
987.708752
860.505438
752.715912
768.208568
770.975634
759.222652
764.010948
784.456879
764.517728
755.616004
767.057925
766.689260
734.254095
719.930197
726.373722
720.184577
730.440730
748.417477
730.296588
711.156060
718.698699
713.850435
733.945604
768.918930
805.540676
809.844788
781.724643
761.983992
769.547844
783.606359
810.662789
782.785578
791.841020
832.819651
866.040528
882.477191
872.856029
851.636227
852.368883
869.218207
868.616692
866.766593
887.616922
910.697242
952.097474
1007.577694
1027.053222
981.209624
833.066719
771.112043
769.924281
775.927387
768.315784
753.344013
735.368956
763.037540
808.414338
812.404710
771.968057
766.931678
768.676933
797.366367
811.792519
784.377018
757.540091
789.481849
859.017338
871.171556
843.506956
849.243015
881.416447
912.633633
921.668202
937.098997
963.589679
1000.698177
1049.606257
1062.629769
996.128571
834.837993
782.014055
782.126959
795.723113
824.622727
813.017226
803.028279
793.554804
783.378220
770.118194
763.254334
791.827778
790.197525
758.421778
747.793922
757.890269
778.707398
785.913538
778.255385
752.846232
763.570387
823.786157
848.081891
850.300524
875.442986
914.802400
950.276710
993.141273
980.226456
847.528906
701.372721
707.461137
731.359419
726.730374
719.137434
668.871834
631.364889
637.883018
652.975975
687.454866
674.785282
643.537171
640.841649
641.004604
670.503649
690.436103
657.951097
640.371697
636.438954
659.772213
674.430806
652.211011
643.396489
670.280223
689.330510
696.919605
693.518960
688.929636
692.715617
738.195379
829.686716
896.558563
869.934379
720.089468
627.652947
631.401385
655.533078
687.460274
684.574247
656.550528
652.895469
653.410775
640.658426
629.987063
633.455175
631.043249
645.344886
662.605736
672.680555
692.675167
685.781263
664.611202
666.330257
688.198884
692.275674
681.461854
710.783783
740.541164
743.022010
731.317022
710.081357
716.476049
708.535084
688.792204
661.214872
656.272554
681.464208
701.106735
711.529808
751.120564
789.677629
780.808918
684.106471
594.642142
588.756817
591.027370
599.579798
607.359263
602.526269
612.147802
636.338726
629.181307
607.941160
616.005448
633.182312
645.544113
649.801083
660.499783
727.517320
797.062532
799.833821
736.364925
607.978590
577.886621
592.600464
593.756602
594.337439
593.702155
601.264515
602.733164
630.553996
693.091407
757.175928
772.194045
747.918756
621.333499
580.220121
597.408360
569.358975
554.912955
583.070082
593.379957
606.189534
601.202453
640.528979
735.932633
783.130860
784.962377
721.299139
587.435997
574.797780
588.480851
590.838521
579.953044
572.246375
569.284745
565.517131
568.123684
581.687518
596.513259
609.432670
613.894790
614.876690
622.817081
625.389595
652.859022
684.728778
676.099568
685.433338
715.365632
725.131170
743.777400
795.895657
843.475968
872.441849
925.756996
874.228882
721.078906
708.529248
730.195273
723.906921
709.632873
697.298314
697.188495
701.769587
721.646254
753.634612
727.985854
702.072493
708.555191
741.892681
790.301530
806.299715
753.200866
722.443121
732.199722
761.672466
795.600738
808.073652
828.818793
864.522577
894.541633
926.736184
961.735646
1004.725791
1006.532834
900.717787
776.373317
731.835074
737.910098
745.278650
730.187959
701.121408
676.864825
672.859431
682.929809
675.840792
669.377514
669.995557
680.193393
678.491962
679.962622
698.056069
695.190081
687.380728
688.381486
693.309416
669.598219
668.925998
704.123589
724.489736
718.759397
707.100495
707.641199
741.802528
761.461763
777.853130
828.012514
871.486725
890.275114
889.476211
792.151907
720.054337
697.628118
685.207179
689.262405
701.522322
712.739286
714.452782
694.460985
710.637008
715.438343
697.621327
698.498184
733.550780
734.649723
726.625358
713.006034
735.819724
763.744714
745.507252
734.752919
703.895299
704.025963
751.144144
768.064012
752.245861
725.486349
721.437484
725.550605
759.760645
768.830453
740.236257
745.278021
779.091182
798.719222
823.012494
846.297595
855.756478
869.630220
827.516939
734.554171
679.470172
641.955909
633.296295
645.017254
649.343889
635.350391
651.324160
661.141613
630.235368
614.048511
612.513861
604.687997
610.250186
645.413339
670.795273
676.128356
664.658264
654.955593
663.941153
686.612565
685.543141
680.686623
680.493846
700.661678
718.274661
733.213361
748.573670
778.691733
774.437928
772.604627
821.021065
857.620500
873.758680
889.344198
904.171253
790.468679
688.061945
693.415531
690.547946
662.562259
650.053343
673.469807
679.813965
678.034337
696.724539
694.157632
706.366257
695.885411
670.086574
695.562129
715.590020
746.589280
761.578921
771.987969
751.940422
741.541783
749.794629
787.062089
798.872434
817.917510
833.855213
854.044533
871.595923
900.715156
874.255871
768.095191
665.615928
619.443103
626.736137
646.227543
645.014644
644.468130
671.315129
684.060586
686.204892
683.753877
679.335652
685.848829
709.849188
712.437782
690.604034
687.853834
705.986895
698.068395
685.347090
699.088379
723.713202
737.272121
754.360921
787.106643
766.909538
749.446440
756.480419
768.972961
776.747628
792.159312
798.371009
807.388658
833.072572
818.195798
815.894875
829.761922
855.715207
895.553106
875.030228
771.475174
669.620094
652.414289
663.906535
682.258719
700.849949
718.462022
719.737244
714.044388
721.467609
730.851125
735.845519
731.627643
745.574010
730.443470
726.809321
734.676759
727.461225
718.178315
717.293198
733.831403
752.860572
763.077943
771.753070
772.812357
783.300963
782.455223
783.515328
790.274834
790.562381
794.126538
812.877906
832.183238
818.223566
818.402330
847.398326
844.047076
854.819889
902.739420
889.995858
773.183919
645.979543
637.733516
630.660639
646.266468
673.413913
673.087037
674.727313
685.558352
693.918060
695.529951
700.359102
708.137138
717.245333
718.495732
715.698210
736.980604
740.864685
730.476231
708.568891
699.104046
724.541941
741.813568
749.947394
731.113980
719.457573
696.184589
692.608069
687.336053
685.195056
674.039256
671.712745
656.762335
641.264488
645.489067
651.340819
648.158971
651.802418
679.364530
702.575845
725.401732
792.196951
797.686603
662.897233
534.420742
507.541568
504.451210
508.083817
516.154349
536.615241
552.886366
557.481360
567.730225
578.806074
589.787009
598.139424
611.969660
628.168760
618.651259
610.836164
601.628046
586.879281
591.653104
598.709659
602.319326
604.021199
611.702439
620.100791
639.853288
664.797176
689.597052
724.071386
755.582998
770.676504
735.373441
647.083611
555.736112
531.898522
515.647841
515.805937
521.353311
526.147754
539.592709
549.059662
542.307985
536.799798
547.538505
553.458602
568.504792
573.262295
587.869521
597.735763
614.553037
635.658073
660.520926
681.471345
681.784803
682.206938
689.528744
696.225430
701.479399
716.620242
735.802435
756.517706
786.857236
805.074366
820.059756
836.392137
858.639473
862.439497
816.350627
719.014006
625.064935
575.471382
553.057175
540.465364
532.739009
522.430881
514.994678
513.575167
516.857040
510.653309
501.706950
498.713756
504.502820
510.786842
513.037517
514.394991
522.387688
534.309753
545.355826
557.177489
571.032953
595.233709
614.216579
633.766461
655.487228
663.430297
652.768381
658.119636
674.188981
668.000249
669.232461
677.954914
687.648069
683.254348
687.708749
693.603849
707.118673
727.730149
734.374386
733.377082
734.076150
754.647395
760.362130
762.309014
772.200189
781.552225
796.592152
793.436111
797.827076
818.472117
812.817695
759.598999
678.223770
633.082019
656.188356
672.820930
687.446078
707.712519
728.598518
772.900365
791.598384
782.037722
767.462595
782.592400
782.980003
758.931754
733.233598
731.139747
763.759536
783.748413
787.956698
799.335367
795.176507
818.760183
862.087091
880.983943
891.693585
891.300067
860.456533
763.085418
692.956763
697.938130
701.267813
715.594295
721.963019
732.233017
733.719954
733.461658
743.211573
755.593092
786.445938
815.932587
830.042764
841.988284
873.144541
904.969756
917.974003
912.459027
859.465852
749.590815
726.007975
739.157383
747.015351
775.839662
803.237710
785.340366
759.219023
741.040700
743.608755
761.016647
766.580211
767.602416
771.859781
772.171334
766.245555
784.988926
802.927219
795.463170
815.863095
833.894829
831.397945
803.515066
756.312456
670.814943
647.162009
655.957319
666.873916
678.561483
684.821674
684.095760
698.480033
723.414328
745.728930
751.007535
782.270784
822.210642
820.543186
834.050148
876.287847
919.901170
935.088292
884.051652
779.673262
746.459368
762.268806
755.839759
761.278951
781.442852
768.837288
743.925560
748.141049
770.251213
783.359648
804.557561
830.219926
844.485309
822.137277
793.575779
849.834635
873.064975
857.122319
869.864862
888.419324
892.457706
805.387595
690.785964
631.805798
637.068558
641.497225
656.382455
674.984481
665.162864
646.060016
653.030580
660.996954
667.547423
699.915662
717.317735
728.231293
733.384095
754.986125
755.115543
756.866947
766.829215
794.329845
819.792536
814.686483
799.627342
794.541912
780.222378
776.096772
809.754332
765.695608
650.614996
608.310568
610.761424
612.266565
615.055793
603.491204
607.976651
632.056332
642.522900
643.932806
629.698261
634.372326
630.907666
617.675022
614.943177
622.661388
657.283786
680.482309
689.395529
700.399116
698.672084
721.497214
733.376339
735.609727
733.295111
735.056620
765.426747
819.713344
808.330428
782.997629
789.208689
802.936367
834.759623
855.629915
842.933374
850.964661
868.963870
914.898768
928.611978
753.650015
653.009217
688.539585
682.749883
651.212157
635.636807
646.878076
668.100385
692.728894
692.093282
659.835133
655.065573
655.980637
664.251763
697.396957
728.355800
727.116159
736.527093
730.740110
704.832506
707.261858
722.867552
715.698973
723.687785
717.841655
696.523286
690.214120
699.271275
710.637543
731.470772
752.915643
774.551207
615.871105
514.466539
509.556265
514.763839
514.372042
533.198378
550.014023
563.439153
587.066644
584.528357
584.312427
601.519624
604.195566
611.964995
626.055082
637.613855
647.183592
660.834417
651.869822
656.366279
672.433057
658.996131
665.644989
687.021619
707.372486
718.772928
713.147756
712.311096
734.078754
748.822290
751.703140
747.806549
746.231491
751.323586
758.263646
778.940931
772.486094
758.719255
748.355767
740.788980
760.615206
765.719658
766.490033
781.785783
796.216286
822.445289
846.364770
851.250317
866.964519
865.779618
855.514924
876.543644
880.704996
875.022651
884.109492
900.007500
913.914941
962.117682
915.724198
724.760821
649.510987
678.457594
701.276749
691.476791
677.967201
666.835982
655.159247
679.385792
692.291581
710.223038
747.517045
794.471873
803.437725
800.120885
792.993838
806.376164
796.963301
768.203861
758.201048
740.905611
724.583831
744.855367
770.200869
751.518068
741.128709
747.599409
756.891782
774.049238
768.394368
762.631954
773.519047
807.144153
819.978201
827.766155
826.103406
849.705591
869.185103
853.025066
857.172445
863.977219
912.263473
936.378699
816.554998
596.303415
551.005063
572.281369
578.235994
567.581665
549.483548
561.407381
579.038373
575.355797
575.056602
584.774769
602.311063
605.575690
584.459972
591.280931
601.805056
610.274731
613.085316
617.709758
631.074168
646.643899
658.300511
677.911060
704.910284
713.378525
702.010326
700.268843
720.073028
741.252158
756.469592
757.865867
773.693938
779.209019
778.336680
788.887681
804.411993
810.925781
826.605981
838.926549
852.396282
860.841760
861.296569
868.722091
888.392959
890.005287
906.493676
925.210235
959.649817
975.737215
966.190946
832.783735
712.950490
681.074423
675.946433
666.098111
647.521770
653.301500
655.834255
644.512047
638.375875
635.642851
633.608519
634.627505
632.097445
645.069896
659.573988
666.214610
659.733036
660.507988
652.835666
648.267100
668.681801
703.262020
727.429244
736.627547
744.834936
754.816987
753.552162
750.345752
737.503253
741.518005
785.913506
822.304622
812.140188
811.392801
839.657381
861.563084
874.681077
864.485264
868.570389
909.485289
935.410605
832.185681
601.984436
539.860111
537.907496
549.547347
545.536206
546.746707
572.135434
605.216861
631.117339
629.477360
616.480201
618.622378
622.229318
654.876271
681.274105
696.412080
697.762972
695.593785
702.923230
686.484726
689.509601
690.842497
676.587137
671.899350
701.341346
735.193514
738.068707
735.750682
738.292984
784.034084
816.827039
841.718453
895.012572
916.209268
924.286864
919.580707
725.632783
561.331551
556.144577
560.675506
541.248270
549.972904
579.438113
595.366842
598.173832
592.167215
579.280000
558.369739
537.461113
529.541291
541.495489
568.998080
591.740064
591.866168
589.659591
599.080295
606.114890
624.222624
645.333373
666.083855
673.051847
683.237495
688.557962
685.330024
692.264832
684.469368
668.077957
665.986950
667.543212
684.264133
701.549348
714.440370
718.126117
723.500642
723.251253
729.553929
755.616742
777.665542
793.164751
787.235820
773.088824
795.000307
832.104244
821.414927
782.628652
656.336022
536.562012
524.129414
532.658763
526.684246
534.092180
545.850295
563.299476
565.001867
556.618139
543.159908
532.117078
536.325101
554.363410
576.900852
597.029029
609.548346
615.415923
616.927717
640.114099
672.415355
699.527547
733.410492
771.640084
804.101242
818.511688
816.575073
815.504766
829.971449
877.948303
928.159818
922.211140
837.897121
683.952914
577.316010
560.842046
559.464603
549.869808
532.424442
528.850222
544.472245
570.918261
596.602285
610.722964
618.185263
631.943647
630.957874
608.605787
596.731626
606.694710
613.850338
604.410959
596.844489
592.481901
586.715144
580.880305
578.713085
577.078171
590.329665
588.135319
583.925377
591.321278
591.883292
585.338666
579.572196
595.594077
617.321017
617.582397
615.207098
616.389565
638.063942
666.976672
682.520574
689.203989
700.667008
717.849340
755.156431
825.370057
899.514216
906.092234
846.254309
695.454265
606.142790
596.627245
596.666954
571.775724
559.477692
581.084062
605.832542
613.134057
620.843843
627.061728
627.952363
631.474251
642.298786
652.319622
653.050840
662.215964
677.858036
696.850348
714.818877
726.296978
699.559211
702.978212
734.828511
754.733849
772.372701
789.940566
785.296225
797.428698
842.452237
883.336379
912.160128
949.293873
962.208003
896.961965
767.988393
669.756924
667.789495
652.410908
684.248350
720.505414
753.376804
746.912351
738.511670
750.586307
783.043453
819.902892
853.311336
887.067176
896.265489
914.330379
940.671290
945.950664
974.290965
1020.212254
980.933627
838.163480
723.065732
724.761191
725.576919
704.953841
712.712642
744.510266
782.001783
812.690991
812.553759
797.919142
810.532682
845.708374
860.908300
878.325460
919.930322
976.483192
1022.689419
1079.263092
1031.479586
892.218194
742.849841
721.051282
736.911842
782.594623
812.673343
816.746888
823.837464
832.714012
840.060885
874.254619
903.366535
915.550736
944.393849
983.576427
988.589253
957.947320
929.551736
916.840046
910.683244
902.748634
902.426214
925.335648
939.932106
855.857995
711.883979
604.129677
598.056020
621.384320
630.337726
623.616188
637.927557
640.204255
635.699846
694.041774
819.718414
814.080476
670.330377
565.072388
544.961054
532.125894
527.939516
551.068392
566.661978
563.854403
546.792526
533.483134
521.947853
523.072510
546.169226
581.039745
593.792519
594.083353
596.558405
592.463328
586.581492
602.125527
630.222702
652.587126
649.181869
658.250256
652.358560
640.933678
659.853403
694.170696
706.982239
718.475170
779.719340
819.258844
769.863692
649.674963
588.892455
582.190032
579.888364
570.291745
551.404192
542.962771
548.847489
550.713691
555.967786
561.765441
549.867427
551.906382
557.739417
541.164606
525.168610
522.352731
534.588182
546.184005
548.194497
563.756535
579.680591
585.557267
584.530304
573.638507
567.174261
588.097450
643.630594
671.987238
593.041592
502.468047
505.908948
518.446140
497.087874
498.912568
529.051033
538.078598
536.418065
534.955472
524.341411
516.774541
510.755094
506.778166
541.629742
552.461208
549.745926
557.244954
574.958498
621.393645
623.479774
609.586737
619.520987
640.734545
660.519758
648.682466
654.133545
693.435580
714.050878
735.803042
789.814924
880.600086
862.218631
701.242808
606.369518
615.665425
621.715651
607.192912
576.123470
585.766320
613.491678
622.123305
589.193028
549.117775
527.832606
511.073055
502.981548
501.498486
519.900768
558.197627
597.332610
621.439651
639.511844
659.239914
699.792672
724.527569
710.433580
696.999439
693.288083
687.481677
698.925862
751.644342
801.239135
739.701729
613.684230
590.213512
575.835866
541.285240
507.690063
488.599994
492.895951
506.113948
517.780291
529.229332
512.526095
506.508123
515.544850
515.488718
518.511627
525.925295
527.153289
525.023724
521.910198
545.268611
557.358546
551.422635
539.847147
532.336054
528.941301
547.976233
579.366745
594.787495
595.815516
607.044110
615.234006
609.638737
633.844622
700.729660
768.129125
731.436341
605.615579
542.561339
531.388103
504.525610
494.766885
496.924271
510.385389
531.807236
546.757644
553.138794
561.444928
553.057526
551.604135
549.894418
542.601404
546.631812
561.767279
568.321214
570.671152
585.024902
603.047432
629.313681
644.645035
646.694592
651.205694
664.669659
696.627969
735.041331
709.761968
599.674733
534.791881
528.016316
538.439725
557.533712
540.902392
550.002769
583.193699
607.605193
673.940049
751.321503
709.889675
611.092782
584.443952
588.641953
593.249270
580.689810
582.564295
595.564464
605.877984
636.010101
681.217956
723.623220
753.962293
804.494281
802.465814
690.593762
615.001924
609.061876
616.063819
626.855651
627.264268
599.405845
594.092579
619.613937
648.766125
654.060542
683.310748
710.486389
744.440303
791.028860
845.261112
860.573152
760.119523
658.140210
646.154907
665.053599
680.492347
690.109046
703.981715
717.494309
746.450401
787.025185
868.937364
889.966126
862.706636
738.852177
661.283257
685.640754
727.668403
725.431153
716.550581
697.698902
689.466075
712.203956
727.774627
744.768261
730.432093
748.388704
762.713556
775.961388
804.415504
825.056560
863.131056
878.446971
843.780638
722.694540
657.309576
628.220923
653.419267
691.273411
699.562218
687.936321
665.477852
685.339749
697.657597
710.364087
743.385543
741.891905
732.554960
763.954030
813.911233
832.335497
839.311755
859.635508
882.410276
840.209784
701.989883
631.180068
631.807324
643.398076
658.263263
665.287012
634.752237
627.789717
652.245278
689.437496
732.907780
726.055378
736.210028
768.134514
800.248581
864.090665
860.026820
748.884590
665.457842
668.950889
644.822062
635.026425
659.192806
676.336254
681.932303
674.239164
656.070997
669.098624
693.487230
695.646916
704.925709
715.795545
738.272185
765.122408
782.741234
813.263987
837.592320
853.179863
840.456897
744.583813
676.467637
682.770496
685.123822
671.945646
653.373819
657.826842
676.919153
687.258767
683.619261
702.983421
723.960582
741.243846
758.731091
778.512372
788.884374
796.634244
775.282648
710.709376
654.438884
643.610042
637.912122
641.307999
654.290379
675.350327
693.418772
715.308799
745.790025
774.542611
794.786849
802.170513
821.870303
840.577037
833.814392
804.177706
736.830511
690.592206
684.177425
691.540370
701.458061
710.735894
723.827834
718.751205
710.980711
721.489109
745.147947
767.110917
770.524414
776.821530
785.678228
794.425365
802.682952
826.435524
838.138217
827.179771
825.645597
818.360202
799.249584
790.215212
787.550310
782.755597
762.623607
748.335308
717.246700
691.631654
685.634566
669.099243
688.277844
698.479361
699.994016
704.809212
710.505262
719.723328
745.061720
753.749034
774.804468
798.490905
817.683826
841.489664
855.928025
876.835770
889.826855
891.766416
889.298378
872.006422
833.556916
708.751003
643.297298
612.615664
596.711386
603.666400
610.199915
615.651707
610.037407
632.400672
645.619951
644.143378
650.729488
661.056839
679.637437
708.305128
734.557826
748.346649
750.711868
762.946196
788.114615
796.367062
802.486878
821.457527
835.476413
840.101955
831.715709
821.579358
799.334158
784.491051
771.277916
730.021635
696.469403
680.009440
679.536099
685.692995
685.679859
673.820492
665.416793
662.432071
666.273199
678.995218
682.297098
692.792806
698.059844
702.351622
707.099293
700.947185
710.393410
730.276513
747.676225
752.761670
741.813464
721.691768
696.811104
700.927993
672.153940
640.376782
618.535884
613.925239
620.817511
627.325763
625.350733
631.572810
632.537185
635.956502
648.775936
659.351282
670.389384
699.904276
724.502041
748.863942
768.214613
782.169368
789.606079
809.841422
790.725748
744.424104
719.574756
702.570381
698.588066
698.963602
685.188005
685.834046
702.906174
711.285032
718.317914
729.221761
744.534499
751.467850
775.285598
798.570949
813.474613
825.647334
830.975973
830.479058
852.792974
856.009881
807.413309
764.813234
757.029057
743.901956
741.518432
750.327707
755.771749
758.522461
750.014013
748.779313
740.070750
754.095535
764.049003
781.138909
795.631266
823.659224
839.939060
837.633002
837.028656
847.491446
839.103376
832.917197
827.809531
777.313072
735.755625
716.593315
693.923470
695.317494
696.764813
690.072072
682.146275
681.963790
693.930162
708.385503
720.038241
739.633584
751.119459
758.985112
766.022751
774.567573
790.019424
784.382579
790.652991
813.066450
774.068263
745.331008
734.755303
715.297732
718.238233
732.655778
733.657015
737.986124
751.053439
766.030565
775.414532
786.830594
785.672859
781.666498
803.095132
798.697271
747.460503
730.182614
713.414670
712.718976
719.446151
715.786450
710.114512
703.181007
716.726150
733.169142
744.342371
761.381025
771.887305
778.204183
791.056235
802.309303
812.036800
816.248435
838.841825
813.962443
779.784444
737.923400
744.260795
734.496175
737.510465
758.149889
785.754627
804.346314
819.035334
844.249777
848.794697
839.652107
831.804005
818.492249
818.901187
835.930516
818.848052
774.551459
761.736811
744.971817
740.643177
754.206599
773.685656
781.289685
774.589154
781.527483
795.085838
822.312852
850.419843
870.987927
889.928334
917.019909
926.425657
905.757424
885.123712
869.467038
880.304477
838.297815
793.675817
777.597098
753.644255
722.775740
697.789891
693.916241
692.667527
688.692300
676.952100
680.725723
674.824904
673.349335
679.658049
687.339835
688.734025
681.626433
691.794218
697.195229
701.844997
719.591786
731.405553
742.482545
750.914498
756.163858
752.761269
742.573030
722.623939
730.095836
737.763284
705.942307
679.314613
671.097708
665.687048
667.958926
673.587212
682.630007
688.332545
692.890757
682.121043
667.355833
687.022055
704.016634
681.631656
657.064579
638.568866
628.641926
623.028764
617.441485
606.304798
605.390232
616.412511
637.607624
655.256801
668.178639
684.527503
696.343620
702.349207
700.321094
714.443636
732.915662
701.226802
664.742927
645.791903
632.584036
636.157248
632.329116
634.689266
630.059594
632.450006
639.944817
655.053492
670.821023
690.934748
705.728806
711.219046
728.748666
743.050278
724.811611
687.943730
680.486936
663.566828
654.886715
669.491144
673.230344
673.973395
666.570655
664.714283
681.617923
695.133491
718.426490
739.429889
764.302681
785.466580
801.233434
800.211809
796.945437
779.297237
731.124223
698.504484
681.485259
671.472146
675.117778
673.789559
666.024892
667.708416
659.405045
652.747423
651.363197
654.279436
662.765975
677.044939
675.753156
675.451179
685.486277
700.052972
708.554341
708.631085
727.461710
750.821558
753.346872
749.212125
731.257264
677.112001
641.769601
628.741415
629.376574
628.323866
629.732899
626.364323
622.360894
626.920296
646.313676
663.970380
677.932190
700.756239
726.239052
746.059584
776.846907
795.996564
809.309094
809.446189
817.000680
769.408385
740.116652
724.621394
691.369023
675.051745
674.196666
687.055172
697.379822
724.399877
717.423494
706.226845
701.131215
721.253348
737.545920
757.028700
784.017769
781.843172
787.350275
773.648022
766.256835
782.737826
801.914357
822.551382
838.375315
862.604266
882.540462
904.104598
916.475216
928.612473
939.226238
977.941155
1012.007959
1030.470455
1028.520867
973.461453
935.694418
916.815755
904.693124
903.854609
884.646720
865.830598
878.197543
890.267057
895.614859
883.756960
854.706271
824.980568
811.434360
809.054472
823.376887
822.194303
819.469080
819.583527
808.720062
790.962285
785.004636
785.854861
784.906932
787.129840
787.941372
802.248737
817.453868
821.919856
825.387332
825.737131
826.838851
834.980320
843.392332
850.281397
850.145170
844.815963
828.672784
799.917483
775.139125
756.581324
699.570666
634.991497
601.206841
578.768185
568.535699
555.223129
562.227917
579.965363
589.271326
592.179429
602.423291
624.315947
652.521994
676.240700
690.858188
710.890733
725.295635
727.960277
724.236995
713.689125
703.573874
708.818366
699.831618
646.761190
613.586849
584.175799
575.520138
569.311736
560.288205
569.265183
574.267386
567.966744
568.147050
572.844238
577.389425
589.181833
601.570442
612.213265
624.745275
647.051437
672.830070
687.685609
699.504681
708.917414
717.169251
725.824270
738.718523
754.621476
767.065448
773.216963
780.046399
781.761320
771.631586
753.317850
732.588432
698.277505
641.389671
605.946033
576.649961
553.579312
527.535586
512.597096
512.431361
512.798123
503.002747
502.100688
506.430573
515.332105
526.979448
539.409805
549.801613
580.516090
620.604201
662.354762
707.584515
761.126820
800.642411
815.092845
789.839734
767.864912
735.809682
667.405765
610.628980
581.423018
575.492745
567.990733
565.978778
568.883288
576.423228
571.490049
564.245453
559.480075
552.803531
549.257422
547.836650
551.638235
554.841327
557.820666
559.081729
562.984926
570.020514
574.275649
584.542569
591.862720
598.271640
617.031708
627.321288
641.591795
666.159008
690.635623
720.216665
749.778636
791.129335
830.655513
845.405721
852.812209
853.255307
832.935105
822.419260
813.658599
754.848472
653.955066
626.781150
633.329848
628.677262
633.103308
642.772225
645.261397
623.845673
616.090747
607.160993
603.585610
601.995568
606.362143
601.629834
608.831574
630.543380
658.453203
698.117159
741.975746
781.758935
816.952629
838.662702
857.396791
865.037095
853.900912
855.674317
865.122497
813.670311
670.615822
590.463998
574.201479
556.393633
550.765322
560.132676
577.964543
597.516944
599.824565
577.665747
548.439803
560.393145
579.113000
601.849070
596.655291
593.921990
609.349982
601.487873
596.036973
627.788704
647.578273
664.438810
672.247662
667.323627
692.467077
758.824941
817.305033
840.220978
870.684699
875.187624
873.878326
920.516769
911.377137
747.163787
626.927418
617.106765
618.124709
589.201179
567.616265
554.110973
554.806361
574.396707
576.658761
573.993377
578.145454
583.255258
589.432606
596.327163
615.050410
634.860220
654.702341
654.966159
690.452100
728.983487
750.376186
740.701031
776.289064
815.381095
859.357974
793.688799
643.548666
601.688817
598.711464
594.882561
577.257505
576.545201
579.616874
592.579108
586.481454
605.748867
621.371057
631.770272
644.434885
660.768743
696.704088
731.313192
737.834871
762.705890
789.642126
827.442233
853.195324
859.738759
847.454076
731.642256
675.662590
650.432678
627.121819
590.473179
602.665264
616.217031
613.751651
611.432276
582.685585
583.381234
585.902546
581.128320
582.627549
586.125214
587.911500
609.553587
636.335084
661.045177
682.168486
709.395515
747.671268
783.333522
808.612860
827.893429
844.633617
823.335670
759.222394
638.617157
587.238169
545.209063
531.141012
513.291043
507.778188
525.942609
539.092013
542.859957
539.015301
526.275165
530.231505
527.304308
522.004636
524.724425
539.809500
540.977460
547.189960
553.633855
552.970557
566.161444
566.329840
576.359854
575.869439
589.372128
594.605980
603.415183
616.006061
622.958556
614.689633
619.683396
620.510199
617.216122
623.056794
629.694098
638.453531
645.617834
636.030501
636.637446
649.199472
651.098716
650.947273
656.576135
657.812345
672.890261
710.147326
705.614762
662.041642
591.615824
589.211997
562.592317
532.394439
517.675943
526.142942
506.331637
505.084394
507.879514
492.703390
477.854558
481.839815
498.450856
512.904259
533.589813
552.291791
571.749995
579.644350
591.049909
597.346963
620.140338
642.531572
654.792920
685.983448
712.090675
726.809874
743.761248
763.472469
775.815949
789.159466
802.482922
832.266774
829.599079
729.957518
564.219545
543.251426
507.595290
490.621134
489.718174
512.580030
532.857995
543.413654
579.954422
621.191027
618.364560
583.807445
578.915942
582.388082
577.502796
594.446167
623.995026
655.914934
664.978820
643.022655
639.284804
647.972074
671.811934
710.510845
732.106295
718.257160
722.915188
750.463094
806.125055
826.858317
869.879861
900.879535
798.491920
650.155224
585.912970
587.828436
575.502594
552.837695
548.840736
554.960924
571.677635
564.495777
545.689291
540.993935
571.049385
594.002878
607.988523
637.406425
656.747929
671.636723
699.521820
736.967249
773.884316
830.145857
900.997165
925.042816
841.603064
677.124103
670.875253
653.140346
616.304290
647.433170
734.646827
745.994100
710.525587
677.363966
671.812192
710.215036
729.084574
740.970141
773.754723
846.463637
921.220856
930.774849
880.436053
784.312468
739.976273
709.103877
703.072570
727.218616
768.625693
802.695774
808.897302
783.927714
724.060352
688.816137
702.292412
737.743911
756.554128
733.474235
734.498594
743.428094
803.646786
838.873617
864.336707
875.267045
887.010257
912.559194
926.388509
941.878128
962.356692
1007.313208
991.574142
842.091347
756.621861
761.205428
729.918229
683.944354
692.471116
738.939941
769.451927
781.014424
795.601169
766.636569
740.045381
730.424736
728.176103
729.736458
738.655858
758.198153
789.607598
794.933487
801.265802
816.185959
847.052195
844.740897
839.167866
837.823329
834.793141
831.050350
831.619212
867.966426
887.912666
894.497565
904.621812
904.206520
904.659766
926.602127
942.392265
942.866667
984.592508
991.045716
868.077806
746.098805
721.195250
704.827622
699.842110
675.721375
656.571609
654.678456
680.795274
701.914455
686.105292
685.929188
687.492539
679.804667
642.545947
643.548368
651.517508
664.048594
669.259000
682.407336
703.299969
717.641126
724.984053
715.046871
698.362514
706.743766
728.709142
750.592739
756.661560
745.581558
735.225994
754.276824
778.976282
833.715423
906.587529
816.768059
686.240645
664.720553
637.486350
640.222786
641.925268
664.278102
647.343433
627.093965
626.809509
613.294684
595.528979
608.752094
605.147310
594.036938
607.806330
630.038761
657.924649
687.613978
704.783386
710.254029
729.465957
761.071349
804.029268
854.865004
918.084165
902.366266
746.919874
638.919566
668.286432
669.814720
618.699376
611.744122
624.095569
631.152687
604.942594
595.735909
628.578998
647.982209
636.733493
620.299478
626.114206
612.883506
597.459589
613.491701
635.027711
661.550849
653.943164
680.167889
705.630344
720.932874
749.854505
797.191402
833.343239
829.422613
852.840086
905.537395
973.250905
985.707266
853.935537
662.076422
663.958860
635.644915
605.767153
628.883739
631.332284
637.793737
680.656169
712.558209
701.164842
671.817534
637.946712
609.794228
640.350553
678.947343
690.141707
732.152387
761.196464
762.854474
758.289081
808.860041
841.511888
874.322321
943.059070
959.027249
952.653964
978.162156
992.338498
1011.230736
969.156859
780.865551
639.476932
658.988551
651.583945
654.176017
700.797877
782.564742
785.576145
742.845286
716.303436
689.067935
704.499543
730.901520
743.987768
772.416352
856.989276
946.791417
920.278822
722.978045
674.211283
650.265553
607.457326
621.225575
604.422387
617.646483
664.641171
698.556365
709.234675
694.610930
647.123740
687.432150
771.426258
814.202796
855.405160
931.127383
946.851589
811.522483
669.650450
682.919956
648.489347
605.164136
610.785917
648.219314
649.616583
615.882304
633.419988
667.731117
672.625288
639.006251
644.170620
633.781604
632.232651
663.092797
722.010441
728.247615
719.367137
736.962227
760.817801
789.232150
837.699434
857.175300
844.203799
729.246470
664.427176
675.919593
657.626161
640.179039
652.978800
676.173470
651.436508
644.346297
680.159800
674.926167
658.422008
636.903397
651.431091
666.078477
681.615591
650.661116
620.165712
641.828907
656.929657
636.210100
626.162850
621.966760
639.465671
708.271978
694.293547
701.403875
738.112656
769.100621
823.936987
867.660375
868.112418
830.067459
663.958783
653.818182
676.343811
644.304628
614.287499
634.672412
665.468592
677.195251
693.759105
693.970856
676.162000
650.719408
644.760911
647.774428
657.957648
660.609998
696.552574
707.906625
693.653656
681.609549
673.069150
701.494140
744.233863
737.595275
741.528197
766.780163
808.232491
848.542196
841.979643
867.656202
915.372045
956.260139
939.036383
776.205296
587.823796
607.201110
640.580113
625.443866
618.241802
637.496043
668.413163
678.886672
632.961763
613.775622
664.866595
670.539762
645.550983
670.332253
707.662688
772.171927
775.005812
772.284126
800.788606
824.490493
874.502433
960.717167
1004.496551
992.713449
930.574855
784.639493
712.000966
698.219107
665.444510
627.458176
623.609983
648.535329
673.579012
683.622042
650.222795
634.319874
606.224846
612.543401
633.762748
625.084133
610.890943
624.423887
652.840011
667.767214
695.628510
724.716592
728.894179
749.358311
799.563737
870.418887
913.717080
873.292101
715.360528
651.026568
676.900857
687.589176
706.606326
702.470888
671.760600
671.430368
690.573256
704.728730
705.026215
699.085247
685.049085
693.997422
727.087310
758.334690
790.870959
822.480588
847.951976
841.857994
779.263140
670.801882
634.941125
611.252370
604.056086
652.561476
705.068632
711.267716
687.382483
677.951980
685.033837
692.680396
685.237751
687.563902
712.298140
715.876307
716.754915
722.867233
749.575933
782.126412
800.574124
816.352715
856.824644
923.074528
973.774471
977.499634
837.655095
706.463382
691.066608
682.556644
669.093628
680.214386
737.878581
783.827932
788.563335
757.647525
744.364813
748.792755
753.079861
779.911270
798.494786
798.439053
823.221753
867.178449
905.002926
931.147509
949.133276
973.687932
1004.193325
1003.742783
855.664207
683.659426
702.565554
749.949250
749.084862
738.613372
789.560890
825.571210
819.652864
810.995287
797.815372
789.415567
818.735366
836.071431
819.014235
778.904621
808.561570
870.726670
876.826980
871.386064
902.517744
910.561140
933.847763
965.053200
999.232185
984.501208
835.850607
708.517956
698.570337
701.124328
702.405999
730.199932
757.310394
755.440271
726.527372
730.610199
758.228257
782.380333
785.997232
760.973637
726.203516
739.158027
800.661887
837.111182
813.012371
801.276175
833.582732
870.009788
878.841958
873.842989
870.933615
875.130232
897.191619
902.635610
785.266174
651.948069
702.450586
716.018280
675.042776
629.593896
655.731648
700.702318
704.721123
678.069211
664.116440
688.011430
701.944673
698.513228
719.453378
748.463900
780.233968
802.639080
833.897054
869.528115
900.426924
927.812016
881.773942
737.541603
661.251976
673.073215
665.094779
642.647505
639.146368
645.156310
662.891845
677.121816
691.855040
679.808122
648.936306
636.809853
656.896863
672.752863
708.462460
735.507349
775.083444
821.333812
816.026189
815.236194
832.453916
844.572219
864.213335
882.167848
890.627799
901.286456
929.330350
934.820894
823.433893
657.854511
638.371893
660.076764
638.016015
605.341701
586.266286
620.124704
640.400129
637.889299
636.316869
649.436836
671.511784
693.631995
675.946137
686.801920
698.321758
722.441052
744.379732
774.637083
771.080299
758.049108
759.019298
777.344208
800.025145
808.926606
840.472224
853.988263
840.288673
823.899458
838.103900
852.476699
873.809543
917.006991
913.035796
893.668111
914.982285
924.398355
942.540466
959.937586
988.412559
1022.685740
988.343611
845.783033
767.205449
795.687147
774.970005
757.735655
754.068239
741.397263
739.865542
724.287352
717.153313
730.383015
760.384148
765.471619
767.527038
764.986364
758.329426
753.174587
750.163535
746.191839
739.218256
753.917694
754.060174
735.788747
735.920898
761.736766
804.145230
810.222801
771.121638
778.243948
793.720817
795.441920
799.066091
806.235016
824.152222
844.759053
838.306088
834.180916
839.545945
836.777006
848.942810
863.340026
863.257586
875.536712
867.505298
871.796710
890.985583
885.915796
869.213484
874.393656
888.144277
886.416417
850.518632
770.483411
739.053490
737.449531
715.316527
689.338407
679.374762
682.402189
665.704574
662.807661
661.777478
675.998500
677.755296
645.503662
648.933084
659.321619
658.803751
647.078004
645.631767
650.317448
664.730580
668.112316
678.231561
701.135624
716.618858
705.308158
704.293710
710.632299
719.575219
744.211174
740.484886
747.554052
761.353007
760.652221
776.441177
788.222696
791.587342
809.933086
819.286803
824.516516
834.614788
844.081958
849.873694
855.748005
868.473996
871.525037
862.526598
860.663586
860.698281
870.609094
865.461113
853.152960
854.187103
874.098205
904.922943
898.269370
866.443364
820.441488
799.351685
788.627726
784.183558
742.512220
705.488954
670.231423
685.112136
705.193700
720.941788
722.428782
738.013553
718.281525
691.006402
709.784368
730.443255
737.057703
721.539472
683.962270
653.934654
657.717036
677.099814
681.967358
682.862499
680.225006
666.965197
648.455094
668.162074
683.998308
678.059425
672.144329
664.063412
658.446313
665.059807
675.310275
682.653665
685.842620
683.774329
701.500870
710.453868
698.122394
683.334987
689.089713
699.305414
717.932119
737.797299
729.488895
732.306093
743.573561
756.634955
746.712339
738.292931
754.663177
771.065366
772.075577
786.388840
805.856903
803.056143
812.440921
832.553910
823.977793
810.395398
869.640608
919.080577
853.027700
702.820798
725.190661
748.994803
703.481364
669.589166
649.460630
648.513900
653.798747
654.618061
641.738327
633.322455
632.653844
616.812561
635.492988
655.094655
639.600911
622.948600
610.471486
606.241941
613.178713
628.072678
612.126432
604.917693
614.186697
628.768760
645.858328
639.303399
628.236227
628.147588
641.467978
661.279146
663.848536
662.578935
663.510199
660.298881
675.122938
694.967930
707.056790
707.532418
716.890773
724.575902
737.785474
766.797310
778.748684
780.511355
811.642398
830.881984
842.494634
883.850751
911.811958
832.081570
674.611441
666.617578
661.695322
657.172645
662.107888
649.001905
622.212389
608.512519
606.976928
602.815441
612.291856
617.580735
602.991503
591.540580
587.698678
597.278877
604.783770
620.059311
617.498406
626.388060
624.406820
609.986934
590.904677
591.912583
602.932500
612.972267
636.785920
630.450042
615.291016
615.567939
616.858710
622.424903
614.163300
629.603182
657.910314
672.419738
677.777133
675.674832
682.348797
710.313457
733.269968
756.963075
770.967315
786.548504
812.070064
832.686146
829.472578
844.581059
885.565858
907.576118
864.044629
786.634634
769.945150
765.225220
745.178924
743.234105
764.514706
752.615239
730.930066
726.010674
694.972968
681.329683
664.025397
668.919762
671.859004
685.768216
673.815824
704.297199
726.556841
718.399822
708.571938
716.430321
732.191983
738.805513
740.462120
742.534707
722.448330
725.544528
744.507484
770.033639
765.585566
761.630565
745.958826
739.219937
731.809547
745.575843
779.882134
759.196387
745.760711
751.470580
774.212548
768.798254
748.853658
768.236462
775.110797
770.943869
767.707189
775.581708
784.541294
777.819719
788.822857
792.531051
788.383249
797.743380
792.438434
800.068783
806.289687
811.193664
808.963014
805.290090
812.439083
819.054820
830.782114
849.877079
856.893514
766.228165
697.695547
698.648154
687.112548
675.025972
673.662158
673.679145
671.648043
684.831612
680.177750
690.073694
742.450115
767.098418
731.162287
721.793761
721.231325
698.496431
687.455391
683.307820
689.910635
684.174623
672.756177
671.470791
680.473990
705.153355
714.507406
703.253856
696.240013
714.487704
726.282206
745.280094
754.717547
765.673721
779.293910
800.889848
827.525345
851.275969
862.290781
869.783913
879.425242
876.770595
870.996492
855.045444
774.792191
709.556703
697.988775
684.026925
657.149699
656.521810
659.880839
634.461790
635.982256
651.682765
670.682773
673.731004
681.329066
674.526982
661.409131
653.172921
644.863507
641.079176
636.759072
651.870957
657.489000
662.184960
668.753043
677.972030
697.779954
718.573613
735.295701
751.865369
778.990835
809.605860
834.642070
875.430988
893.091996
899.263995
899.202953
892.125643
880.926360
829.371310
745.925562
708.423607
686.955605
664.504651
656.587808
656.143039
648.774898
656.790979
652.545513
655.258880
664.895169
661.801516
651.595419
647.038031
647.407887
640.061823
627.950364
636.714131
641.760174
645.069267
647.087187
653.967850
655.227080
655.066255
661.415353
674.382628
691.794084
716.910532
743.718995
774.912588
796.726917
829.586829
865.749384
894.324196
914.569835
937.028229
955.459099
960.935980
933.005187
915.721190
897.735680
823.399346
743.897586
699.653044
682.256587
669.575778
668.617337
662.175172
666.401768
665.195588
671.118491
676.463991
667.509454
656.932470
654.518760
649.586155
658.200627
666.905530
672.348288
691.178818
706.909669
717.724161
737.096342
759.837035
792.171219
814.090163
839.705121
879.556604
899.265881
922.478193
935.024314
919.355503
915.935491
894.830890
834.644674
760.661031
729.689737
704.032457
676.282215
649.599613
631.162478
618.451263
615.029649
615.535658
617.424570
625.291851
639.207073
636.633443
641.114722
660.530675
652.802577
639.409255
635.168263
630.604674
623.097381
634.478211
649.667469
661.811199
663.186716
654.779336
643.536549
640.444563
654.992911
659.592606
669.782663
688.044733
705.463309
717.898456
723.161230
721.674427
722.983431
729.101114
744.068520
766.779451
780.892335
800.712857
824.357299
844.657971
860.685470
874.893440
895.142475
900.842432
874.517014
797.681428
732.323321
712.461470
682.458764
660.338768
634.162363
607.881525
599.199591
614.585047
620.286237
631.525014
632.569910
614.107267
623.809590
643.097663
633.226349
624.689281
608.212302
594.887404
581.864736
586.969170
583.201244
586.681128
586.463876
589.254548
605.302478
620.271491
633.606414
621.466824
611.846823
620.736439
650.373821
676.233820
694.930402
692.572878
691.911541
701.873395
717.662455
743.841854
766.351392
791.391846
803.620556
821.510834
838.288044
867.686422
877.205912
882.598046
884.143019
883.373171
807.978439
651.315212
616.715389
623.136630
604.904132
602.776567
590.067225
588.033431
602.726498
609.535100
625.190090
625.832341
636.720026
645.692157
634.021365
622.912819
624.191877
619.477582
608.049238
596.035131
573.131604
574.824392
597.178802
627.999055
626.931974
609.315634
587.514915
585.125423
566.613646
583.981393
630.057073
647.289734
619.208592
613.314760
627.016684
620.712618
634.621573
640.216935
636.234421
631.554000
645.899678
653.590034
646.889582
644.216742
659.439125
679.130968
680.079084
688.115818
715.913651
746.575718
764.857694
784.911332
812.975396
843.524242
857.335602
895.175065
920.719489
788.496129
599.496889
592.262663
596.934511
575.864134
584.321471
588.767051
562.054854
574.061984
617.164804
646.453217
624.516195
609.347019
633.750942
650.934052
631.470650
636.979135
617.693982
601.826638
600.794554
604.678183
611.826835
625.256583
640.712392
616.017274
598.460821
609.870155
627.615030
627.180418
629.957950
624.160574
631.383981
647.331316
656.331272
670.638530
667.593004
676.950668
664.507854
659.903252
682.201692
708.187801
719.868331
716.310346
713.327302
719.584830
723.057717
720.169132
725.933907
728.218972
735.193903
738.488458
731.604585
744.014343
773.862411
804.978439
825.443272
845.649219
870.505783
898.210852
945.878614
986.720964
974.373514
847.585012
742.176703
757.981583
736.635786
658.707359
614.775028
621.572576
626.997919
623.544121
636.914615
639.023162
620.866928
622.001351
654.292987
665.339158
665.506580
685.809815
694.833745
701.234702
675.637537
644.280325
659.352754
683.048098
687.023578
679.041767
673.904795
650.436633
639.160633
637.887978
626.616381
614.654227
603.570034
602.332735
624.098138
640.179394
651.067819
658.527523
658.781854
650.098120
636.225804
615.002504
598.735300
593.219066
583.414610
578.078705
592.708688
607.393315
605.790943
598.658895
593.262974
603.182327
614.500579
620.506869
618.143476
625.203837
616.714966
609.328284
627.137816
629.972989
628.768250
633.944663
638.402207
622.309927
650.122832
672.613433
648.373348
647.614880
660.283714
672.575427
686.754202
706.063924
706.461377
715.590284
732.816337
758.416400
780.080917
795.773483
784.528945
784.235880
809.782152
843.502113
855.858729
875.826086
903.956328
936.792470
951.994516
985.425193
1014.979000
945.773890
763.800454
703.089508
686.827612
692.619163
709.365747
696.183719
662.039793
643.132437
630.563144
629.920234
630.227850
631.287960
625.549557
621.269775
625.417775
643.021591
628.665232
615.489600
636.373325
647.161029
631.738149
635.505285
627.560758
628.721570
614.177154
577.073231
564.566516
593.049828
629.371594
643.820877
626.896202
631.473196
624.114480
600.219488
612.609819
626.821543
643.098373
657.856316
651.989738
649.273031
641.325034
622.956019
610.681438
625.831696
645.156755
638.774950
642.952742
675.618990
683.520084
677.528631
655.945080
658.188840
673.013823
671.799665
668.154394
657.265347
656.469964
654.524349
678.834690
685.879080
686.040809
690.518053
683.833165
704.190478
725.448025
728.579661
705.279861
712.506274
743.903138
768.100550
785.330554
786.586732
785.408767
788.573333
797.963158
804.678755
841.154824
873.579482
887.685089
884.485833
895.040909
896.971068
911.164167
942.827529
959.574530
990.968944
1017.852088
1004.371112
894.228761
772.116075
738.596117
724.501555
728.131886
734.930549
724.930144
694.857976
655.311644
623.121897
629.133068
653.950790
655.729689
633.907927
632.678427
638.627763
632.715152
636.464669
644.988236
662.300571
673.034310
655.444841
657.446946
656.231305
658.882228
669.901824
682.349320
682.067593
672.471902
662.146143
653.785291
651.184914
643.697098
648.198693
653.553087
641.078306
632.262679
635.214125
650.837773
659.404639
667.285044
685.368365
677.893896
680.384543
691.420533
711.977467
724.649948
717.782744
732.109921
741.989848
729.011964
723.345695
727.054378
739.895678
757.630384
765.721474
772.259117
790.286902
800.905027
800.259950
798.759525
798.584440
810.351833
802.323471
803.726227
829.266022
844.480641
857.946120
887.772302
897.632974
924.030783
982.338092
1023.935280
1022.599974
962.276061
800.254129
680.427379
642.619197
642.693275
641.546682
639.444836
634.723716
663.100014
698.400137
690.465640
691.251766
711.907235
698.757167
712.891694
714.084224
708.139737
719.175527
719.537938
711.334655
681.545028
674.202316
672.455742
675.469157
685.989411
688.476454
699.942503
711.457814
712.787667
722.213158
711.770761
708.409548
738.926368
761.453035
771.873903
777.004672
779.129531
779.295201
761.495230
765.705853
808.866483
826.991536
818.520611
814.468538
827.149104
836.724062
826.438145
816.093397
834.459502
845.135995
855.570337
857.870619
847.489066
854.576408
868.190181
881.042060
881.187412
881.290068
883.213264
876.099721
867.616554
871.615936
881.694900
915.776187
939.748509
931.463465
804.323865
679.817086
705.551453
735.882619
721.422269
693.411685
668.578922
665.559974
668.876703
669.929841
694.670626
668.626596
637.199872
654.051041
647.048787
640.905675
644.133844
651.210643
650.688069
653.747565
657.985047
668.077828
661.033657
664.348488
668.884971
660.494082
691.141221
671.337042
671.772942
704.448954
738.247430
766.898852
788.245532
805.542921
830.008256
862.128080
888.440699
893.360624
905.913824
955.813323
991.756854
1020.855949
1062.535623
1093.777016
1076.259186
953.643377
868.001990
882.261467
861.330107
837.357112
820.452994
803.807970
800.894883
799.217247
815.927598
815.334819
807.616134
826.045902
851.987679
838.079068
837.190427
842.922781
839.875408
832.057907
839.117339
838.852426
827.355568
817.618505
813.283752
808.302713
802.913386
807.828652
805.059136
821.650761
818.810397
812.647448
814.188435
797.576416
797.336544
811.230325
814.959572
816.763557
832.166910
838.496655
832.286992
820.294913
828.246165
840.407861
858.152399
848.745898
850.097761
853.061792
853.145019
869.145568
892.432673
879.215177
862.967767
864.033950
877.233650
886.910265
874.851892
869.546296
875.248349
874.292342
874.460970
866.719398
857.470474
853.500883
854.155320
880.959130
947.216528
922.344609
802.467327
696.461531
703.617120
711.733339
687.865583
667.836535
652.901498
644.783356
647.644689
635.291813
663.442697
680.059350
679.351991
666.142848
657.195847
644.505059
624.357541
623.854589
642.222581
663.777757
652.314779
631.399216
640.341456
656.015727
675.390450
681.527933
673.030703
673.251741
692.133703
696.298453
700.935742
693.625354
712.290111
745.637947
771.182220
773.480813
753.867382
772.681593
810.744689
828.188072
824.278899
815.260272
824.310501
831.141390
826.386358
827.756846
822.289405
836.455101
834.370009
818.131620
816.308472
801.631588
788.282344
811.826631
880.473421
901.153309
806.103697
678.972943
664.486406
686.339421
689.966316
673.389700
660.787286
649.387122
645.446814
612.480872
619.761419
653.934396
652.705922
628.053529
636.498549
651.649549
654.215504
643.598001
624.551966
615.243522
604.134330
618.356881
629.593024
644.251780
634.922034
637.037311
652.742182
654.244129
637.344099
624.592643
637.155729
645.409660
636.791338
640.460745
672.445656
693.955141
703.544488
708.218615
737.441465
720.873939
712.543615
740.317476
776.090129
796.495638
809.472659
818.269372
824.173725
826.232714
810.090026
811.186569
821.991170
814.522944
809.601936
807.031227
801.888583
782.968354
786.113408
790.861640
798.278917
781.751674
772.407506
766.410100
769.758837
773.076048
776.703243
774.787986
804.832164
878.257778
907.165694
869.424669
778.399750
675.375754
648.693874
651.602750
640.906260
621.802038
623.841758
635.733577
650.133034
664.076943
664.804018
642.136527
655.708476
673.695182
681.577684
687.496812
707.781186
739.375780
745.994738
709.498392
697.548655
674.015438
635.918428
665.975744
695.954863
687.181597
675.206137
676.517133
672.446345
659.885460
657.950985
636.922189
629.750778
650.121029
655.974130
660.776971
673.341449
686.536967
680.354471
679.192292
668.535637
687.705901
675.171552
669.268976
680.098756
695.940017
706.432798
682.492365
682.364630
701.147795
699.987327
662.450145
675.259554
696.719238
699.365618
695.122895
676.640783
691.067062
719.478150
715.929063
698.577802
705.928001
698.982226
673.011403
674.879339
701.936516
711.411041
701.201850
681.466938
682.337249
704.408585
709.606912
712.065191
725.056422
729.898484
715.145980
722.046493
722.982202
708.337905
688.994295
689.805894
693.080573
692.223754
696.367997
697.227444
705.553092
717.268536
728.234710
763.242647
805.805900
803.441056
719.681761
643.742873
611.407524
587.679958
583.272442
577.281281
576.264250
584.698085
588.004282
583.774503
564.862144
568.848731
575.021994
553.742482
541.030768
562.907443
599.853488
605.924287
595.046091
580.406236
592.719363
603.696535
584.071484
576.386844
592.480119
598.506066
629.383257
643.713363
640.160682
649.204431
656.502965
628.917601
614.727747
638.548218
666.248946
667.645186
679.799475
681.362551
686.222180
695.224593
679.745454
655.215896
668.607777
672.871527
682.536828
672.700098
665.726792
667.211333
685.368914
700.221082
711.489999
690.865934
684.376787
712.282578
712.371233
701.785628
709.259139
721.762755
720.490769
737.161890
736.769068
712.643447
734.260127
739.953204
756.524987
766.756693
763.354794
776.665301
794.874950
788.530575
803.594252
809.122470
793.781013
786.079428
800.691789
797.818166
797.965741
806.233172
803.868530
782.165243
788.904781
803.685633
801.163197
806.835577
807.843550
801.374267
801.074493
807.287747
833.839642
873.614455
892.893575
812.518515
693.898659
646.219946
646.569344
656.491463
675.406070
681.342458
675.848952
658.080979
648.231379
677.054654
711.841066
690.569683
659.118204
660.985616
661.788996
653.988620
664.995429
692.191752
709.166211
717.156693
729.400742
759.981354
751.783221
721.808443
696.077919
690.771695
691.078646
672.421769
665.595716
665.840828
660.198781
676.434280
699.359909
718.364177
731.535858
718.329942
705.058976
694.579322
704.391728
718.510676
725.433552
723.889407
734.498144
760.022277
758.062069
765.633979
782.443159
788.017270
801.043772
806.065269
822.225036
831.269612
834.375659
841.994698
843.863433
849.157380
870.580782
880.305596
870.430822
867.721136
854.581990
849.217211
864.513491
884.234396
906.112948
909.418070
846.288143
750.569409
721.424369
723.907826
719.347173
710.144095
709.595000
700.113757
669.677312
649.496585
649.278832
667.620159
665.161607
651.553384
644.566789
658.439822
669.357915
685.783394
677.432952
668.972520
672.567782
674.997408
667.379967
646.337338
651.198910
654.935889
662.611575
672.535153
679.211228
680.481164
672.996046
675.438633
676.507641
683.654726
685.121810
667.728401
679.517309
689.654378
689.072951
690.240319
707.073854
715.623711
710.238868
728.168504
765.698793
805.004378
814.367980
721.491674
645.879609
678.171243
692.454960
674.340020
666.307879
649.096285
663.086741
690.125669
697.571932
687.265365
679.360330
688.075405
689.467678
683.611882
686.314986
702.107174
703.301399
701.964498
704.277767
699.838244
706.388103
716.542896
728.464942
736.664481
733.351220
740.937827
764.489126
762.021321
759.938624
765.648704
765.920811
765.490714
765.496055
768.079608
805.063016
819.647985
811.713891
812.955199
817.451010
822.723161
842.092283
852.202534
861.834997
872.565182
889.020749
890.988270
891.438607
912.349374
927.531799
931.908777
936.840595
961.426420
978.876108
937.792715
828.508071
769.413125
790.319054
787.770048
767.077067
763.796556
772.467624
767.257408
770.540898
773.450919
792.723293
776.017369
732.822565
718.844791
745.964649
769.939653
801.963256
810.146646
800.054915
791.660712
780.390081
766.632425
732.228478
722.464293
752.901092
780.994489
781.507377
781.626079
787.048162
783.146020
783.845382
790.155082
769.891354
781.506866
789.944585
806.520415
823.247695
833.230339
833.229342
819.071120
824.735857
860.309012
856.076234
843.515071
858.518838
849.791713
833.871929
848.299483
851.881227
856.479239
856.423745
853.549549
856.116721
857.772673
848.929531
845.329888
863.500649
790.140004
659.165641
637.730439
670.633239
673.483446
653.110705
632.603178
616.077324
625.628070
642.065216
655.841489
634.783207
604.581613
577.988266
588.776358
600.198590
602.314822
610.687079
606.377535
607.003624
610.334723
615.516782
618.510808
600.512303
601.700299
611.329910
636.798536
664.853835
679.709221
706.269781
715.811222
729.147934
747.942611
777.368769
817.001140
836.086532
830.504404
826.294321
842.555529
872.505651
896.171006
912.071474
915.123911
913.912957
924.604123
922.453971
822.122669
740.228420
747.631202
750.300547
739.865702
715.574732
687.365951
676.577194
673.346613
662.724569
655.628701
659.343667
669.865359
666.738995
652.959951
647.422445
648.614290
643.514901
647.398027
645.074116
618.404617
624.730015
611.408341
590.187017
578.263867
588.051023
580.538905
585.985390
602.719409
606.008699
611.692107
611.925842
614.397343
622.329123
629.466353
636.518992
636.553925
623.967763
614.349697
621.848504
647.549028
678.755912
689.008860
688.076724
694.716795
712.838092
722.230073
730.808720
719.180251
728.048940
735.693029
737.722166
740.180924
739.877216
737.621009
727.615714
727.744597
747.882679
784.077313
828.504222
830.844432
738.760186
671.172581
687.801832
681.507676
684.293334
652.548612
636.826433
653.542660
631.626590
613.869999
623.665519
622.881369
623.548951
608.924575
590.209320
590.820827
593.771040
595.698613
600.900105
585.886566
567.537887
570.866387
580.330801
571.668780
577.881595
578.338025
566.482559
568.228028
569.516075
568.912088
568.069008
559.244061
579.684095
582.047090
584.890550
579.416001
570.907882
565.469097
570.586483
591.444848
598.497111
608.175196
593.003055
589.271213
596.614220
592.012257
597.126725
612.974389
614.571670
606.218721
601.845717
617.308780
637.902112
642.127168
642.553453
654.594075
678.020797
691.351069
697.151498
717.509530
723.520688
719.379319
733.355725
744.127887
755.227134
753.289468
765.133476
801.689883
841.700179
824.109988
739.709663
612.036549
613.771291
636.752738
617.048356
605.305218
600.403466
613.048858
565.552434
544.028661
579.328872
596.388449
575.394404
555.874031
553.530268
583.758003
621.437656
622.055953
585.608458
578.415042
575.699433
557.067438
541.419677
563.311612
583.456173
578.738735
577.842462
565.538106
560.204612
582.692661
582.618950
571.964961
581.809386
573.097398
572.487268
591.927750
587.197083
579.417362
585.390658
597.241218
599.340589
574.648156
582.473668
615.533179
625.934764
631.100393
649.412898
645.324908
643.358120
662.246227
679.851016
691.417965
687.082462
692.931332
717.233905
726.774030
724.192782
723.757639
752.890663
762.303731
764.087699
786.938146
824.843714
868.910965
848.204547
687.871965
604.988868
627.552978
623.298079
615.069146
615.349327
573.265368
562.896568
589.275868
569.096545
568.883508
591.067738
607.337335
615.916141
630.360119
637.986386
658.118418
676.519375
676.147036
643.140668
613.301214
619.859340
628.953766
650.526932
654.600824
655.251305
667.107507
674.101113
667.640135
647.293622
648.183370
646.822074
639.783848
651.896088
661.418021
638.451689
648.407714
665.709512
672.535389
693.357950
702.583832
698.580571
710.000196
705.267305
706.387363
707.618339
699.022534
686.475582
686.484298
699.422051
695.728134
683.247179
684.500364
703.528976
716.880520
746.377878
805.996414
852.694214
875.454989
851.748080
683.578462
624.250011
645.501154
657.593460
656.464794
648.535490
613.772543
592.644223
600.693653
609.825005
599.705068
604.040056
613.152161
635.164527
633.963033
625.271853
615.753281
628.947342
620.765466
628.264149
615.096290
593.050227
610.481907
632.307960
655.682394
645.284087
669.256739
681.696884
672.605317
670.499795
676.600689
685.528296
699.023759
697.863524
699.328307
690.285872
703.556840
713.125413
730.544439
735.780854
733.069730
739.139158
741.738369
745.275162
753.160522
739.017410
708.409626
689.298162
693.471379
704.246814
695.776558
680.947226
676.423278
676.876023
693.301055
769.634796
838.484043
812.517906
750.925789
657.218310
645.727675
638.152684
605.478552
589.680433
579.278992
563.882633
565.844479
570.311168
586.115529
585.648113
556.206115
534.054406
527.738636
535.872386
548.807849
539.697586
537.502149
516.477930
525.194994
521.503291
525.068354
525.052716
528.700890
546.716112
570.779651
565.328096
539.893693
537.865500
546.043518
555.248590
545.279522
532.139216
544.054442
536.684522
543.894517
551.702438
566.353284
570.816457
567.679176
584.798868
583.687525
567.434520
575.492442
583.599146
603.524616
595.174233
601.898055
616.152596
624.056610
634.289374
637.972890
628.182102
620.977432
614.472671
590.562717
554.181173
528.399606
523.560021
603.091345
700.833354
714.251651
634.171927
520.393106
520.731258
525.054011
531.742768
558.928443
565.827436
563.173518
540.547711
550.270988
563.997965
572.290914
567.703466
578.482097
564.041297
559.314216
594.551641
605.407925
588.731695
598.835476
630.418206
638.348434
620.720082
612.359470
626.562485
625.077223
619.316971
588.031668
608.716420
654.520959
651.734243
643.526883
639.010435
637.749725
631.237677
625.714135
663.652442
695.549726
667.493180
669.184353
688.827943
695.080663
697.289598
712.276619
730.085645
730.863725
738.484056
741.815733
741.942649
750.856092
764.525011
781.892708
783.285602
778.064259
772.202254
782.789096
810.935913
846.220274
854.761003
828.018648
752.546121
678.043786
655.032270
667.740503
670.562107
680.302015
687.859037
666.069431
624.406663
622.240286
634.015140
626.350900
620.471286
644.560107
653.062662
639.936791
648.543696
664.225396
660.982761
643.210140
643.985073
692.735184
685.892049
665.104360
666.585528
655.033622
642.355940
649.666676
688.050129
668.018512
683.670100
690.068017
671.256927
671.302368
686.338723
677.974884
679.990099
677.398204
676.523619
662.973157
676.234183
715.695143
716.662834
707.009707
701.572104
720.461035
730.742312
735.695582
732.752130
704.427494
702.589320
724.874061
722.806847
716.030426
699.370164
679.068589
688.707437
690.601195
682.388740
690.465118
681.480927
685.703444
704.090522
724.220028
728.479112
731.032106
753.988124
803.431358
823.261801
822.225778
752.929746
640.927988
593.858682
611.683229
625.123861
620.696207
646.290570
660.273445
630.412579
644.531786
681.350318
683.140291
638.103344
609.249574
611.053305
633.122232
668.591811
639.951494
635.555796
646.727198
640.240929
609.990055
618.223045
652.569716
645.489648
608.755637
607.143134
628.979909
623.990854
612.887238
630.953419
671.750746
687.428991
669.521236
663.274372
662.314731
664.548745
661.434737
667.550475
694.168443
704.791991
705.814569
746.311308
771.233894
746.125316
727.676480
736.176433
748.501185
762.647508
769.102298
762.328752
777.354844
788.542446
793.771028
816.971077
884.297620
921.150795
888.621765
752.210754
669.786708
670.033927
665.536468
646.137326
625.410924
645.916153
654.734669
668.880254
693.373695
688.966021
618.382769
613.034512
656.750541
702.004732
696.151088
623.228948
591.244288
597.395731
599.256974
621.881380
622.586528
595.039366
587.818111
597.948075
591.626255
585.504013
578.998384
577.011606
575.273584
606.694481
624.643196
614.614617
601.871411
588.916070
580.600540
580.542484
565.086013
563.199495
578.620889
592.351323
587.011710
581.544261
573.662373
581.012541
584.917581
577.138716
578.433289
582.004980
588.617339
608.891274
646.214493
718.131149
770.846333
743.514989
615.260695
576.564335
602.459442
584.916265
595.252001
592.826982
578.961440
604.000042
618.663870
578.209467
584.298717
614.841907
613.841430
600.479879
606.240311
595.205967
563.182849
571.670379
585.819863
608.391990
613.346033
606.596204
601.066413
635.944051
675.432613
661.915429
628.565612
629.486548
651.267835
666.496591
680.362172
708.096548
718.914780
712.052367
656.150363
558.383946
532.623846
517.179557
519.810159
519.534406
517.243365
517.910470
539.311967
560.513438
575.876587
561.163771
525.297632
534.339885
549.904015
566.805674
580.585007
577.648233
588.430927
611.809609
614.937232
608.052209
617.301217
643.227619
679.145217
683.046224
664.720903
666.369489
693.322982
693.406566
706.328399
684.572255
684.926796
706.597699
702.203653
688.226912
692.983433
706.719802
700.744642
702.626854
723.785509
735.331543
777.901958
820.467450
794.673136
729.102731
669.853821
645.240947
639.260536
635.050407
657.512203
660.685638
644.297637
640.465866
647.609060
643.634723
649.410397
667.974050
674.594431
660.049540
644.548288
665.782540
704.333379
686.726184
680.203269
672.665713
652.209197
650.333558
646.765773
666.672264
686.853380
702.112769
697.751378
672.235814
680.418449
709.425981
693.670842
687.098827
701.513173
701.060454
708.628352
721.335582
719.926776
728.897905
744.908955
760.078386
750.651472
751.715683
778.458644
825.788519
813.254708
717.724640
624.178569
619.122981
640.159550
671.461815
670.633673
643.412728
618.667618
596.486647
606.750220
623.428676
628.060817
629.449198
646.578645
665.043960
662.156325
644.813241
645.488172
644.830057
661.511449
656.623994
639.249855
636.175981
628.939861
606.527248
617.741405
647.663741
649.806108
641.930608
642.903332
633.559541
620.365003
624.582079
638.440747
656.811726
659.394703
664.167418
663.003772
677.740812
681.752322
699.599833
710.404742
719.042623
735.530185
756.348224
763.576687
756.888903
752.830359
761.694157
767.180815
761.963435
767.113069
776.129562
784.728143
793.558093
807.513530
818.950528
759.324755
639.961847
599.500774
634.594596
628.744973
592.937326
597.981755
592.807877
574.376914
563.266913
574.599469
598.803264
618.050925
662.300697
687.837623
669.419339
630.443703
602.843199
599.890255
598.399204
608.401493
639.963327
660.732752
681.955892
663.566304
627.165813
626.079789
638.097784
688.905336
715.500937
710.835864
701.586936
710.406192
725.731977
745.360129
748.606718
751.368399
756.504966
775.952225
781.559646
789.308947
803.122588
805.509182
832.388397
863.165897
794.910342
657.642894
634.452585
676.655545
683.725124
641.882372
636.253400
628.541573
632.197953
646.177002
648.213257
648.793407
673.078560
684.403065
677.153305
670.129547
643.531564
619.862779
626.610432
675.673671
710.815297
683.468994
664.826776
686.467896
719.415854
735.768836
739.169551
710.013412
720.913898
697.615507
738.893527
783.655454
774.174621
757.925463
751.111973
751.991633
786.984736
806.887784
794.120246
792.434141
805.879880
820.972822
824.764958
822.024923
833.256487
809.135721
806.265872
822.243198
835.999763
840.268454
849.231299
856.181144
873.031275
856.427874
787.186147
752.880777
772.967321
772.736979
752.690183
725.194161
711.206077
714.198574
715.994085
709.223943
686.227708
676.370217
659.773527
658.713632
658.906696
658.414141
646.743602
650.508166
647.524342
637.926198
629.043227
627.522933
621.856630
621.218973
648.972475
652.557802
660.532731
663.712333
682.163229
686.758695
678.129566
695.541467
722.732494
730.513356
750.073246
761.813579
784.639905
802.452720
813.673951
820.125380
833.764368
834.119709
839.162661
848.001652
842.526310
843.276990
855.531827
855.520751
857.604667
856.359534
798.281152
720.074240
691.010665
672.796943
663.452028
653.033017
651.876078
639.574294
637.895842
645.161456
655.780370
652.356426
646.680340
641.939166
632.678357
635.145163
628.028537
627.784988
645.346706
647.642117
652.042782
656.576945
640.838279
642.746681
647.746710
638.168081
631.643758
635.342492
639.530168
643.799605
649.058686
656.518475
665.818459
687.969973
690.380033
704.720888
724.014090
740.453580
749.231535
756.641531
769.779969
780.154424
784.015223
783.588383
773.275970
759.763331
765.951268
766.471339
704.854639
661.841934
643.155710
627.838506
610.196746
600.450241
603.433614
606.975723
602.892003
608.495954
608.589008
626.506758
627.039521
626.003540
626.732579
632.686842
642.307201
631.291741
627.090405
618.161185
619.237785
614.736472
618.643101
632.000572
640.573865
646.364955
653.992653
659.924240
663.738024
655.957080
652.741917
652.280910
642.650329
650.836937
646.587795
647.650405
648.921404
654.186038
665.495918
669.693756
656.680464
672.945846
678.435049
658.543595
618.626232
610.617228
610.042078
601.323513
593.636270
597.488388
601.905850
601.197531
601.312397
606.401714
594.409767
609.850790
610.642985
612.854060
616.670228
635.740893
628.539185
636.797074
648.843535
660.357180
688.456233
682.177779
680.038168
677.701252
677.279698
658.868562
616.288580
582.827199
571.919074
556.505314
545.219982
541.398133
549.266535
562.776810
578.119588
591.394984
609.139656
630.278737
629.883153
633.501324
653.301950
656.426931
629.137791
608.068381
608.892731
612.897683
609.327452
608.273890
602.160735
599.976366
597.474705
608.943425
614.303265
614.020632
631.623946
636.167354
644.375980
657.240681
668.697455
686.458153
700.570201
720.777830
728.294247
736.845145
734.595281
721.123819
728.468687
734.494663
718.063671
674.777364
637.891708
617.845091
615.137331
600.863765
588.906547
596.504111
601.337807
599.051069
611.216801
618.744045
612.293553
612.885346
609.327346
618.372046
631.471853
638.320599
653.867473
666.041473
680.347614
692.862492
705.318339
737.740620
755.368877
769.162536
775.021918
761.490586
753.608910
767.792043
778.215986
726.437547
675.652637
657.120157
646.165765
625.100746
613.411372
605.605006
594.946501
593.526211
583.416368
572.520940
572.795651
571.730465
568.253158
575.214646
586.139542
596.285187
614.444693
632.775405
658.250898
677.499010
705.487883
723.628330
721.169874
734.737653
761.976035
765.607196
747.140575
723.076632
712.624289
710.500000
703.609787
690.617324
687.312112
694.001535
680.998939
672.995894
674.276759
681.721473
679.221626
684.834616
678.824889
673.316285
671.534442
672.239839
671.958692
676.190438
675.551035
681.202302
689.976994
694.883243
702.374406
700.939879
703.308822
698.236741
686.066436
685.229100
690.858314
693.247521
690.363934
691.280998
697.549209
695.974176
691.276406
687.401168
680.868771
673.265855
669.842954
662.638134
655.331616
653.276745
653.704063
656.377230
656.223856
658.207209
661.583226
664.561191
669.391849
665.157157
669.900268
693.664200
689.334707
685.180307
668.798222
664.495928
656.661287
653.614303
645.400902
633.428416
622.751544
608.084126
602.416508
594.472980
591.545323
587.478064
585.219852
579.235827
586.574510
596.609135
599.677751
600.412356
604.321895
617.118116
621.358424
626.624619
636.948661
641.669868
651.401334
654.759996
662.928815
670.986292
675.511618
677.845310
689.963595
700.975498
707.165791
721.877885
737.571932
748.020334
752.407965
757.730238
749.670910
736.528671
744.812668
735.056895
732.313558
719.768914
699.753115
676.096440
686.853609
687.447313
690.629206
684.556147
682.491016
684.828435
699.750657
728.490544
733.842204
726.461418
724.427376
733.071271
731.009524
710.869029
692.444370
685.959755
673.991630
664.894599
666.133308
660.933758
661.409568
659.602466
653.516116
655.092067
660.163756
659.573913
657.478967
661.853956
684.896569
702.424289
707.000815
718.640416
720.357931
716.759649
704.030092
710.477327
725.348667
739.284984
761.270475
778.069693
795.903080
812.348088
830.026958
846.117596
853.498814
872.336134
852.698510
765.995255
733.857423
724.701222
725.752487
714.002717
696.298618
686.193387
691.567123
712.424276
741.531400
762.135668
769.720560
754.544439
742.634215
734.460111
727.429100
736.996959
748.948601
756.396294
743.868023
739.529959
733.082704
727.460157
726.870702
750.158387
761.675157
753.144541
762.979043
776.928800
769.277160
766.909515
756.935427
763.654095
778.069290
787.951140
796.240170
816.510704
820.698953
827.186543
832.645260
818.518721
834.688135
848.542718
847.195506
825.423508
816.959898
828.285931
872.636864
862.517775
722.843304
660.461740
673.025474
683.110193
674.660997
683.788834
677.529428
680.238992
663.966527
679.900968
722.047304
704.853895
695.088535
674.210822
670.115524
655.841778
672.500482
706.987423
722.308555
711.809723
698.230449
704.682390
716.857479
714.814534
704.013049
697.347968
715.068385
717.686454
701.753570
718.595802
737.267366
726.584449
732.543087
741.889667
750.078060
740.796640
754.320219
769.206198
763.886948
767.705025
793.157497
839.585394
878.472705
872.441559
762.418059
672.925487
696.349417
706.946883
682.585373
661.311865
652.403933
653.726473
663.486910
655.048537
636.492996
637.162572
661.223026
681.599756
684.932193
661.054676
634.102498
655.530904
676.682361
675.882859
679.369720
691.849173
724.227776
765.404242
801.262824
804.995083
832.349601
838.225649
760.570460
687.117962
655.146670
633.757455
638.551310
602.015315
584.980571
593.259267
595.411733
612.527489
624.903645
611.477923
603.358051
604.705166
585.216640
585.052820
608.287862
619.325593
629.596968
624.818131
622.474185
630.271443
651.684275
652.577517
635.160075
619.704976
613.138319
615.090008
604.022196
621.161483
623.952365
620.028162
624.150251
635.466748
635.774350
644.406826
642.024652
642.839419
646.233208
649.145347
655.968582
659.543523
654.863931
665.211977
676.462709
685.829092
697.761758
705.470000
713.065206
718.605159
726.867762
745.712112
762.169450
766.718934
765.522523
748.174985
732.635783
689.573383
646.045174
631.498197
629.461869
638.655713
640.482516
646.340981
641.781913
629.562424
640.470143
654.207600
661.755352
669.170905
679.746422
686.138230
696.297354
687.616388
673.709276
657.763709
644.650047
643.214157
644.399397
651.889779
657.642360
650.752362
650.043936
648.635932
636.584040
632.460186
637.120376
640.384403
637.174577
641.073785
640.943621
640.072101
636.550546
636.596496
638.929544
639.038295
634.300818
627.927138
626.024271
621.848713
624.602869
626.972503
624.839464
627.878265
632.639968
644.694214
661.425834
677.408607
691.164916
707.508454
724.416050
741.198951
749.521115
759.621809
766.388983
759.391797
752.328617
721.534379
684.699803
669.973874
661.521167
654.814750
649.900748
657.917836
657.610872
661.800728
670.834863
672.636286
670.046661
673.821473
686.166491
687.977494
696.757197
697.993970
694.364575
686.306147
681.143005
670.704988
675.263680
674.896106
678.741697
669.020657
667.970771
670.809521
662.514963
654.111568
657.258349
654.486930
654.088118
661.290372
664.470785
669.911406
680.541844
689.255179
692.873008
693.666144
693.157365
689.757478
691.777436
706.936770
708.465998
710.720057
708.499490
705.666866
706.207411
705.838588
704.818723
708.351442
711.082076
707.315440
701.208281
703.632280
712.720961
715.278746
711.409397
710.776926
716.180742
714.382547
723.034014
725.754750
732.061990
737.571550
737.514126
746.272742
744.352473
743.016951
749.807093
762.792863
762.144618
773.511339
811.809453
821.463165
763.520413
713.898754
699.628819
708.655963
709.589516
721.795317
718.860354
698.688305
678.667535
680.013694
695.883000
710.528902
706.710960
719.897237
744.594291
748.073529
738.424875
726.259318
703.878337
678.815239
682.452738
687.176977
683.022230
682.396877
699.240566
681.076074
661.231074
670.738678
675.039984
666.502023
644.471805
634.923393
610.971136
611.674552
617.808968
617.175115
613.588908
618.021878
624.159977
627.907566
621.165697
595.588977
585.328591
583.956127
592.849504
598.354884
592.067409
586.950982
584.681348
587.338002
591.374576
598.537203
594.758459
595.038851
600.789137
624.024861
646.640210
673.739827
726.952932
768.921619
776.042653
777.903294
795.712728
783.402292
795.374031
780.425775
752.847829
767.269598
790.295352
801.432902
827.686345
838.510095
722.811730
597.410327
552.040439
537.032229
522.190843
505.899861
530.799183
525.956296
514.207245
508.245530
507.367966
518.581110
520.300417
535.538182
538.219312
520.743697
500.773633
499.143788
523.376668
539.383086
517.046254
567.281296
NaN
NaN
NaN
NaN
NaN
NaN
NaN
NaN
NaN
NaN
NaN
NaN
NaN
NaN
NaN
NaN
NaN
NaN
NaN
NaN
NaN
NaN
NaN
NaN
NaN
NaN
NaN
NaN
NaN
NaN
NaN
NaN
NaN
NaN
NaN
NaN
NaN
NaN
NaN
NaN
NaN
NaN
NaN
NaN
NaN
NaN
NaN
NaN
NaN
NaN
NaN
NaN
NaN
NaN
NaN
NaN
NaN
NaN
NaN
NaN
NaN
NaN
NaN
NaN
NaN
NaN
NaN
NaN
NaN
NaN
NaN
NaN
NaN
NaN
NaN
NaN
NaN
NaN
NaN
NaN
NaN
NaN
NaN
NaN
NaN
NaN
NaN
NaN
NaN
NaN
NaN
NaN
NaN
NaN
NaN
NaN
NaN
NaN
NaN
NaN
NaN
NaN
NaN
NaN
NaN
NaN
NaN
NaN
NaN
NaN
NaN
NaN
NaN
NaN
NaN
NaN
NaN
NaN
NaN
NaN
NaN
NaN
NaN
NaN
NaN
NaN
NaN
NaN
NaN
NaN
NaN
NaN
NaN
NaN
NaN
NaN
NaN
NaN
NaN
NaN
NaN
NaN
NaN
NaN
NaN
NaN
NaN
NaN
NaN
NaN
NaN
NaN
NaN
NaN
NaN
NaN
NaN
NaN
NaN
NaN
NaN
NaN
NaN
NaN
NaN
NaN
NaN
NaN
NaN
NaN
NaN
NaN
NaN
NaN
NaN
NaN
NaN
NaN
NaN
NaN
NaN
NaN
NaN
NaN
NaN
NaN
NaN
NaN
NaN
NaN
NaN
NaN
NaN
NaN
NaN
NaN
NaN
NaN
NaN
NaN
NaN
NaN
NaN
NaN
NaN
NaN
NaN
NaN
NaN
NaN
NaN
NaN
NaN
NaN
NaN
NaN
NaN
NaN
NaN
NaN
NaN
NaN
NaN
NaN
NaN
NaN
NaN
NaN
NaN
NaN
NaN
NaN
NaN
NaN
NaN
NaN
NaN
NaN
NaN
NaN
NaN
NaN
NaN
NaN
NaN
NaN
NaN
NaN
NaN
NaN
NaN
NaN
NaN
NaN
NaN
NaN
NaN
NaN
NaN
NaN
NaN
NaN
NaN
NaN
NaN
NaN
NaN
NaN
NaN
NaN
NaN
NaN
NaN
NaN
NaN
NaN
NaN
NaN
NaN
NaN
NaN
NaN
NaN
NaN
NaN
NaN
NaN
NaN
NaN
NaN
NaN
NaN
NaN
NaN
NaN
NaN
NaN
NaN
NaN
NaN
NaN
NaN
NaN
NaN
NaN
NaN
NaN
NaN
NaN
NaN
NaN
NaN
NaN
NaN
NaN
NaN
NaN
NaN
NaN
NaN
NaN
NaN
NaN
NaN
NaN
NaN
NaN
NaN
NaN
NaN
NaN
NaN
NaN
NaN
NaN
NaN
NaN
NaN
NaN
NaN
NaN
NaN
NaN
NaN
NaN
NaN
NaN
NaN
NaN
NaN
NaN
NaN
NaN
NaN
NaN
NaN
NaN
NaN
NaN
NaN
NaN
NaN
NaN
NaN
NaN
NaN
NaN
NaN
NaN
NaN
NaN
NaN
NaN
NaN
NaN
NaN
NaN
NaN
NaN
NaN
NaN
NaN
NaN
NaN
NaN
NaN
NaN
NaN
NaN
NaN
NaN
NaN
NaN
NaN
NaN
NaN
NaN
NaN
NaN
NaN
NaN
NaN
NaN
NaN
NaN
NaN
NaN
NaN
NaN
NaN
NaN
NaN
NaN
NaN
NaN
NaN
NaN
NaN
NaN
NaN
NaN
NaN
NaN
NaN
NaN
NaN
NaN
NaN
NaN
NaN
NaN
NaN
NaN
NaN
NaN
NaN
NaN
NaN
NaN
NaN
NaN
NaN
NaN
NaN
NaN
NaN
NaN
NaN
NaN
NaN
NaN
NaN
NaN
NaN
NaN
NaN
NaN
NaN
NaN
NaN
NaN
NaN
NaN
NaN
NaN
NaN
NaN
NaN
NaN
NaN
NaN
NaN
NaN
NaN
NaN
NaN
NaN
NaN
NaN
NaN
NaN
NaN
NaN
NaN
NaN
NaN
NaN
NaN
NaN
NaN
NaN
NaN
NaN
NaN
NaN
NaN
NaN
NaN
NaN
NaN
NaN
NaN
NaN
NaN
NaN
NaN
NaN
NaN
NaN
NaN
NaN
NaN
NaN
NaN
NaN
NaN
NaN
NaN
NaN
NaN
NaN
NaN
NaN
NaN
NaN
NaN
NaN
NaN
NaN
NaN
NaN
NaN
NaN
NaN
NaN
NaN
NaN
NaN
NaN
NaN
NaN
NaN
NaN
NaN
NaN
NaN
NaN
NaN
NaN
NaN
NaN
NaN
NaN
NaN
NaN
NaN
NaN
NaN
NaN
NaN
NaN
NaN
NaN
NaN
NaN
NaN
NaN
NaN
NaN
NaN
NaN
NaN
NaN
NaN
NaN
NaN
NaN
NaN
NaN
NaN
NaN
NaN
NaN
NaN
NaN
NaN
NaN
NaN
NaN
NaN
NaN
NaN
NaN
NaN
NaN
NaN
NaN
NaN
NaN
NaN
NaN
NaN
NaN
NaN
NaN
NaN
NaN
NaN
NaN
NaN
NaN
NaN
NaN
NaN
NaN
NaN
NaN
NaN
NaN
NaN
NaN
NaN
NaN
NaN
NaN
NaN
NaN
NaN
NaN
NaN
NaN
NaN
NaN
NaN
NaN
NaN
NaN
NaN
NaN
NaN
NaN
NaN
NaN
NaN
NaN
NaN
NaN
NaN
NaN
NaN
NaN
NaN
NaN
NaN
NaN
NaN
NaN
NaN
NaN
NaN
NaN
NaN
NaN
NaN
NaN
NaN
NaN
NaN
NaN
NaN
NaN
NaN
NaN
NaN
NaN
NaN
NaN
NaN
NaN
NaN
NaN
NaN
NaN
NaN
NaN
NaN
NaN
NaN
NaN
NaN
NaN
NaN
NaN
NaN
NaN
NaN
NaN
NaN
NaN
NaN
NaN
NaN
NaN
NaN
NaN
NaN
NaN
NaN
NaN
NaN
NaN
NaN
NaN
NaN
NaN
NaN
NaN
NaN
NaN
NaN
NaN
NaN
NaN
NaN
NaN
NaN
NaN
NaN
NaN
NaN
NaN
NaN
NaN
NaN
NaN
NaN
NaN
NaN
NaN
NaN
NaN
NaN
NaN
NaN
NaN
NaN
NaN
NaN
NaN
NaN
NaN
NaN
NaN
NaN
NaN
NaN
NaN
NaN
NaN
NaN
NaN
NaN
NaN
NaN
NaN
NaN
NaN
NaN
NaN
NaN
NaN
NaN
NaN
NaN
NaN
NaN
NaN
NaN
NaN
NaN
NaN
NaN
NaN
NaN
NaN
NaN
NaN
NaN
NaN
NaN
NaN
NaN
NaN
NaN
NaN
NaN
NaN
NaN
NaN
NaN
NaN
NaN
NaN
NaN
NaN
NaN
NaN
NaN
NaN
NaN
NaN
NaN
NaN
NaN
NaN
NaN
NaN
NaN
NaN
NaN
NaN
NaN
NaN
NaN
NaN
NaN
NaN
NaN
NaN
NaN
NaN
NaN
NaN
NaN
NaN
NaN
NaN
NaN
NaN
NaN
NaN
NaN
NaN
NaN
NaN
NaN
NaN
NaN
NaN
NaN
NaN
NaN
NaN
NaN
NaN
NaN
NaN
NaN
NaN
NaN
NaN
NaN
NaN
NaN
NaN
NaN
NaN
NaN
NaN
NaN
NaN
NaN
NaN
NaN
NaN
NaN
NaN
NaN
NaN
NaN
NaN
NaN
