282.000000
319.000000
416.000000
515.000000
617.000000
698.000000
787.000000
902.000000
992.000000
1093.000000
1203.000000
1295.000000
1367.000000
1435.000000
1500.000000
1557.000000
1599.000000
1652.000000
1687.000000
1741.000000
1784.000000
1814.000000
1851.000000
1898.000000
1944.000000
1994.000000
2046.000000
2091.000000
2128.000000
2184.000000
2249.000000
2297.000000
2350.000000
2397.000000
2435.000000
2482.000000
2541.000000
2597.000000
2648.000000
2695.000000
2747.000000
2772.000000
2803.000000
2834.000000
2857.000000
2887.000000
2914.000000
2925.000000
2945.000000
2949.000000
2955.000000
2986.000000
3020.000000
3030.000000
3054.000000
3079.000000
3101.000000
3129.000000
3152.000000
3174.000000
3200.000000
3240.000000
3288.000000
3317.000000
3331.000000
3368.000000
3397.000000
3431.000000
3467.000000
3499.000000
3520.000000
3530.000000
3551.000000
3590.000000
3613.000000
3624.000000
3648.000000
3678.000000
3699.000000
3721.000000
3747.000000
3755.000000
3765.000000
3778.000000
3804.000000
3809.000000
3814.000000
3837.000000
3848.000000
3870.000000
3897.000000
3915.000000
3937.000000
3959.000000
3966.000000
3975.000000
3995.000000
4017.000000
4033.000000
4036.000000
4052.000000
4084.000000
4096.000000
4115.000000
4139.000000
4180.000000
4194.000000
4219.000000
4251.000000
4287.000000
4319.000000
4344.000000
4360.000000
4391.000000
4416.000000
4427.000000
4432.000000
4450.000000
4458.000000
4468.000000
4497.000000
4520.000000
4546.000000
4570.000000
4576.000000
4587.000000
4606.000000
4621.000000
4631.000000
4636.000000
4660.000000
4689.000000
4719.000000
4753.000000
4779.000000
4817.000000
4851.000000
4891.000000
4923.000000
4946.000000
4960.000000
4982.000000
4998.000000
5020.000000
5044.000000
5076.000000
5105.000000
5141.000000
5169.000000
5218.000000
5239.000000
5269.000000
5294.000000
5329.000000
5334.000000
5347.000000
5386.000000
5412.000000
5441.000000
5479.000000
5511.000000
5553.000000
5573.000000
5590.000000
5610.000000
5623.000000
5638.000000
5654.000000
5685.000000
5715.000000
5754.000000
5785.000000
5807.000000
5828.000000
5840.000000
5862.000000
5877.000000
5896.000000
5917.000000
5955.000000
5975.000000
6005.000000
6013.000000
6022.000000
6052.000000
6072.000000
6078.000000
6090.000000
6121.000000
6127.000000
6139.000000
6170.000000
6174.000000
6179.000000
6196.000000
6199.000000
6203.000000
6237.000000
6264.000000
6307.000000
6314.000000
6328.000000
6350.000000
6368.000000
6372.000000
6378.000000
6395.000000
6399.000000
6407.000000
6410.000000
6413.000000
6415.000000
6418.000000
6422.000000
