569.000000
603.000000
636.000000
697.000000
749.000000
847.000000
904.000000
966.000000
1064.000000
1081.000000
1153.000000
1255.000000
1368.000000
1483.000000
1606.000000
1708.000000
1800.000000
1901.000000
2024.000000
2136.000000
2243.000000
2322.000000
2383.000000
2476.000000
2580.000000
2691.000000
2792.000000
2871.000000
2961.000000
3046.000000
3088.000000
3210.000000
3332.000000
3428.000000
3527.000000
3623.000000
3716.000000
3805.000000
3881.000000
3947.000000
4013.000000
4080.000000
4137.000000
4192.000000
4267.000000
4307.000000
4361.000000
4404.000000
4434.000000
4479.000000
4490.000000
4502.000000
4521.000000
4544.000000
4575.000000
4643.000000
4716.000000
4773.000000
4838.000000
4893.000000
4937.000000
4978.000000
5023.000000
5068.000000
5094.000000
5101.000000
5126.000000
5174.000000
5213.000000
5250.000000
5295.000000
5320.000000
5335.000000
5351.000000
5391.000000
5417.000000
5431.000000
5452.000000
5468.000000
5488.000000
5505.000000
5527.000000
5549.000000
5580.000000
5586.000000
5607.000000
5633.000000
5659.000000
5680.000000
5705.000000
5728.000000
5742.000000
5759.000000
5776.000000
5799.000000
5807.000000
5816.000000
5824.000000
5840.000000
5856.000000
5870.000000
5901.000000
5947.000000
5966.000000
5994.000000
6030.000000
6065.000000
6076.000000
6094.000000
6131.000000
6166.000000
6195.000000
6232.000000
6257.000000
6288.000000
6312.000000
6325.000000
6337.000000
6361.000000
6379.000000
6406.000000
6446.000000
6473.000000
6501.000000
6533.000000
6552.000000
6576.000000
6597.000000
6626.000000
6653.000000
6686.000000
6719.000000
6757.000000
6784.000000
6818.000000
6846.000000
6881.000000
6912.000000
6954.000000
6988.000000
7026.000000
7048.000000
7082.000000
7100.000000
7127.000000
7160.000000
7202.000000
7248.000000
7294.000000
7331.000000
7368.000000
7386.000000
7414.000000
7433.000000
7455.000000
7470.000000
7501.000000
7533.000000
7571.000000
7611.000000
7637.000000
7668.000000
7709.000000
7730.000000
7753.000000
7771.000000
7796.000000
7814.000000
7846.000000
7909.000000
7955.000000
8001.000000
8054.000000
8101.000000
8146.000000
8185.000000
8212.000000
8230.000000
8262.000000
8302.000000
8348.000000
8376.000000
8415.000000
8429.000000
8447.000000
8472.000000
8495.000000
8513.000000
8534.000000
8556.000000
8589.000000
8615.000000
8642.000000
8656.000000
8680.000000
8709.000000
8732.000000
8735.000000
8738.000000
8753.000000
8802.000000
8874.000000
8889.000000
8899.000000
8915.000000
