NaN
NaN
NaN
NaN
NaN
NaN
NaN
NaN
NaN
NaN
NaN
NaN
NaN
NaN
NaN
NaN
NaN
NaN
NaN
NaN
NaN
NaN
NaN
NaN
NaN
NaN
NaN
NaN
NaN
NaN
NaN
NaN
NaN
NaN
NaN
NaN
NaN
NaN
NaN
NaN
NaN
NaN
NaN
NaN
NaN
NaN
NaN
NaN
NaN
NaN
NaN
NaN
NaN
NaN
NaN
NaN
NaN
NaN
NaN
NaN
NaN
NaN
1093.693140
1149.094351
1102.643027
1060.381424
1001.763180
969.830105
916.355635
884.172626
864.362643
854.397648
847.617969
855.529193
865.319192
873.921628
886.313401
891.999376
888.095577
883.208249
879.099621
870.055593
865.364184
865.191744
868.920109
877.302825
886.562121
894.860970
899.304675
901.839857
903.355193
902.651073
898.305621
893.291029
889.503954
885.900202
878.618590
872.954390
869.058763
868.646428
871.114825
872.513901
873.867713
874.535079
873.398224
875.718895
881.728501
888.173872
895.940605
903.741953
907.580702
909.751112
911.138032
909.547298
907.331363
904.187122
902.793476
903.547367
903.145236
901.903374
900.251415
898.148993
897.401910
899.489946
903.745281
908.664031
910.679071
910.109967
909.018188
907.362299
907.571268
907.992883
907.778538
908.838881
910.834274
910.357022
909.867518
910.608876
910.737802
909.755810
910.194071
911.298087
910.906567
911.065743
913.362624
914.388569
915.373394
916.103354
916.290378
914.796659
912.507748
911.724413
911.300981
909.686192
909.867325
912.216279
914.949521
915.361558
914.997617
914.120412
912.259629
911.163767
911.691051
912.664518
914.152078
914.489952
913.394587
913.436525
912.954046
912.124468
912.288343
911.570203
910.410714
910.226495
911.659071
913.666037
914.693682
915.413821
915.767693
915.748562
916.114075
915.383591
913.144307
911.698993
911.022010
910.655815
911.767361
912.975084
914.780590
918.506971
922.826839
926.731795
929.107034
930.296816
931.701696
933.248285
934.454003
934.542576
934.807043
935.413154
936.338482
937.719722
938.928224
940.235872
941.580379
944.088692
947.551657
950.911809
953.987089
956.784809
957.678231
957.132400
955.392857
953.814306
954.703785
956.741551
958.787295
960.658400
961.357592
962.141787
963.595231
963.962181
964.501444
965.688642
966.236698
967.756872
968.998919
970.552723
972.930697
975.295388
978.050207
980.613394
983.361811
986.864080
989.037431
990.338647
991.047247
989.057953
985.727026
982.363338
980.153160
976.925676
973.666837
971.888937
973.336108
975.494312
976.093246
976.871022
980.792371
984.962685
988.717185
992.028368
993.671584
992.524872
991.547363
991.862681
992.099616
991.428402
989.837811
986.890844
983.860467
981.343141
978.710992
975.159343
970.280230
963.787652
954.156058
943.757932
931.846852
920.185289
912.643427
908.528249
905.664913
902.187166
899.680546
898.320444
897.509667
894.241567
890.607628
889.265113
889.310764
889.312539
889.693630
889.588821
888.008450
886.550024
885.231238
882.030674
877.370222
868.615015
855.222093
842.005081
836.106870
834.854708
836.463537
841.671563
846.811397
849.750684
853.152101
857.894121
861.721090
864.683143
867.813656
868.453138
865.897721
863.743047
865.589487
868.144360
870.790093
875.477603
881.247457
888.736257
895.544450
899.981106
901.676306
899.986539
897.506448
900.275471
906.723848
913.147373
918.417215
924.004742
930.553621
935.290476
938.600263
943.495429
949.077094
953.226559
957.128276
960.365201
960.749491
961.363464
963.366134
967.271531
971.400315
975.456859
979.838677
982.586483
982.755646
979.823938
974.691644
968.812155
967.099795
968.217411
971.255965
973.082308
972.238791
970.952694
970.217749
970.121652
968.860652
962.408287
951.339583
941.812800
936.527327
936.398258
936.543066
935.836976
934.030952
932.505444
932.085583
932.419071
932.138579
928.655980
922.501413
914.247663
902.071690
886.210270
864.942015
842.392676
820.522575
802.419876
787.777345
774.710779
760.918338
747.510962
733.058191
720.981142
714.860397
712.226822
710.307401
707.775980
704.866934
700.621234
695.105898
694.149583
700.693946
711.354404
721.548686
728.530183
731.458401
735.355207
741.094078
744.613534
744.173312
740.862628
738.910139
742.621619
750.586697
756.757343
758.262997
757.113546
757.418852
762.513317
768.904280
769.418113
766.166372
764.601059
767.358133
776.619479
791.645934
803.887100
811.616734
814.161937
813.785057
815.555225
824.316192
830.128979
832.108252
835.630813
839.805145
843.613223
843.383016
838.589382
827.529915
814.509753
808.056310
805.736345
801.508994
795.317155
786.393993
776.640693
770.529075
765.117232
754.858240
745.299081
741.384784
745.966890
753.214069
758.882051
758.356315
749.498285
735.896839
725.541147
720.359732
717.589737
721.618436
724.177723
723.330772
726.665555
732.858471
735.377126
734.154958
732.422722
733.825678
740.715682
751.277110
760.763991
768.892556
777.735303
785.986714
792.952065
799.413759
802.276332
800.391408
797.621324
799.649287
807.002888
815.026714
821.595395
825.088343
825.849375
826.850330
833.001618
840.970950
840.000782
838.068421
841.946618
846.262827
850.486123
853.092485
849.942291
852.717695
861.644540
874.817203
885.387296
888.534395
885.124150
877.787630
871.478602
871.917327
875.291954
877.427899
876.564368
876.420755
874.812838
876.355302
882.896635
895.563941
906.623353
905.284602
897.798642
893.584726
893.526447
897.833607
903.780848
908.536832
910.805902
916.536522
923.469039
929.246355
931.081395
925.425471
919.275685
918.731132
923.040169
928.248838
934.297739
942.185361
948.709152
948.908789
950.969765
960.025192
969.376771
972.074666
963.459937
956.461760
956.468560
962.742536
970.435528
975.106995
976.536479
975.557155
968.955069
955.949424
947.381334
945.901437
949.365318
954.745292
962.666955
967.433358
965.747944
960.707282
961.249643
968.799470
977.115250
985.115680
991.287913
998.289204
1004.387175
1006.218833
1005.973579
1008.427041
1012.141550
1013.094029
1002.666985
970.037367
923.663650
877.782972
842.158416
826.043072
826.647069
839.412952
845.830097
852.539945
863.225523
879.367123
891.513106
904.612116
922.643694
948.092638
969.953602
978.780899
978.778982
969.307761
955.142374
942.326206
935.051882
931.090347
928.019727
919.827120
902.654397
886.543505
873.708895
866.780034
860.346592
855.484007
850.418442
845.502604
850.089207
853.202225
850.040440
846.977883
849.483243
854.534518
859.048719
861.465446
857.800724
852.684970
848.219093
845.704083
842.907541
838.643184
846.259086
870.093590
877.916489
867.360338
860.579534
873.992512
883.588264
881.342864
874.890791
873.178291
878.843704
877.588091
872.158299
863.384494
858.114854
869.729909
872.804144
867.823367
871.474932
874.632460
871.488736
867.600626
872.975882
876.797689
881.974154
882.308851
874.466172
865.834950
873.132221
880.442384
867.297982
865.752800
874.458073
876.113739
870.647115
862.369558
862.316298
861.038875
855.231515
846.610684
844.819194
848.165940
844.657481
846.304519
853.465165
872.383437
894.139151
899.658002
896.108603
895.137978
900.755811
893.311246
879.024842
876.513722
872.159009
858.475301
857.526421
871.630719
878.270052
877.692731
887.906508
905.788175
917.739850
909.955935
905.529976
910.526408
917.744500
915.171609
902.456245
910.046709
912.255837
913.889364
916.291410
922.318236
918.743305
925.153929
927.768207
924.413243
922.072238
929.653503
931.545427
933.669992
936.619305
936.120236
934.938732
948.170222
955.277435
952.862258
941.647512
936.047272
938.602389
949.906599
952.935305
947.703445
941.870786
933.943607
936.211408
925.647658
896.926284
828.710816
756.039641
730.242449
740.031878
752.220064
763.562764
779.064528
802.709618
801.559020
796.878428
806.382166
827.128019
853.491021
863.896574
870.175086
867.354662
849.417506
840.692968
850.916225
852.466012
855.988080
854.150781
854.224533
835.933905
820.875660
832.350155
835.168339
836.324166
855.879804
848.768044
841.445684
847.897633
844.245856
831.722720
824.694249
830.960561
831.829839
823.037042
809.648387
814.864844
827.236962
842.194960
847.793261
837.993456
834.652549
838.211505
834.340736
838.625994
842.607781
840.117886
854.501786
862.833044
843.549915
825.281326
819.183294
807.351601
820.923040
842.325793
860.104337
850.280815
866.657530
885.661828
902.068405
907.787295
891.427282
885.609638
885.462832
886.255417
873.442489
880.742881
896.089529
898.492826
888.539520
884.159401
889.307276
886.008701
893.089880
897.102383
880.066169
859.785256
868.519656
892.512002
896.452896
901.032174
934.626308
937.743188
922.680145
893.277026
894.476095
886.978799
891.377382
897.357345
898.415769
886.812601
887.533216
888.950669
898.132785
919.537998
923.693383
918.257871
918.088872
927.595440
923.296517
925.414246
932.557614
928.122518
936.259002
936.745803
940.349457
928.981407
918.975182
914.184056
900.554307
883.984189
854.044977
802.698122
780.744243
787.425426
793.767856
821.680164
838.020403
837.481520
839.085530
842.791593
823.770451
813.530286
811.503758
825.343782
818.993830
832.517440
831.057894
842.318293
847.098885
841.168931
842.670453
808.486817
781.457817
780.272981
776.214665
778.565432
775.903609
778.951901
788.137726
791.184508
789.613117
778.048773
771.054036
773.882710
791.970202
807.795390
806.233908
792.186576
792.146608
800.368416
808.692659
794.943071
772.553934
759.856807
753.579678
762.753077
750.730104
739.664434
746.602200
728.232256
717.412664
701.284792
699.694407
691.074811
672.470125
659.463746
650.789518
649.923701
651.292303
649.229045
636.129415
628.890063
627.328877
625.665416
618.744998
613.489488
618.371244
611.035956
622.871132
627.204571
618.073376
623.023949
640.097802
647.536659
650.872996
657.879466
667.657724
690.759018
734.297234
786.468724
852.615647
902.270885
924.569257
930.655915
930.128625
897.761045
853.417911
821.365431
751.458414
698.338015
710.465884
734.228841
729.273306
736.212054
768.601838
771.961576
763.881467
765.505374
768.581190
753.924786
738.508290
726.165837
718.113864
700.392047
671.449216
660.664855
654.138812
643.482844
637.471665
634.256152
636.162453
644.866360
668.717173
684.524016
684.411777
682.029074
692.854232
708.560675
717.719868
727.274767
732.835965
728.957601
727.638283
728.005972
729.886236
728.345434
715.253182
707.740711
703.548352
693.534122
686.552060
678.663448
685.461308
694.728951
685.385625
688.997969
678.653590
666.988189
650.998290
635.719169
630.536431
620.856279
604.978102
592.502571
583.338502
576.441269
571.312682
569.867157
566.322206
560.232311
562.756112
563.902526
566.416843
571.540665
571.278263
569.248077
568.399583
572.072723
581.735316
589.284154
586.078703
577.256120
569.675812
576.923189
596.553114
625.248223
665.882049
721.095478
785.918207
847.585915
899.467264
934.296965
954.193476
969.910036
960.971629
955.469661
949.659084
906.988035
799.694253
673.948473
619.670973
613.545355
608.229645
596.330657
597.113330
596.607414
595.006355
593.267947
587.448521
573.048559
567.537034
572.273978
581.192592
586.546795
593.575178
605.100843
616.810373
650.186084
687.857071
720.714721
739.988788
774.256902
795.051298
809.491753
842.028768
830.007331
816.133646
825.553693
833.278861
821.861276
800.639105
808.230955
831.571103
842.284177
834.654748
847.213501
839.917767
813.455724
811.962240
787.237228
775.400747
780.502756
771.385941
773.495234
780.061362
782.934158
770.294239
753.711061
744.612092
736.029638
720.615373
727.866460
730.344570
736.952571
748.846747
729.334064
705.679452
694.495216
685.761476
670.348449
654.537833
645.102697
646.586610
653.658939
640.245794
631.937765
634.483253
637.976316
640.089275
637.640651
623.706635
599.530078
590.628478
584.565672
577.183208
574.996834
576.895740
581.309079
582.227369
583.754267
587.546421
591.704776
601.292022
610.858046
616.153071
615.553229
612.897030
606.919623
599.932894
601.910658
604.663304
607.345762
609.728484
606.716961
604.543832
603.618302
606.799917
608.014039
610.364702
612.243070
618.968886
625.396356
630.998256
638.854518
646.982361
649.753752
650.077382
656.514645
669.545900
677.935214
677.201716
680.392405
686.971920
706.865170
731.353272
763.413895
803.879443
833.809253
855.820701
878.863526
895.418981
895.367491
886.438702
836.576337
726.020869
682.385645
687.201518
687.632723
684.812585
677.508794
671.892843
676.076175
680.540559
693.361852
701.617777
689.507914
682.985248
680.347903
673.375770
675.427018
676.912740
673.260512
664.027791
666.891607
683.476460
681.388175
669.475557
671.442886
683.060238
677.290261
676.306049
692.004939
686.093391
690.474910
696.972576
690.257645
693.306199
703.075779
701.688591
684.005651
668.526792
672.177595
661.272316
638.646323
636.227399
634.402469
625.800766
640.635377
647.753791
641.730524
648.632970
660.181686
653.142681
640.266971
637.287582
638.946844
622.917221
599.824744
595.213400
585.346771
575.635132
577.363185
589.433608
590.881997
579.166123
560.415707
547.879469
545.505006
548.020697
552.081931
560.746268
571.444901
576.234844
575.350714
575.640121
584.239130
595.797582
607.839996
620.842182
628.537721
629.247777
635.172846
643.784044
656.801096
672.660046
670.716450
670.803774
678.937067
679.404161
681.907130
691.001015
707.466532
733.880124
782.241789
827.514473
847.231099
874.140053
919.347204
956.305108
982.049107
990.520689
981.893273
914.860666
789.706840
731.988522
717.084180
707.123318
714.784197
718.933738
708.910261
689.812080
681.287240
700.303126
704.339150
710.344109
727.747098
714.309320
692.395703
693.621156
701.019872
701.837172
705.474905
708.078709
714.685296
714.288275
706.117527
699.648748
694.053348
704.668842
711.885085
701.234498
689.732115
676.289868
666.621865
663.451794
670.217110
663.864064
657.489594
660.274823
667.926410
670.254304
665.397926
663.264752
654.215244
639.692583
642.414326
634.185789
610.777858
606.692154
611.034245
606.954729
608.942625
620.992998
634.260468
646.417976
644.433358
647.572900
665.711887
674.673736
678.390807
680.075617
674.528170
675.370584
677.290891
680.337137
675.010394
673.453358
668.967706
663.262951
662.906484
655.704383
645.859742
635.716541
621.289370
601.266603
591.025818
586.243549
582.636162
584.722738
581.222819
573.527465
575.594017
588.064156
599.140531
598.790909
588.116598
571.349644
558.973067
555.925301
557.986295
564.176751
573.256606
587.352600
616.030988
668.090984
718.969824
750.120297
764.913276
773.808325
787.846776
796.043347
795.848790
792.533659
785.406740
782.588176
783.322124
787.499480
786.572703
779.319875
780.413352
795.869886
814.425576
842.372661
885.689250
928.091595
960.828266
977.134205
968.877526
937.872172
852.522172
715.842057
626.420453
594.915040
582.442966
578.613341
579.591218
588.790348
603.510754
613.327112
616.416827
624.663572
638.436696
641.226974
641.010277
653.046361
657.737554
660.624896
672.493929
689.134217
688.711993
672.548454
664.085615
658.292830
651.561622
648.674677
642.071686
635.031340
637.212815
657.778049
657.378557
658.136543
685.368712
700.345464
694.727221
683.862695
692.963620
717.067803
720.171471
711.554417
710.855935
716.003065
716.999949
712.799567
709.364000
712.595020
719.329592
725.736391
738.421263
754.852620
756.152107
756.426796
764.482773
771.685421
776.238916
766.082997
752.222870
745.748884
737.280661
725.323606
720.009407
714.042303
709.822224
715.348217
715.156543
702.950543
699.360469
700.175567
704.967624
701.732107
688.054976
677.553739
671.777667
661.134941
649.904420
641.502923
638.960948
636.196830
629.842858
623.714905
619.768640
618.245381
618.418218
614.822176
611.899064
618.173958
625.517617
627.564872
634.261885
640.702969
637.396195
633.063229
637.230930
636.474463
627.348397
621.652640
616.540584
609.730311
605.169356
604.382815
605.534973
606.283029
607.598785
616.335028
629.950427
638.590094
646.394021
653.767013
656.053815
657.243529
660.654806
665.293093
675.558182
683.618568
684.612635
682.385653
689.691370
707.174154
728.547364
749.202065
775.077067
805.662584
836.982504
878.963766
918.871424
937.387990
950.702535
963.411770
961.196428
939.737128
880.023328
777.687820
696.018522
656.693329
650.318782
645.690029
646.207046
648.025114
653.428226
652.633204
639.458975
636.481157
640.764757
634.915260
628.058365
628.231720
628.530614
620.918839
613.093856
610.380151
619.850331
629.600861
631.414313
633.759763
636.767555
638.295358
635.664558
636.129235
638.127666
641.369234
654.279899
661.842102
671.909672
682.261119
679.624271
679.938569
682.595520
691.077073
696.900892
691.914664
695.318391
699.313549
716.172542
731.728318
740.934336
744.738489
755.824103
768.770601
781.402127
793.180812
800.404541
800.357316
793.445580
797.508078
802.425503
793.954079
788.312633
809.493078
829.164228
821.079546
823.818003
837.469859
828.668222
812.862358
814.664187
835.966986
840.365990
839.132752
847.486649
856.232875
857.301127
847.752737
832.461443
864.434059
902.214108
909.025508
906.015673
884.243919
869.977414
866.743208
875.763168
899.133269
910.929191
898.851852
899.221826
916.035190
916.352574
917.644701
923.021444
934.744202
938.487199
930.225333
908.158112
903.348910
901.040023
912.065927
917.429795
904.223762
893.318816
904.035694
921.578190
924.179914
903.379511
836.936278
759.419561
766.196066
802.471622
815.156182
808.447636
818.987658
814.115604
798.789352
804.267834
839.973782
844.993897
835.135373
834.853646
845.336168
844.071974
853.105137
858.228822
858.256059
870.339480
870.000420
874.370302
889.245415
914.175987
921.276402
938.209377
933.156385
936.921922
942.069087
939.371366
926.142996
910.891132
891.224260
893.384410
905.731359
912.602268
876.946272
858.372353
881.465547
917.543448
926.892667
904.622635
886.450615
914.005727
952.248929
972.700111
977.752858
970.866470
963.539624
964.277083
953.761908
907.938471
908.531784
931.851513
936.293037
945.525699
957.071399
958.618612
934.372836
916.981740
920.449251
923.960353
912.941359
915.121249
922.657422
939.621522
945.949940
921.448523
899.608635
914.148363
916.836395
909.413892
923.662075
905.606195
810.295143
731.988368
764.875748
815.781942
858.181275
856.782847
861.550309
878.933205
888.123899
906.777606
915.616884
891.167122
853.675501
847.451309
845.889791
841.393110
845.297142
846.579157
858.346016
880.359186
892.922995
910.432142
907.348364
901.198785
903.910257
903.780500
894.889371
907.632310
934.594266
920.899435
889.920585
890.097768
898.113180
887.919023
887.874301
874.375784
874.411694
876.849301
885.871768
896.217901
892.132292
889.812174
908.238173
893.517676
889.041398
907.459234
903.878962
912.778486
957.287422
963.387621
936.591327
916.555687
917.807136
930.055448
948.780698
957.302727
968.819565
964.525612
944.381454
940.691815
929.135913
912.270229
931.142633
977.888753
978.236678
926.367369
921.531546
938.080989
926.434525
840.931623
816.902114
907.747926
959.442751
960.390271
930.810048
947.951212
992.832759
991.143807
982.605239
961.238428
963.480193
957.893646
949.808935
978.006422
984.169170
960.271793
940.737142
939.968529
919.885314
889.906944
899.590916
914.382481
929.569827
913.281519
913.950007
920.148803
921.396636
931.010323
922.557635
926.914088
917.774549
910.602312
899.281103
887.183253
906.211618
917.003745
898.218715
899.654130
891.374469
884.962192
878.569115
896.090717
922.619138
930.308107
932.500896
938.607382
953.045629
930.974934
920.816084
949.587021
969.135960
958.083002
923.392955
942.405969
972.339157
982.069654
985.352935
979.034845
958.655344
960.565274
949.813527
945.191935
961.543846
947.678599
865.582113
842.201523
922.951931
935.357013
897.772034
905.548780
931.198603
944.892511
923.579375
929.525971
959.537168
964.430951
948.624679
933.833326
949.059904
934.836423
909.855533
937.735697
954.493917
946.790217
937.876586
945.142166
918.501440
904.886867
896.350884
906.543655
910.585514
921.450475
947.561436
944.265756
937.460663
924.584516
900.782571
893.846642
921.636547
929.208208
954.922515
916.579592
910.789944
896.298335
886.931256
926.585744
944.959582
907.551703
864.136510
879.439103
881.419075
864.353235
878.311422
881.946527
908.947556
924.566929
929.433256
910.001439
932.242945
950.018342
936.793670
840.739223
775.676570
799.866228
849.855204
868.597956
872.233129
894.017392
898.785990
912.961992
926.310638
909.457280
895.748161
873.966639
889.646756
907.577360
957.192655
958.806584
922.478655
881.118047
892.324476
921.876411
914.172484
916.579076
922.721777
901.707702
874.545482
878.026878
882.768598
875.335451
898.656653
895.912461
913.474073
930.371315
914.022194
920.865132
948.148456
933.808193
908.130702
911.977925
939.361092
971.447268
956.464037
972.677685
997.729407
977.959992
895.620962
868.311015
880.906931
862.595749
863.619185
844.832014
876.878668
899.971466
937.801673
944.950372
908.098598
902.069891
917.958939
964.567658
963.851390
976.182044
967.560669
915.290919
893.632065
896.045713
909.101296
885.769324
883.787732
886.487735
904.656800
914.228575
903.550875
893.225615
896.766973
896.677419
900.476933
874.722048
875.372113
881.396147
921.511421
918.917284
921.642856
923.800021
909.870536
916.091446
924.777401
958.441056
956.346389
911.578518
934.338908
980.748158
986.419579
988.474632
1004.193860
1026.306970
1040.404213
1010.692644
910.900685
824.024820
842.848272
838.191681
839.738643
847.115778
863.804493
874.712274
869.767241
871.269380
876.619357
883.941243
878.519382
893.500579
902.056884
874.034749
887.674566
888.624008
880.990145
882.049068
912.409376
911.543389
882.582241
890.077405
907.059534
890.827044
863.839776
884.883369
903.151308
918.422967
936.456713
975.786266
999.427968
1015.290734
1030.491698
1034.912288
991.935548
904.647987
890.232028
939.262895
956.927510
951.598087
959.457547
990.355184
988.643459
1002.579239
1001.187386
1005.638444
983.787953
962.989091
992.466651
1022.670829
997.727153
979.920727
962.557774
934.521089
917.966064
941.596727
968.829599
951.293393
943.221653
968.982498
945.367968
899.246722
904.764856
911.018382
903.685060
884.177262
885.411090
899.733875
889.588862
858.844819
853.663908
846.581557
866.144717
877.841881
870.243019
871.369664
867.189147
858.544928
857.905601
874.951464
862.367246
869.091004
894.913403
897.948970
906.140232
940.359773
952.275731
951.860229
952.198735
860.941705
832.044728
835.822565
841.842095
847.414086
848.854127
859.955495
854.651508
855.312650
880.404191
920.440491
918.390362
901.695288
894.530171
902.028562
869.445147
856.228339
842.581200
849.012435
864.300397
864.825567
878.885318
889.290935
869.416745
865.702556
847.132571
867.540944
871.676875
866.622989
843.242797
851.300336
860.876390
828.328830
866.504379
912.601577
927.686386
934.203154
922.837289
916.301607
950.708884
982.637768
985.096358
978.481203
877.405909
838.258303
869.098612
859.640524
841.459884
858.469720
875.792215
855.855683
849.245118
841.179645
879.719158
907.844249
880.129840
869.856164
849.781974
857.332858
899.673666
892.150628
901.104133
909.722049
922.644040
922.965302
910.020147
913.789317
934.316555
961.735041
1005.299218
1020.318180
1009.716439
892.527902
861.861842
905.471384
874.697531
844.634608
864.075250
889.140810
891.450855
894.162670
893.916371
877.256046
867.441831
850.407442
874.726129
875.025071
863.806558
840.663758
833.421634
849.915310
834.908853
830.648664
818.549413
854.819403
872.548918
876.965003
876.357306
858.030944
898.538158
904.022444
881.277366
876.139884
862.805583
888.497929
929.367694
989.138502
1024.135766
962.487777
838.256714
800.556900
889.019424
927.454123
930.153854
929.847017
927.705439
905.381183
899.205419
923.467554
928.587108
933.067602
914.883032
904.080174
934.749042
939.725113
931.631681
936.178876
949.019044
953.787772
955.938111
967.146825
964.888636
930.952232
921.828230
925.873597
900.889674
901.965788
902.815934
921.379905
940.093877
937.276675
927.412987
915.602011
926.524916
923.813033
932.325732
935.735985
916.087028
937.099141
946.648404
960.622261
961.220177
969.196055
1002.825358
1064.113542
1089.392860
1036.138503
899.452253
863.770790
898.325632
944.986059
940.144654
911.691932
907.263810
909.642711
919.604175
919.646655
902.239526
926.657862
912.867752
875.615222
864.757526
864.297510
868.014002
861.668801
867.714339
870.349202
893.464776
858.201174
863.873950
861.290513
857.570307
861.940619
878.871819
869.671314
869.697995
870.169642
881.923699
888.962547
880.561423
883.766582
875.266438
859.004289
867.818327
888.172059
903.517326
927.816273
937.481413
968.900354
989.893868
1023.144978
1035.727812
998.033814
830.117939
794.031603
825.076159
854.151994
855.081434
873.722490
862.645845
852.762010
863.431360
863.061676
848.335998
833.612922
833.400931
846.411076
859.362556
827.801967
818.590967
813.825377
818.992521
829.328396
850.767298
859.037167
844.237998
835.058516
823.099578
815.912143
825.392679
847.199245
837.511928
847.022199
843.343116
845.357333
867.752219
845.183402
862.951154
872.303751
911.549167
919.465449
908.558160
881.835992
870.609545
904.589751
924.266825
930.925492
945.803491
985.643543
1026.559553
1063.899399
1062.151941
958.824165
803.162957
792.249626
813.702001
839.530079
838.362464
825.223672
804.334774
797.898321
820.641080
819.056286
824.478156
830.357259
827.971438
820.963277
830.454923
810.623053
817.723699
849.801915
862.074361
869.232556
865.417095
875.492664
884.556051
869.187532
898.037454
963.809867
1011.709129
1008.741884
971.466395
902.022180
864.068562
831.336331
807.977388
847.512325
886.469506
874.944603
876.230271
877.996250
879.934928
879.922265
853.484824
884.406177
889.695595
880.332265
891.478974
908.792709
934.210141
954.224034
931.155375
936.629214
991.561804
1041.670436
1021.112711
810.775691
731.881273
788.473198
817.698276
799.964084
756.470259
781.660713
782.352061
738.706649
748.115782
755.966216
776.099181
795.404723
773.466124
770.855619
787.637360
777.554412
792.617158
809.269384
824.000540
844.076479
849.796944
838.102796
831.079343
821.470811
842.334181
846.733438
805.288182
795.770639
810.489886
830.423193
850.764518
874.672884
854.084149
852.894620
872.625440
869.350206
863.493532
879.775694
905.145896
934.679086
967.433838
996.921310
1035.967261
1054.914211
1024.945312
869.928116
728.713601
732.968656
735.807537
745.244971
752.420556
732.009611
733.463528
740.805145
757.089397
763.640856
762.665115
786.989846
799.706412
787.537655
773.121403
793.150576
822.173389
854.652373
867.947495
858.559847
855.275373
846.304597
855.465290
872.786790
884.754980
896.472615
897.497376
897.863893
905.527474
934.136970
960.259515
974.156497
979.394445
1025.782118
1069.154127
1058.035989
1022.579511
864.117569
744.428413
773.126167
796.485997
817.349560
810.768122
812.292450
812.176000
810.071092
811.924288
812.816734
817.713892
824.155236
839.517929
853.222312
846.814207
814.000572
819.414530
813.683750
797.495926
777.776827
788.475209
814.570155
833.981987
832.477392
823.934411
811.554950
828.767289
854.691036
804.644280
789.664133
801.109317
806.103834
817.039884
829.908916
830.650027
812.611598
813.494020
827.823111
849.940231
851.258834
857.412817
858.051694
846.888480
845.413237
849.973536
838.177547
852.123497
866.272872
883.373150
866.644241
880.427193
915.049112
956.194751
961.911795
946.059889
895.408482
733.404797
613.141027
612.322438
637.981084
637.971193
654.870213
675.216905
662.694701
652.897074
647.269194
630.317341
637.431867
647.482477
650.285489
647.072883
660.945856
644.872674
643.828685
657.199121
667.798638
678.459306
684.567041
695.175751
694.843359
675.626998
678.543942
691.553507
694.912275
685.843011
686.206498
675.820260
686.535842
690.243876
707.822409
727.780520
725.480052
732.801623
740.303636
747.679124
731.480547
725.304696
727.272636
749.915362
769.166097
764.047584
753.607344
778.500913
790.570091
784.356702
811.258751
818.280480
825.679031
856.329546
856.600828
846.681307
852.631833
860.594519
862.745799
875.186159
888.245372
911.818855
918.809174
925.429642
938.402635
979.622749
1001.552445
955.049611
827.549391
770.550718
760.321271
743.876307
725.582644
725.967405
728.579534
733.621840
754.622553
752.027509
768.503397
753.362476
719.542903
701.213668
690.677246
703.816221
723.516802
711.100183
703.861122
715.956348
710.514478
701.094408
696.056851
704.029292
711.511616
702.110421
698.364991
717.570267
724.098190
729.040013
755.385891
773.117533
781.920775
779.039865
813.436544
815.466812
813.769397
835.254066
854.409539
882.861317
905.616433
896.964736
873.167970
905.663642
935.217477
946.503873
956.248000
966.119054
947.462762
861.614600
732.095347
728.550046
755.832681
763.505117
763.362886
749.410655
724.495965
725.965745
739.136135
754.108452
750.588884
738.267999
744.134668
750.370180
727.268013
722.543166
748.584991
744.366229
721.337712
729.206932
717.216281
711.564189
727.549335
708.681864
700.578268
714.046334
711.349420
707.821130
713.057464
709.735181
688.101921
669.911407
661.827476
645.469374
639.426008
631.177381
637.376011
629.878882
614.175162
604.705209
607.276534
611.679866
631.399162
653.521921
673.660443
700.159212
734.967981
776.206277
816.555252
844.972919
885.831431
924.028076
921.426474
862.912962
657.410137
547.783038
558.285803
568.323920
591.848705
600.200250
605.910255
607.598765
611.349438
635.260418
636.002634
652.011326
653.672786
641.340706
650.679228
663.925367
691.839453
703.894262
708.747918
731.950886
742.058578
729.054907
739.970924
744.798053
740.612864
766.899338
764.290419
754.614661
780.069576
815.061475
814.016638
809.037749
794.440313
796.339940
814.380559
822.274613
819.242602
811.991920
832.760198
868.188528
885.138838
872.166185
881.397672
904.608230
933.681786
973.271547
984.622994
946.495047
807.936972
722.287316
687.736038
663.894585
652.795418
650.620606
637.806666
624.869929
610.799005
609.361991
614.162704
600.773486
610.942730
642.419629
657.216318
671.568693
687.923616
684.345221
692.899266
702.565367
703.288636
704.889137
723.976878
746.768347
772.947016
787.484732
804.461361
818.121675
808.297891
810.235817
843.023979
861.938708
877.526988
897.552710
896.869433
907.956141
917.434073
911.615259
866.993456
722.444176
598.442319
563.574188
564.979779
563.522296
541.298376
551.422534
570.424338
587.538882
589.976102
574.800588
577.506214
592.613663
612.636476
619.011957
628.814595
619.044272
623.530385
638.771687
659.942038
650.589548
667.014339
689.288362
698.695338
695.373520
706.276991
736.891166
776.904757
790.909807
778.904563
767.497986
756.617452
800.155969
826.752012
829.811048
854.629680
856.153586
864.851135
833.497531
833.440961
873.327883
871.462572
864.437680
880.329355
881.542479
925.406710
941.885013
783.324564
594.437826
552.250129
547.279564
577.265731
580.835222
559.500050
562.239940
578.850128
589.632614
599.833357
611.021369
617.311313
625.465281
616.028038
589.788819
589.134722
613.441044
619.957825
603.798862
583.146201
576.080779
577.230283
583.983098
596.049601
596.339724
607.772522
630.042099
644.517004
644.911740
630.459704
620.102765
630.337052
624.424374
608.154943
612.641955
629.328726
625.576317
623.292551
631.999476
635.834737
654.470846
652.658316
638.673326
645.255191
661.341302
677.865828
705.813682
729.303204
761.155440
797.944171
810.119145
810.951248
837.698193
867.251606
892.581057
891.434122
899.200538
931.763940
932.198266
845.158585
616.323005
519.295024
537.464007
555.330510
551.732875
544.550466
536.363989
544.693617
545.088055
537.286506
544.060231
548.269116
561.194454
551.566583
550.938767
559.170084
561.886731
571.447192
582.922669
597.536585
610.818739
613.035242
621.263297
614.430335
605.235772
595.801609
612.374222
621.867142
623.637803
644.895707
667.412370
665.413030
649.376915
651.574740
663.458333
633.325586
629.480824
632.345579
634.167758
651.232447
651.904527
660.205856
675.051448
690.700296
712.011078
742.693477
756.549506
768.398789
795.038184
834.292596
858.701964
870.449579
870.470907
882.554042
914.861480
932.571460
914.888367
763.136604
570.172502
538.089485
517.097567
496.785357
513.558647
523.015352
516.715952
528.581185
542.728502
538.314465
527.084839
533.043339
538.315599
521.566002
521.886124
530.297118
546.908739
555.305881
541.877104
549.329464
561.983693
579.092462
589.743132
608.307353
629.870291
646.260304
679.058973
696.018440
701.795931
732.641111
741.560963
743.569334
719.275686
730.985475
743.223189
735.970282
774.581288
800.558119
798.567882
812.576854
817.019154
813.386680
827.620588
856.091903
882.621916
866.687552
864.322988
880.522901
905.513343
935.137975
963.554652
1015.240421
1016.602566
998.087953
834.468942
671.677555
663.764717
695.647067
713.685551
748.305663
747.193436
759.492687
789.633466
792.299839
785.541719
841.019211
865.731273
827.288306
837.654770
877.028879
879.017743
894.808636
912.878011
925.179736
939.922159
939.778860
920.340139
903.716127
855.361104
873.185239
902.446412
906.696916
883.774631
857.768004
849.505408
872.450392
887.265027
876.764375
867.657759
865.953770
892.195908
892.042225
894.261255
910.553809
909.344844
902.836223
891.775226
919.154977
965.538619
997.878865
1001.735415
980.760182
867.929494
669.563037
619.072046
623.264929
610.326073
607.676259
607.466153
613.438550
626.779420
652.398298
667.234923
677.090729
680.491380
679.287089
690.070379
691.017469
688.949892
711.597239
729.667357
747.127723
725.310405
736.460076
761.474769
759.702785
772.991590
795.433419
801.791768
799.251048
803.380145
820.039927
806.693607
811.134042
806.110753
821.820641
850.813016
846.385449
822.287805
805.937739
806.545322
814.769855
813.356178
829.683348
829.571308
840.575746
851.777623
875.942071
907.600039
938.214292
943.681127
973.527218
1035.263992
1081.181899
1105.916146
1094.782861
949.213096
785.572856
800.925235
813.189833
774.297847
776.892773
819.464568
807.867532
814.504557
828.557387
834.202246
826.333825
814.598995
841.124433
841.771844
828.963849
832.861790
850.371461
897.542869
919.241304
934.734560
955.648418
987.897285
1030.191216
1076.551157
1077.818938
962.274526
787.268674
768.360483
781.413002
794.292237
798.536117
806.598365
787.885419
774.210245
778.005475
769.186083
768.609813
763.917859
751.881879
764.432361
791.628706
791.884310
791.442587
793.167449
805.494605
828.811951
827.198208
833.496344
849.161595
855.503043
873.817291
885.319036
902.254972
922.317393
948.008995
1000.006288
1011.072280
982.256671
817.295900
725.601154
738.432251
781.575273
778.050481
760.285412
781.846387
794.072252
792.510538
823.907387
836.512462
842.855387
862.691270
879.217884
855.257823
860.178168
872.665753
841.734417
840.808022
859.450128
874.259157
890.222112
903.183587
917.395518
927.429433
932.592677
986.518946
1011.228551
1043.299414
1080.301777
1051.788493
959.012420
815.796857
818.424009
851.793014
825.757250
789.304970
821.205833
836.946388
809.191697
797.185871
838.239311
860.096265
858.008659
852.829645
845.227661
809.066423
850.959331
877.982508
913.852115
953.003465
962.636731
982.957402
1022.531890
1036.441901
968.142631
809.598319
745.024783
764.184095
759.825265
734.640463
749.264191
808.343691
834.628012
852.855102
872.228265
862.899486
870.491185
883.011072
878.075966
879.123596
892.106083
893.458736
875.511340
922.230292
988.738324
1025.172039
1065.247484
1092.783883
1106.060310
1117.658551
1122.098526
1115.948047
1121.149646
1120.024351
1090.674725
953.641899
758.985776
760.546436
761.437044
760.509122
747.891947
725.384389
732.687021
760.973811
809.433582
824.451962
812.363725
808.370089
822.332247
800.448104
800.442113
821.258422
821.417571
818.935111
798.545899
827.473371
878.957625
890.965429
910.772806
944.769114
975.014947
945.536838
846.395289
679.406842
688.310030
699.632786
711.387914
768.272568
823.958340
896.791812
926.648616
916.860568
933.851061
897.610391
820.826317
693.207724
692.541164
707.554565
726.493172
748.330633
787.136733
788.247695
796.476752
794.848298
766.825780
727.389699
743.197843
810.932857
859.153149
837.765396
844.277861
874.854888
919.186517
929.521755
877.986111
634.485875
664.777855
847.928841
903.171578
925.175472
836.976908
770.303419
847.059843
897.940831
920.144743
895.026083
775.397720
627.557022
594.601723
627.565209
641.050523
626.961143
669.584333
718.502628
706.000303
730.193411
761.947003
760.056978
747.825515
773.449650
771.978418
737.753160
735.715454
741.088630
757.755774
779.523843
836.648530
845.230142
823.899747
805.500086
798.746998
784.723058
801.756979
846.451859
880.601209
931.288844
939.838771
917.273316
726.983020
652.613429
693.414900
734.656577
709.533947
708.234150
755.405123
799.033141
814.615945
837.080832
866.102047
858.816177
839.474978
812.981592
792.329774
817.003221
834.966245
893.627914
898.015987
881.671613
867.066518
838.356832
842.959763
880.587382
935.122724
965.678857
946.352952
935.325228
912.426662
919.996334
954.090716
968.571609
994.101887
989.636976
928.257192
753.103879
624.866727
695.536548
753.461830
812.217312
868.289853
893.787184
921.809206
935.112552
980.608121
1018.331976
991.743933
861.300696
772.858842
765.900670
772.404807
819.727997
890.508560
894.553384
887.393272
906.763506
926.235443
906.668206
873.685181
830.178742
821.206696
838.209734
888.947887
926.561288
922.210359
921.556048
933.595716
958.297327
976.063696
979.561248
980.039632
939.446567
773.906559
575.474091
650.795303
683.488272
682.321249
705.902637
724.368493
750.852448
824.206071
843.784829
839.142141
819.316103
793.996769
766.800591
778.292898
815.740918
867.929824
883.317396
881.760208
875.883319
923.101030
966.297806
957.542697
942.099621
952.634066
904.581768
703.845518
585.739540
635.492986
632.494536
632.917363
712.121305
761.275306
750.555433
768.855879
798.188982
804.020437
801.803525
830.649306
853.980055
856.875898
853.139373
847.337124
831.730161
877.926040
928.867668
953.398314
975.111914
897.883488
695.755139
610.401177
672.244720
682.263242
675.517497
715.634723
734.161673
758.279403
771.169042
772.708910
781.223547
794.728712
801.968542
846.475115
853.395124
824.541888
838.260827
831.182171
805.751374
838.184703
887.854868
880.613673
853.031451
864.903796
899.855449
926.500396
937.347288
956.299783
937.881255
840.525973
637.631859
633.054702
676.604914
708.494689
729.167734
718.200121
752.778570
797.502170
790.708497
778.177471
815.152235
847.293238
880.148699
906.342427
917.954893
904.260754
889.399886
886.860173
899.308476
933.021248
958.987098
919.202462
773.072356
664.216944
670.641995
690.594163
689.573957
714.310200
762.599943
814.574243
851.186342
843.470363
843.259371
864.313228
874.149141
871.323592
857.340740
835.805446
860.687686
880.034428
883.209466
882.116646
899.169639
920.082213
920.321055
962.149738
973.857654
914.418080
734.500294
658.812480
701.607709
712.608949
722.251522
736.461234
734.657780
759.137259
778.161473
765.160034
776.191776
797.847048
800.792977
823.916587
841.583967
853.763089
864.746409
868.477686
829.434629
806.371906
832.061187
859.870017
889.248745
926.518847
952.292960
896.167791
654.813998
623.013128
668.240493
669.071242
666.384137
697.034168
749.888671
765.332617
752.187306
747.387843
761.662098
801.531923
808.677471
798.640528
778.828610
799.401925
795.868574
779.906876
793.143473
809.685081
792.698170
834.468043
856.235558
825.962665
820.002140
839.171634
823.467964
803.919413
824.741182
844.768099
851.899824
841.697066
870.041668
882.390224
866.475604
847.584652
827.207398
852.118487
868.607303
920.025968
939.357647
933.667142
968.242438
961.567683
776.002499
597.926080
618.578231
653.850462
687.026135
656.251160
643.009533
704.548149
732.028024
763.314500
783.661070
806.981288
778.493686
766.243425
751.253227
789.915031
795.556570
785.729296
747.925356
750.115201
784.575050
810.933425
829.768368
839.117151
847.575462
813.732601
810.388065
816.116710
795.142013
808.302397
845.337264
868.604071
873.999783
862.475214
835.862654
830.519637
835.584773
857.684635
883.597859
900.468339
946.470079
932.498762
894.200256
872.226514
877.573336
929.376132
938.954396
954.886909
964.118313
851.113090
580.069903
588.834547
654.126154
665.608232
697.660434
682.092861
691.991741
708.987450
732.524455
714.238382
773.316640
775.743486
745.743481
764.676919
838.749612
858.721390
872.397368
863.245767
834.665495
787.017544
812.382796
870.509819
945.775154
963.970364
906.681288
871.807255
907.710283
964.682968
991.883539
982.515039
885.271417
641.098538
607.722202
622.761330
600.263947
649.184286
699.925049
742.964110
772.896251
780.775275
842.734921
893.132958
901.303417
892.042904
761.061868
579.159400
596.072976
590.662532
592.704565
598.331403
619.745842
663.838885
681.573475
664.761013
695.833794
701.695414
692.611297
707.140362
711.283613
733.697386
774.332495
771.327409
764.825694
797.777644
778.264644
757.962325
767.431458
779.717082
814.381760
830.709196
868.316154
877.098206
847.105797
827.210141
829.541394
816.464028
813.580143
842.255460
875.206672
893.538841
894.685096
906.449676
930.158956
917.968732
900.117168
723.918542
577.552587
594.307022
631.151698
660.918707
677.217121
638.999475
648.122134
671.451941
676.494235
658.908250
675.727699
658.266831
653.575683
689.401316
733.716281
783.209515
820.707501
815.336109
808.543133
786.381448
782.961751
823.334297
851.515992
841.244039
844.558797
868.202436
917.729584
914.789281
845.616029
637.547890
596.173531
623.437063
663.298664
679.078604
719.148483
755.500934
771.321296
787.642109
799.223571
819.454565
833.298614
805.572877
797.975036
809.283451
786.574404
804.010135
826.962412
810.413929
837.838519
851.585029
863.448575
882.497987
882.178506
890.762020
887.109152
875.732360
875.480060
884.921814
909.544659
937.329732
954.700035
983.566609
986.702929
951.925648
725.862323
609.577655
642.926009
654.115286
644.897429
676.782396
715.207277
732.307947
753.301134
754.929984
763.899467
808.481010
827.627692
828.862272
822.002900
798.476772
793.432708
807.689471
838.823954
855.992964
855.901998
863.281753
898.164131
884.852222
871.794654
881.922890
892.056026
864.856165
876.232293
866.584147
875.838943
901.338172
911.958338
894.622262
894.603492
926.929987
934.242722
742.054455
604.485979
615.504704
621.044107
651.305833
675.834531
653.250846
662.858043
693.746533
709.775975
751.070874
760.643053
755.846616
751.412724
761.326533
791.227130
799.261113
787.670854
792.381609
797.892936
812.404694
831.475774
834.365830
843.480339
826.000474
861.125000
889.530612
909.654521
917.590794
897.645235
874.925583
894.027571
843.298877
668.900576
652.160218
689.357814
694.551533
703.860684
725.283172
730.702894
710.758667
736.486726
768.737361
772.330988
783.696597
800.589246
815.251840
848.624491
854.725519
884.804601
918.045335
915.971950
885.964256
888.832256
771.494797
736.180174
745.036434
770.868551
828.884016
824.563551
842.199102
889.966585
864.023565
861.863211
787.171710
635.358100
601.196384
644.839736
663.917104
676.107087
689.475468
691.844287
734.987937
751.417586
695.675083
736.057093
782.052378
778.871741
799.629277
805.748437
818.210022
854.506505
843.563679
808.732559
734.195899
664.191778
689.616310
709.476957
683.319329
666.267174
703.400180
690.467994
706.477198
751.551588
748.937054
739.259901
756.260733
780.983702
775.393851
752.386310
777.769864
787.680856
807.657958
809.300580
795.973847
808.809906
812.111701
805.788151
807.131528
811.940370
823.302893
839.856763
852.362391
852.475142
854.009748
859.525515
870.617022
871.360756
895.640787
885.737994
874.195646
871.111134
855.110314
810.780219
774.640159
731.678292
662.199115
662.065581
663.425287
681.820520
719.558528
718.858305
733.647793
771.177807
786.770142
775.325860
797.594699
807.386256
810.312389
832.073885
853.186334
861.011715
876.660136
900.776603
904.799597
901.342077
883.071056
826.507292
756.461692
746.024761
730.692128
702.008032
727.064837
753.994914
777.288320
779.546877
736.573792
693.118655
675.603975
655.361529
677.112367
663.970750
650.424006
672.892395
683.909431
710.377393
723.699141
712.624685
718.146556
736.445890
743.976453
762.913015
761.484292
765.671653
785.946403
789.343683
788.097271
824.767755
857.958122
858.284948
850.853193
832.988781
805.630516
780.334471
753.846959
733.427360
712.215589
716.129708
712.189425
715.898902
740.428834
777.199613
785.810345
797.881541
795.471092
793.299727
783.706375
802.962550
813.084291
813.100994
817.318579
823.126665
833.752007
852.207230
854.515254
861.862512
856.392910
870.801705
872.459832
841.320304
829.153066
816.883695
776.862286
725.541291
692.132116
689.104423
697.933109
729.878348
756.963382
769.175271
775.196989
782.590215
788.452461
795.074091
810.572519
829.271492
857.038989
861.768329
863.285320
848.675188
834.123063
820.271456
800.950052
749.244926
710.662237
697.034697
695.796294
716.032691
727.941481
735.776189
734.880402
743.917137
765.365226
770.655397
775.160349
807.154811
799.268348
797.241336
821.973830
836.842242
837.377041
849.952148
848.849124
828.216280
799.658216
747.755078
741.666808
726.019236
688.167536
676.671456
690.136148
720.685351
714.280841
720.250948
723.791843
745.815784
772.819079
794.664128
813.042917
824.739808
838.424634
840.312470
828.708469
819.262063
842.794320
872.446497
846.093142
838.071526
835.203696
816.522838
789.699716
743.200919
714.834348
725.106831
715.349984
712.452617
735.602361
733.256819
742.874663
771.579811
788.448132
796.448205
799.953220
802.309722
804.012077
816.820943
809.295825
794.213004
801.561183
822.482915
809.914072
746.904989
726.413849
714.411087
721.004113
721.813471
720.205354
724.110525
760.723036
764.814794
769.692101
773.271853
780.536993
785.211669
739.052146
656.888715
661.145329
692.474091
700.515993
718.142467
745.824374
750.870016
762.407515
754.590188
752.130110
773.481310
793.920394
808.216909
836.837416
845.535002
850.425746
861.228512
862.659391
860.538473
856.863558
859.079436
859.313384
851.628534
819.432034
806.338769
791.999900
783.986946
784.627226
770.542108
778.013984
788.746444
795.649078
774.550611
769.124299
736.054837
712.163059
701.334944
691.549828
701.949517
715.627403
745.192895
758.790257
766.248049
775.396626
793.217588
798.344877
817.118568
836.647215
842.159530
842.681257
854.086952
857.570242
854.990244
831.975377
778.797889
752.312346
747.021100
745.039119
751.101575
779.718830
795.514575
788.911688
800.626146
817.448272
839.017366
837.147522
804.349443
722.082998
669.470832
674.742844
689.748402
724.930853
747.000715
742.004701
733.426463
740.813141
777.483488
799.563690
799.640380
796.338670
774.623655
781.722550
766.628196
780.363914
791.923326
802.587184
840.685798
866.528161
833.876270
701.929999
631.597867
642.337961
673.248440
696.906308
692.432587
666.226596
692.500339
709.388163
728.734943
734.851116
712.834325
724.131460
761.521690
763.732001
748.053347
746.651768
765.251542
802.152615
795.229217
797.618849
804.815482
825.044697
840.999716
878.589876
880.315489
848.473665
745.489975
683.335812
689.303648
679.153275
707.410865
758.866192
789.465132
788.366396
788.619331
790.427197
800.084196
802.952775
797.645887
811.956673
837.827115
876.246589
886.515738
860.286825
714.104487
612.883869
640.379590
664.756738
655.782995
653.753888
683.603934
727.536158
737.786501
735.922369
725.582018
748.120166
767.919854
773.077521
816.930613
822.489121
823.292816
826.418723
824.141081
846.855880
877.030138
893.131769
801.783896
600.738916
596.014878
628.839117
605.793217
646.182091
658.292021
667.030538
666.989765
702.230025
718.288569
703.575717
732.186587
738.752202
748.263926
778.627102
793.279139
792.292475
787.596241
782.178288
830.444830
884.427084
867.311958
673.122403
586.910783
642.229004
658.023390
688.660354
764.374494
829.131589
817.846389
681.269186
623.521560
726.287757
802.353375
821.033344
814.863558
799.762557
854.726396
882.662945
786.683353
593.851435
585.092176
657.092609
703.931158
706.128453
689.372815
720.775387
736.292114
729.429123
730.944695
749.750871
752.991843
775.870860
799.074785
787.000553
794.155225
855.703532
937.971883
932.260781
767.839132
535.999495
537.163768
597.277689
630.433796
616.477279
595.909827
599.035241
653.235547
674.575920
640.234426
652.992372
694.111412
729.558495
757.922628
771.018427
750.064179
790.664144
840.742114
890.951107
950.086929
851.747721
676.103623
666.819550
691.938801
701.542821
737.645889
788.233598
797.093675
852.361546
850.290615
847.876383
857.682289
851.929164
839.533739
881.407467
938.443340
919.891315
807.073900
733.024972
745.920164
668.948208
608.171758
705.666805
739.542984
718.659385
672.434576
718.082688
739.427239
754.556819
759.520342
759.776600
757.905463
771.364381
812.038989
853.329659
915.191226
907.201108
806.859399
641.581401
604.349270
669.675304
702.755620
700.390701
703.197384
648.068151
644.313738
679.070990
714.337810
716.436828
719.504806
721.401341
750.555071
815.230458
792.866853
763.557678
782.584018
813.734579
821.435170
826.888769
854.709470
847.642982
852.975309
871.174241
864.205763
895.387597
910.180046
914.759487
934.588551
968.089279
973.450363
837.902869
638.402167
623.069313
650.080099
663.292899
689.124975
785.992828
826.701253
866.403595
927.678003
955.492545
887.549774
690.610956
638.833596
674.944868
717.842972
759.765159
768.604055
793.686640
799.128339
817.279261
824.184121
820.202637
826.611170
827.964222
866.115504
893.991629
901.313339
928.787445
935.068475
808.090008
624.176838
592.018306
608.210363
617.157604
617.073417
626.951112
650.711935
660.362801
716.184914
743.515648
745.049517
743.216878
763.899452
767.189921
771.186362
835.942497
850.754958
878.634246
889.262118
860.007039
900.004702
948.039458
950.294868
831.876464
607.973447
610.851568
661.311009
669.990981
682.927278
692.360279
667.041208
705.080633
741.205933
756.266196
742.585449
762.421916
780.075320
787.175143
795.451915
781.939839
810.774419
803.027010
797.029300
798.907928
821.089258
796.449636
816.273334
826.336062
837.604971
825.369861
842.835525
817.467771
815.961478
857.443685
849.281878
826.343037
820.707509
825.454507
833.514345
858.036239
884.871203
899.827386
923.589279
907.150734
764.511838
607.508653
630.167125
618.462663
615.821237
646.161498
658.423981
682.572683
708.079525
786.145135
811.034767
904.222154
970.635061
903.595869
685.157985
627.771697
683.476848
698.126580
731.845274
755.164236
755.098182
768.975880
775.526620
751.149615
747.817162
766.530917
795.939528
807.834352
797.416653
802.320528
830.128086
855.077308
859.082587
863.683739
849.952720
846.795865
880.011051
947.097375
972.155345
916.920646
724.837549
621.163164
628.321974
633.290905
617.480566
641.198782
686.509987
724.871534
706.963303
710.276674
689.689533
667.230830
693.151683
713.654441
728.161301
762.641470
788.881185
816.469309
814.609314
770.086737
766.456985
787.229578
814.310663
823.988109
836.548575
841.960461
839.097899
866.643668
894.175859
915.750509
934.354222
890.291645
699.913187
593.438716
662.352324
696.002145
675.224412
643.971096
674.466418
722.969338
749.887406
747.204203
731.155870
748.963093
739.328930
731.747725
739.541957
744.914763
748.606743
755.047183
780.508242
792.331454
802.379476
812.020080
815.289733
805.508681
787.744511
802.346409
824.083986
831.663143
838.410376
839.493059
850.715287
875.889104
898.096504
926.376733
966.629708
983.141530
896.411305
689.041987
621.547744
645.750625
666.004165
711.408198
693.614724
673.927028
686.978394
699.068801
727.520435
735.149955
731.949119
758.883944
773.054270
774.373676
749.861970
753.584987
783.816314
786.684755
794.033182
797.820198
803.370799
824.607765
847.359368
862.442832
891.762767
909.290968
921.222831
914.309754
903.499155
930.068461
957.111891
957.983907
769.705945
594.082914
631.613966
649.827531
648.880114
652.621722
656.825225
660.754874
695.571106
708.514948
706.561390
738.428046
757.195614
772.801212
780.928974
770.417403
803.782869
823.191227
846.994482
864.159308
900.362403
944.870855
954.605608
955.652618
815.324505
613.015296
624.248659
646.489359
636.841754
682.841656
697.682495
671.893707
683.612476
717.094062
753.496121
753.636280
778.309767
853.714406
899.149597
956.888703
937.624046
713.253667
596.660240
662.223155
677.237380
656.661674
631.995245
621.691806
688.085411
726.812591
745.121490
691.007874
690.837303
722.514121
711.682013
714.183667
715.683189
757.355962
759.578019
767.944623
760.230495
736.080942
741.353346
770.210757
799.003611
837.898714
831.159719
869.940508
930.120308
979.337383
965.706334
811.188035
616.514028
621.070132
650.268884
650.096105
623.536244
643.656597
691.092864
728.833945
747.288410
699.923625
711.052635
749.087951
748.804689
747.100718
746.653388
762.786549
793.605312
811.382610
832.251811
818.952363
839.450278
888.500632
947.466468
1007.132180
899.138893
660.321691
619.647698
631.545915
601.283933
582.285936
594.065656
654.431860
714.695183
776.883056
782.046023
678.122529
749.056951
850.456064
894.935412
801.175317
612.079516
600.667616
617.210410
609.748167
658.321597
662.778219
673.381234
712.023245
751.865588
706.088125
689.430642
725.610196
763.157633
774.351494
812.675775
858.866573
849.918173
933.670349
1002.975246
955.205722
764.157810
620.269707
620.502887
678.726840
810.333666
850.514164
773.071865
597.656464
589.827635
641.704399
674.480657
686.355214
688.348746
721.040203
777.060792
833.523787
838.199500
746.478397
581.638674
617.370974
652.066425
585.858692
581.306940
609.111771
636.786207
667.476753
655.078285
656.897478
665.785260
674.374470
693.577649
695.940941
713.896219
733.108856
755.244535
762.175820
807.028970
784.498873
782.189833
778.332594
831.961587
872.877823
869.791976
906.443609
959.820490
979.475311
799.046890
568.128352
618.645485
581.359396
576.548060
616.482378
641.602224
643.940342
617.245696
643.533957
669.012612
667.482847
674.458664
675.174949
717.761161
773.973158
817.873506
828.373643
835.613171
871.852182
924.356252
919.394020
717.614970
565.527731
592.325609
589.693847
592.843106
592.770499
612.557346
633.649105
619.384345
619.133728
677.175273
653.573915
668.518393
736.631760
762.126341
745.665964
731.832265
743.009960
727.614535
747.085041
777.799361
777.819092
819.211755
882.613320
910.419256
956.133562
878.428999
626.125336
597.525643
627.711990
607.629828
594.311930
621.826809
656.780523
655.583982
682.371927
719.584485
728.265818
737.915171
754.335382
718.449379
725.288280
760.395740
799.642137
801.435172
766.381071
732.470300
783.719772
829.992456
863.950271
931.716054
929.039916
772.601851
565.715429
588.345880
616.440132
719.553184
741.812532
611.711165
575.233416
654.234044
707.770437
674.444409
654.610617
706.207681
712.847281
718.262834
732.886154
790.989658
862.286019
846.907517
677.512851
560.888327
582.644735
593.317604
644.622109
642.367141
667.500303
723.900972
716.907787
695.643568
703.670221
717.033555
735.457916
763.783755
811.378785
818.062104
889.823445
914.614352
763.762964
561.331206
567.200033
601.352574
644.156594
698.088171
671.863881
667.180567
701.661452
720.358816
748.448746
810.513614
852.477071
899.409650
924.298929
887.892432
685.970598
658.944352
696.830759
728.569366
729.273074
790.929654
851.142842
926.737884
932.372357
756.297108
770.279987
859.729475
907.260496
904.245005
710.664598
544.481512
570.904864
606.062876
635.706026
651.520116
653.396165
699.164158
699.566230
663.287359
688.363872
742.919617
786.304348
769.752995
782.501154
756.887487
772.341857
822.006807
830.182148
847.669885
853.204911
867.217523
897.555135
953.332730
915.772528
725.670323
667.371070
699.364922
664.389697
686.114621
694.832625
726.461092
726.784050
758.837607
759.330602
761.070629
793.004275
807.926444
813.005208
820.603292
835.906085
835.413639
862.473839
867.042261
852.990883
848.262685
867.950255
866.669653
886.478129
921.409215
914.582022
911.583168
932.382159
974.131846
972.375294
844.087680
700.809488
688.983563
692.384461
687.266255
700.441634
743.207428
747.248641
731.637094
754.615000
793.620425
780.767425
793.867767
816.099216
841.355200
870.244704
856.316144
858.563564
864.461087
839.810725
857.223898
876.168352
866.666601
863.461894
865.191975
872.835948
896.336289
905.330663
920.138424
942.449771
962.390125
952.220882
868.975613
725.206182
711.650870
725.704955
690.598893
653.950709
677.312263
725.151869
760.804325
763.058607
775.708057
784.165195
797.808029
797.499518
798.879253
832.810405
847.393980
810.455592
833.986115
849.800500
881.435288
901.558981
876.552432
848.477689
852.050019
865.236061
873.917219
874.262550
877.771831
889.984263
902.817696
909.486594
947.138860
971.781519
971.690403
928.264537
777.875256
661.594124
675.869402
689.111876
678.611253
642.625976
646.381351
696.724186
712.248449
715.571440
708.734543
735.933094
763.477555
787.527233
798.531117
818.150177
833.033272
837.851195
852.950880
865.683403
869.912342
895.914016
913.122508
922.936131
950.572655
939.383727
866.639105
761.674104
748.046107
734.182819
702.566223
708.147231
722.241559
733.688270
752.307618
774.810334
772.933404
750.411122
743.292575
774.233679
777.777792
796.995761
792.432898
814.465954
835.829429
836.016088
827.749320
839.838350
833.193563
812.728481
829.991584
841.714538
846.328376
854.024713
851.024550
866.917609
870.350025
873.322255
864.257654
874.572726
882.419349
904.720181
914.060178
940.183368
957.261325
950.416278
904.359087
802.470861
685.400812
669.704078
691.383943
686.286727
682.643403
676.207398
670.894194
681.615946
694.689503
718.101809
732.181380
738.190158
734.349381
746.711096
736.367754
744.941148
766.254791
765.259915
771.420052
796.964954
788.906150
798.402603
812.511010
814.882860
822.921519
835.865524
851.463864
840.299432
855.348472
879.355813
920.476088
913.432947
903.007020
868.090680
787.071918
720.812161
696.656192
693.001219
696.691343
714.415582
705.656495
694.704573
684.247946
696.979446
718.602276
726.439828
729.191727
735.436183
746.275297
741.531964
748.094515
767.330817
766.565796
744.956339
772.400860
791.119932
785.011482
780.685416
783.060696
785.504513
794.230996
813.037277
820.650770
810.353611
804.929235
825.269399
846.230160
842.672578
849.492509
859.064586
856.444951
875.106229
896.673553
904.612653
885.329876
860.083603
780.350029
697.456353
659.207565
657.764467
671.777580
680.797610
688.293917
662.116913
670.217102
715.132047
731.142328
736.172086
749.431086
753.364129
761.096790
772.886484
764.597146
780.933865
783.798178
799.663247
826.013391
827.929210
819.969083
838.493186
841.928547
845.966273
865.251311
889.434342
908.334076
923.423246
921.021553
895.403762
839.582266
787.287423
744.107823
698.467078
704.038268
725.183802
745.310498
765.823178
780.827949
752.890430
774.368411
809.315911
806.946518
819.969002
832.771334
834.230783
836.076906
860.152067
872.193180
884.837871
894.269476
902.671308
920.827488
916.284957
881.502432
826.303052
771.163367
733.157967
691.855043
683.666707
718.496415
768.575957
809.701922
824.183202
841.282934
869.285490
893.716381
913.689136
908.163129
868.636131
807.301572
748.082382
700.908893
676.444310
693.676443
729.103932
732.372453
718.036901
735.885615
753.574529
758.667968
758.634884
776.905450
791.969700
812.284458
804.597324
790.312866
810.611639
831.765315
837.672219
840.554804
867.296769
894.597958
904.867140
884.096649
850.177842
809.268335
776.403599
716.453034
692.988064
713.085311
735.460458
741.781785
786.089365
830.858556
824.009109
828.643971
863.601262
886.738110
919.322010
948.910297
939.463106
911.620095
777.221866
652.438350
704.437553
751.090886
783.372008
784.194089
795.058433
815.407030
783.528272
780.333679
772.710724
802.470376
853.941103
838.839344
834.263512
847.717334
849.491045
865.850243
860.099191
871.554003
919.891035
927.865907
896.802127
779.084366
652.013656
641.223599
660.362911
695.812821
721.805554
717.911870
751.306759
774.703169
788.389813
811.162947
806.096356
813.169887
833.151460
839.931051
844.647357
867.762183
897.384526
908.022404
895.536501
884.855094
921.351744
931.377915
909.044519
941.434294
922.214563
744.898228
603.416473
646.984882
688.314745
669.804998
668.111689
667.198535
682.534620
705.702185
735.138401
743.819281
727.450485
749.775804
749.835002
742.290223
769.190857
797.232541
791.340514
790.867860
832.585799
831.370920
847.773285
852.459421
846.512266
852.836247
858.206341
865.101013
872.619933
874.150180
898.269749
920.171491
933.539673
937.366112
914.868727
811.408513
690.902525
678.868546
718.794537
709.040981
686.446236
680.539555
693.274633
679.819006
671.687426
689.026538
717.009402
737.253024
736.371154
736.838653
761.295060
758.328137
746.282213
765.375711
756.480772
783.730496
808.058611
810.874597
817.988287
794.842689
812.353849
840.429247
841.295057
832.677582
855.933240
895.434257
917.285065
945.258989
935.979883
792.241413
636.702593
632.716705
657.141775
678.732649
704.588894
702.631249
702.349708
722.302191
739.075663
728.815004
746.296544
710.172731
685.970639
705.718328
714.637098
728.104344
739.717275
759.344064
754.635582
777.005666
773.374942
744.020627
735.822292
743.487786
745.948239
761.450069
784.654425
823.133727
840.102095
845.893133
848.524237
840.183298
822.795434
815.534676
830.635168
857.282731
892.413767
921.527465
893.541096
740.223812
559.313163
586.140618
620.755753
601.202087
587.734253
595.359418
593.666316
598.769846
608.596767
615.712624
610.977138
614.207349
635.683195
671.354254
693.145294
670.724101
624.306116
650.167946
700.175532
724.301797
713.522796
716.464362
737.460971
751.587634
791.508510
816.402505
806.342829
796.245731
820.215214
848.501788
869.501747
858.988059
719.921005
606.004665
640.103828
661.262006
629.644487
600.834068
657.236430
682.172865
680.027002
648.536776
663.532409
721.873631
721.870269
675.249850
658.042207
700.165435
707.404628
716.852834
701.776667
737.243381
755.474152
745.124849
731.225871
735.522413
734.760653
734.094569
741.817715
733.230967
733.522224
735.355139
757.772463
765.393635
755.130350
722.241690
753.643206
782.847703
767.061033
790.837226
805.485460
796.882484
792.995444
790.762009
811.872265
825.577725
834.666107
819.421811
830.003190
845.780715
857.497179
874.766024
871.764593
890.004506
883.694255
760.968105
637.475171
605.194634
625.197539
651.587118
636.530254
608.720954
580.606991
606.320832
677.093063
716.550486
715.324665
718.300572
719.005056
745.470244
794.708724
833.918716
853.930736
881.120888
900.798205
880.874453
836.855854
748.376417
704.626683
677.804511
658.824873
663.458118
667.251467
676.798169
708.558717
694.456219
700.447337
705.884290
710.990020
702.600750
698.721621
691.658282
710.751260
714.464383
736.322907
730.185269
732.436288
729.170996
739.474875
748.877545
741.068338
759.293658
777.283087
786.064637
782.164897
779.824013
813.186136
862.570760
861.395266
786.675480
689.431783
655.317958
639.100276
651.336188
657.408657
648.706964
623.948418
607.122582
621.008101
669.405555
677.315252
696.961093
690.066385
655.914175
674.240023
699.994115
720.417964
761.027520
811.642565
806.346942
799.255136
813.544580
832.859141
895.031701
911.597682
860.675234
733.733670
657.500852
648.561597
665.209488
679.093591
681.761201
719.193041
715.161166
682.658310
678.166386
706.084455
736.691075
752.282847
733.227157
720.481389
724.315685
721.188839
759.737797
760.976002
765.878223
783.687804
772.852976
760.324119
763.514907
810.679950
776.297678
759.580935
804.954751
832.513282
829.702092
842.024252
818.374396
848.058575
887.246047
897.281907
887.170351
826.351944
627.799874
618.016964
674.086237
723.705528
745.476286
670.563453
637.479833
674.959137
733.871589
710.825567
711.016526
710.074918
754.814213
749.270673
775.541738
816.128312
816.940020
796.926786
670.470231
603.080539
652.135828
653.720747
620.167992
623.662589
648.991597
691.053995
727.243499
752.731105
741.500554
682.469007
690.845154
709.438577
719.737774
735.041557
746.067036
713.390834
715.366955
745.359047
771.426264
783.042853
746.836978
737.995827
756.146457
775.792706
776.528755
800.257970
810.000682
798.380074
805.884593
789.183857
800.947440
805.285438
830.013078
858.039672
870.596752
876.051682
863.685289
784.405829
641.639445
649.626404
641.850043
628.327828
636.547398
615.714951
581.199687
611.679172
628.961799
652.913360
679.444268
684.344880
684.367620
701.678423
728.017682
731.671531
727.585113
756.967608
802.723049
794.143054
807.887289
818.865056
852.379488
865.084568
867.170659
820.417199
653.259029
596.071852
637.002306
659.586089
652.700391
643.500293
652.763289
678.053396
677.567990
687.752903
696.767750
678.201405
703.225557
731.587579
730.594603
718.738062
738.145127
751.661991
759.931972
760.273405
783.325960
788.761031
770.843299
782.455629
804.204807
818.012181
863.337578
878.413894
887.101711
708.195671
557.511922
613.683525
692.718191
708.568008
712.871736
656.628203
616.646921
621.494882
613.589208
658.705910
679.428268
657.690324
687.669603
714.234704
672.211605
668.666185
694.470714
708.242822
728.201461
719.010111
728.498590
724.742475
704.425128
725.058101
752.512063
762.831092
765.550059
761.214953
755.523690
762.353111
776.517326
809.174370
811.747105
844.729947
877.926176
907.692126
824.680912
594.848159
603.603908
643.107278
616.892015
564.576624
551.044543
596.095776
616.062722
590.089279
641.361817
659.341830
640.606197
631.303805
603.164690
654.685176
705.787364
711.453692
677.054657
677.085048
695.856591
679.107869
706.081269
724.750810
737.222379
749.215322
722.490329
732.797056
804.446133
826.808579
853.356201
866.135827
825.176033
651.799718
620.478042
668.564336
676.639783
633.762368
584.741794
603.552790
643.795261
655.236272
706.679683
717.038306
727.048734
706.982275
713.954279
703.112304
703.091284
724.165389
763.444614
763.734253
720.137544
705.191478
726.057159
691.602059
706.260744
748.412273
745.746478
766.086733
759.259876
769.494102
771.502079
763.558458
773.361693
771.914294
801.756967
819.878597
803.110320
800.216113
853.804862
852.058883
853.769384
891.197447
813.406495
563.340799
562.377987
626.796580
624.100427
584.969007
571.024139
580.318396
602.466559
626.169041
629.191742
650.173856
684.897318
700.320675
710.828830
716.820860
712.414651
803.060545
895.060918
912.833192
777.560525
569.285445
638.675438
691.498003
655.172345
667.645045
676.612421
719.287615
757.830994
754.564173
713.459541
717.410975
747.273635
764.072085
800.679539
837.572768
869.836353
836.609656
643.201803
570.035057
625.704351
547.923390
535.573716
569.177043
615.522759
646.350033
661.211740
648.029148
642.755197
672.452742
689.308493
693.308679
722.913455
753.521428
778.053166
839.442967
882.784856
672.208533
555.219939
675.113760
677.812287
713.593927
710.827712
722.149709
743.018154
775.774815
814.299631
798.070432
865.637032
908.139319
730.352477
542.242393
676.880519
700.809439
647.936611
630.652046
617.291468
631.994836
692.822418
696.596586
758.533231
827.633416
856.957306
841.580790
681.091108
684.346190
693.428769
682.196026
744.434436
754.003196
769.886201
784.012422
771.910512
784.200505
788.372411
773.929600
792.700082
835.199954
878.085786
877.846660
711.769346
592.382614
622.580381
594.039066
576.081577
587.303551
603.072661
643.047121
659.713412
663.240501
660.635183
671.571054
650.957980
659.203369
681.832495
709.885253
739.596220
751.443291
743.760901
761.304321
754.091401
736.411702
716.766919
738.144414
782.381910
783.857871
761.718489
775.329556
775.865260
788.053372
831.061192
883.558749
859.267934
649.609431
605.423296
665.889768
657.490701
631.093856
627.102688
655.903384
679.772367
671.423282
691.957247
760.605894
768.776248
729.208593
753.745853
798.861466
774.341420
780.030920
814.000077
780.228807
800.461006
827.627650
821.647373
812.856185
805.540486
808.166784
831.675190
831.350368
879.783352
930.499638
904.397200
713.388269
640.653672
703.924085
731.482201
711.821488
709.359652
658.978366
662.326350
677.838598
645.668568
671.306785
736.183706
755.445870
727.625267
744.958651
751.852442
757.462619
792.950360
783.509563
772.287217
790.989593
809.060211
801.034142
751.681816
786.352235
777.361202
801.203519
824.974305
828.552452
829.762430
836.887478
845.182747
877.159600
894.031449
891.613256
899.375617
909.787707
906.415759
855.133166
689.154955
607.404407
634.488144
643.003166
601.427737
592.930000
617.463783
624.568015
663.755359
692.727009
698.023086
714.989133
730.106357
735.685299
736.235648
734.480175
756.205418
735.925674
766.762004
791.263949
804.112248
784.705233
817.139390
808.672512
807.053741
846.144667
866.448276
843.227975
845.462555
697.808711
638.210300
670.303167
685.654334
667.685545
653.764195
665.337099
729.247812
751.526677
766.912112
754.067262
739.658794
750.719019
789.696726
813.064300
815.944351
822.325774
835.801889
872.475081
855.934135
853.959086
822.069127
642.213691
594.740261
661.417110
669.195761
704.574751
698.824036
716.959691
737.245004
741.779772
724.089682
764.163472
815.871489
786.667458
809.538829
827.380242
861.103457
843.013913
871.105737
880.887866
865.372471
839.743326
783.851334
670.257530
698.598417
705.805749
709.994884
719.458307
725.029685
756.696025
767.537670
778.237830
803.397561
826.323196
806.675016
779.969701
779.519817
664.811032
667.945378
716.689531
696.106655
689.047420
732.218718
764.478280
731.539477
731.127598
758.464079
768.972981
759.009205
771.282992
782.118155
781.753620
816.281557
851.979139
864.563085
830.834937
807.831740
789.826522
719.572269
711.304463
700.556160
725.415871
743.447597
725.038160
789.224254
816.051934
831.010542
880.996510
885.070768
860.413071
823.523077
800.082819
721.914067
686.621045
699.396009
722.159792
737.245991
760.735212
748.302168
753.072828
727.310374
747.243783
777.848283
789.597407
815.925462
784.670982
800.032713
846.759908
849.333544
837.214465
794.556164
778.578443
711.799126
642.315731
689.495605
697.786600
678.292008
699.855346
707.790892
742.063463
784.591472
785.756429
771.367505
775.439823
795.853687
800.623455
815.578518
821.835561
821.584756
841.065667
842.731516
860.347385
859.912213
821.952397
773.192511
749.234805
749.537592
745.071336
747.402526
747.633777
732.801542
769.061273
803.315388
796.382108
784.912528
780.403144
775.758636
786.266006
782.020584
784.150000
793.896323
768.600369
777.051867
794.092338
794.946067
813.611022
821.406990
825.892088
828.189637
825.431425
814.294021
838.752356
859.064915
858.237407
852.971982
857.976789
867.921305
876.604418
872.773678
852.346962
792.490008
747.340741
709.773654
714.241903
738.378260
733.870696
754.197569
783.512426
786.198619
798.303934
812.217533
806.020434
817.447715
825.450923
847.314929
859.365643
863.411344
865.848592
872.548111
852.396529
747.232700
687.685680
713.637783
723.083450
725.315900
720.698602
722.592593
739.441246
756.351148
759.354816
739.306068
755.763334
780.502394
774.254621
768.602393
785.864463
820.010303
821.798559
805.908672
828.834511
859.426842
866.492543
865.378498
876.311755
875.083490
863.898620
867.759279
883.396572
857.219665
836.968315
758.244828
741.237112
775.775315
763.100324
757.531287
827.908141
830.280146
806.728903
770.982887
770.468931
792.645223
802.303778
796.631677
823.580805
827.663127
844.788316
865.495917
796.195201
707.860958
704.509146
723.135354
755.025319
772.111728
800.929080
767.077577
748.923770
758.989964
779.061065
750.588018
769.240376
811.769976
841.330348
814.870375
824.865748
815.363660
815.390469
819.282503
847.909598
869.949656
846.582500
838.934997
864.889150
867.834074
872.051417
875.559068
872.100019
864.096092
735.524697
674.364656
690.893604
721.697871
757.279242
754.092663
759.339561
781.844098
793.700827
794.705358
799.186449
826.229922
827.315488
833.555119
856.000153
852.933683
882.559568
887.731513
862.785937
850.271824
769.949976
712.426319
709.401836
728.959688
734.116078
727.257464
723.251736
751.535134
769.907308
775.965421
777.699247
797.955484
790.896402
772.682935
801.164046
833.236106
858.890090
832.055391
799.344426
686.259978
664.414464
672.385528
667.531624
677.596729
719.280644
714.593216
711.004889
712.462571
707.198283
728.198065
733.660864
750.873438
738.120809
738.248246
768.839856
803.192016
792.602539
795.891033
805.121278
781.104891
785.670464
795.033966
795.820247
828.389191
834.921372
829.646811
848.811217
845.180663
858.341398
863.999821
850.422212
844.446501
745.183418
710.961934
761.588451
823.458491
820.974212
799.764155
735.823302
704.163316
714.995925
737.709937
751.391498
758.539095
767.705817
812.266278
836.232460
826.125612
798.989592
749.159670
713.957720
729.892326
740.357106
739.903400
754.955486
750.883767
744.547117
745.653189
740.552042
747.506085
745.651897
743.278491
766.848663
783.837427
774.546431
793.045986
801.481436
787.282916
785.835070
824.934381
823.383063
810.165651
813.647463
829.327169
851.330453
866.116000
882.704111
870.106896
864.570673
859.013399
843.108923
766.843745
695.473356
716.283648
700.950267
708.276255
746.042808
728.802717
722.229329
662.804338
649.564178
669.820104
689.381020
679.770164
684.321723
693.471123
704.242183
722.454755
752.236401
749.352099
764.730190
779.395024
795.449303
800.490727
767.607645
768.067811
761.130376
775.722903
722.868509
707.763047
720.161900
733.956353
731.721208
695.058189
625.549681
590.532010
568.290721
573.030399
595.800544
593.103289
586.667472
587.727482
598.239333
612.359886
622.799880
634.849999
638.403796
652.954049
673.183772
678.038046
654.116537
664.746124
696.647397
721.010075
711.092004
725.563838
746.471595
771.917097
771.542893
787.566754
786.262846
796.234389
777.426438
764.682394
738.207179
714.625458
654.236029
632.938474
630.345285
612.095854
634.471445
656.090919
638.756529
650.674649
664.073953
668.256837
678.937441
708.432497
696.736081
695.032638
708.383773
723.115516
735.788045
739.917366
759.542097
764.103774
784.976555
784.458371
793.676524
797.308893
787.978091
797.232103
774.124007
756.881200
745.097785
656.213445
657.159255
672.462412
668.317299
654.651472
673.511668
667.240198
660.255551
667.696818
632.767065
627.539255
661.435305
658.787958
650.619374
658.524379
682.481737
684.934283
693.700952
664.527046
689.843660
716.543682
748.706352
738.185380
732.410446
725.390409
720.430019
747.481050
734.140736
727.615899
741.956010
737.832671
742.578992
776.148915
790.535944
808.037337
813.987598
817.166344
819.548995
816.810988
806.409383
765.301836
660.665305
627.057389
651.361253
664.249401
667.296847
673.425925
686.682729
704.259245
639.688255
637.156463
646.914211
640.896858
673.196064
688.484643
697.067936
700.487107
699.070953
735.663827
737.504071
732.204714
743.356542
721.770309
662.736140
616.016261
600.561565
592.061224
577.142638
589.849507
614.445040
611.693049
617.586560
653.831090
665.477569
661.317972
664.948663
683.541008
717.656455
728.645541
735.776997
753.224477
745.315902
732.355980
751.096628
743.494448
678.908431
644.451496
643.877962
625.098044
627.761795
631.272694
641.053503
666.912568
678.844046
693.834752
716.983925
742.078207
764.028195
773.514339
796.085187
812.271606
801.505540
797.226677
810.293503
806.909512
776.331829
737.268432
718.507146
726.108900
735.403523
732.745124
699.259733
709.110988
724.218283
688.270698
679.567919
673.705963
674.727588
694.813424
697.017317
719.207621
738.128192
766.995429
806.455744
833.363040
848.144180
872.292698
879.048786
862.229568
858.306056
878.646537
841.904554
767.248606
750.212287
733.802117
712.231663
716.544843
717.902316
729.207944
733.619482
721.682053
716.220369
726.711244
626.698576
614.021590
554.959585
614.692649
448.841714
NaN
NaN
NaN
NaN
NaN
NaN
NaN
NaN
NaN
NaN
NaN
NaN
NaN
NaN
NaN
NaN
NaN
NaN
NaN
NaN
NaN
NaN
NaN
NaN
NaN
NaN
NaN
NaN
NaN
NaN
NaN
NaN
NaN
NaN
NaN
NaN
NaN
NaN
NaN
NaN
NaN
NaN
NaN
NaN
NaN
NaN
NaN
NaN
NaN
NaN
NaN
NaN
NaN
NaN
NaN
NaN
NaN
NaN
NaN
NaN
NaN
NaN
NaN
NaN
NaN
NaN
NaN
NaN
NaN
NaN
NaN
NaN
NaN
NaN
NaN
NaN
NaN
NaN
NaN
NaN
NaN
NaN
NaN
NaN
NaN
NaN
NaN
NaN
NaN
NaN
NaN
NaN
NaN
NaN
NaN
NaN
NaN
NaN
NaN
NaN
NaN
