3025.000000
3079.000000
3151.000000
3208.000000
3244.000000
3289.000000
3343.000000
3399.000000
3456.000000
3511.000000
3565.000000
3625.000000
3686.000000
3753.000000
3797.000000
3832.000000
3868.000000
3911.000000
3963.000000
4023.000000
4071.000000
4113.000000
4156.000000
4211.000000
4238.000000
4276.000000
4313.000000
4343.000000
4376.000000
4406.000000
4410.000000
4414.000000
4427.000000
4432.000000
4463.000000
4496.000000
4504.000000
4529.000000
4551.000000
4572.000000
4600.000000
4612.000000
4632.000000
4667.000000
4702.000000
4721.000000
4731.000000
4761.000000
4794.000000
4836.000000
4877.000000
4914.000000
4934.000000
4950.000000
4989.000000
5011.000000
5023.000000
5042.000000
5049.000000
5070.000000
5092.000000
5113.000000
5142.000000
5162.000000
5174.000000
5202.000000
5215.000000
5236.000000
5251.000000
5268.000000
5297.000000
5317.000000
5340.000000
5362.000000
5368.000000
5376.000000
5393.000000
5411.000000
5426.000000
5432.000000
5460.000000
5470.000000
5493.000000
5516.000000
5551.000000
5568.000000
5602.000000
5637.000000
5680.000000
5722.000000
5748.000000
5774.000000
5811.000000
5849.000000
5862.000000
5889.000000
5895.000000
5901.000000
5933.000000
5965.000000
6007.000000
6047.000000
6059.000000
6080.000000
6107.000000
6133.000000
6144.000000
6156.000000
6190.000000
6233.000000
6279.000000
6328.000000
6369.000000
6418.000000
6458.000000
6499.000000
6533.000000
6567.000000
6592.000000
6626.000000
6649.000000
6679.000000
6705.000000
6737.000000
6765.000000
6791.000000
6807.000000
6834.000000
6842.000000
6867.000000
6887.000000
6917.000000
6921.000000
6930.000000
6974.000000
7027.000000
7077.000000
7124.000000
7172.000000
7227.000000
7253.000000
7270.000000
7289.000000
7300.000000
7311.000000
7326.000000
7359.000000
7387.000000
7422.000000
7451.000000
7474.000000
7495.000000
7505.000000
7518.000000
7527.000000
7540.000000
7553.000000
7567.000000
7576.000000
7588.000000
7590.000000
7592.000000
7600.000000
7603.000000
7635.000000
7645.000000
7653.000000
7679.000000
7684.000000
7700.000000
7705.000000
7732.000000
7767.000000
7818.000000
7824.000000
7839.000000
7868.000000
7897.000000
7902.000000
7904.000000
7924.000000
7926.000000
7937.000000
7943.000000
7950.000000
7963.000000
7965.000000
7972.000000
7981.000000
7984.000000
