752.437344
787.808281
822.691344
832.448844
841.474531
866.112219
886.846906
903.922531
921.973906
951.246406
981.006781
1016.865594
1058.578906
1100.536156
1152.982719
1203.721719
1264.462156
1308.858781
1343.985781
1367.159844
1395.944469
1405.214094
1431.315406
1468.149969
1501.325469
1543.038781
1583.776344
1613.780656
1656.957594
1671.000000
1686.000000
1702.000000
1717.698031
1721.357094
1732.000000
1769.000000
1801.000000
1828.000000
1867.000000
1916.000000
1978.000000
2016.000000
2045.000000
2072.000000
2090.000000
2097.020844
2113.000000
2164.000000
2204.000000
2244.000000
2284.000000
2316.076719
2339.000000
2361.000000
2388.851406
2402.267969
2418.000000
2440.078281
2477.075469
2491.305156
2519.357969
2528.708906
2538.872969
2575.463594
2608.801719
2618.152656
2646.612031
2686.048594
2700.278281
2721.826094
2753.944531
2756.790469
2759.636406
2773.000000
2785.412469
2789.722031
2815.000000
2838.590844
2873.473906
2877.539531
2885.264219
2897.054531
2913.317031
2918.602344
2925.107344
2953.973281
2956.412656
2969.016094
2976.740781
