464.000000
508.000000
539.000000
590.000000
645.000000
722.000000
783.000000
855.000000
921.000000
995.000000
1077.000000
1093.000000
1141.000000
1221.000000
1294.000000
1346.000000
1411.000000
1463.000000
1514.000000
1581.000000
1650.000000
1706.000000
1765.000000
1817.000000
1848.000000
1894.000000
1951.000000
1994.000000
2023.000000
2052.000000
2084.000000
2122.000000
2141.000000
2155.000000
2169.000000
2196.000000
2224.000000
2258.000000
2297.000000
2333.000000
2362.000000
2402.000000
2442.000000
2486.000000
2518.000000
2554.000000
2607.000000
2635.000000
2654.000000
2678.000000
2697.000000
2720.000000
2747.000000
2786.000000
2817.000000
2877.000000
2920.000000
2970.000000
3012.000000
3049.000000
3097.000000
3130.000000
3179.000000
3213.000000
3235.000000
3255.000000
3279.000000
3292.000000
3324.000000
3354.000000
3387.000000
3417.000000
3454.000000
3482.000000
3495.000000
3509.000000
3526.000000
3539.000000
3558.000000
3579.000000
3597.000000
3619.000000
3637.000000
3653.000000
3681.000000
3704.000000
3733.000000
3757.000000
3781.000000
3801.000000
3824.000000
3845.000000
3861.000000
3881.000000
3899.000000
3921.000000
3948.000000
3963.000000
3981.000000
3999.000000
4018.000000
4042.000000
4063.000000
4097.000000
4139.000000
4160.000000
4193.000000
4219.000000
4256.000000
4286.000000
4320.000000
4344.000000
4368.000000
4395.000000
4443.000000
4477.000000
4510.000000
4534.000000
4553.000000
4580.000000
4620.000000
4655.000000
4682.000000
4714.000000
4746.000000
4762.000000
4781.000000
4806.000000
4838.000000
4871.000000
4897.000000
4923.000000
4943.000000
4969.000000
4993.000000
5019.000000
5047.000000
5069.000000
5098.000000
5139.000000
5191.000000
5247.000000
5313.000000
5362.000000
5413.000000
5477.000000
5520.000000
5557.000000
5600.000000
5632.000000
5681.000000
5731.000000
5788.000000
5850.000000
5937.000000
6024.000000
6097.000000
6160.000000
6206.000000
6274.000000
6328.000000
6397.000000
6487.000000
6577.000000
6643.000000
6690.000000
6744.000000
6801.000000
6847.000000
6909.000000
6979.000000
7043.000000
7103.000000
7162.000000
7224.000000
7283.000000
7351.000000
7408.000000
7461.000000
7495.000000
7539.000000
7585.000000
7640.000000
7685.000000
7738.000000
7788.000000
7837.000000
7880.000000
7905.000000
7922.000000
7948.000000
7979.000000
8007.000000
8061.000000
8105.000000
8121.000000
8155.000000
8204.000000
8248.000000
8277.000000
8333.000000
8393.000000
8469.000000
8542.000000
8574.000000
