440.098114, 1.054319, -0.071053
662.991551, 1.054319, -0.071053
851.939734, 0.712155, -0.071053
892.789891, 0.624606, -0.071053
990.527672, 0.595175, -0.050505
1163.006109, 0.668641, -0.050390
1334.000000, 0.580277, -0.050390
1476.104185, 0.481380, -0.050390
1593.251194, 0.437936, -0.050390
1708.669096, 0.487838, -0.038844
1812.199386, 0.535066, -0.028098
1910.110078, 0.599998, -0.027502
2026.608672, 0.629192, -0.027502
2101.954516, 0.594539, -0.027502
2179.000000, 0.455173, -0.027502
2273.000000, 0.300544, -0.027502
2361.000000, 0.162595, -0.069414
2481.000000, 0.071155, -0.130107
2626.000000, 0.114128, -0.184638
2752.000000, 0.133783, -0.137180
2851.825056, 0.093768, -0.098392
2921.000000, 0.093177, -0.084039
3008.000000, 0.093177, -0.067846
3123.059304, 0.093177, -0.046868
3142.747333, 0.093177, -0.049323
3226.176752, 0.093177, -0.076263
3365.000000, 0.093177, -0.107958
3510.000000, 0.046487, -0.109593
3655.000000, 0.061701, -0.118380
3809.000000, 0.234852, -0.140526
3928.587998, 0.244092, -0.162832
4045.177678, 0.248246, -0.184953
4148.000000, 0.214188, -0.171829
4239.000000, 0.183233, -0.159184
4331.000000, 0.151590, -0.146258
4430.000000, 0.132619, -0.157904
4512.000000, 0.170211, -0.168608
4603.000000, 0.116754, -0.180215
4710.000000, 0.080837, -0.194014
4801.000000, 0.071466, -0.194648
4914.000000, 0.022860, -0.194648
5033.000000, 0.049020, -0.194648
5121.840141, 0.040566, -0.194648
5223.187686, 0.030608, -0.181086
5272.229234, 0.067013, -0.174406
5312.000000, 0.074804, -0.168562
5349.000000, 0.097541, -0.168036
5381.000000, 0.120108, -0.168036
5420.000000, 0.146779, -0.168036
5475.000000, 0.183707, -0.168036
5538.641417, 0.169457, -0.168036
5594.911923, 0.155487, -0.168036
5666.000000, 0.109370, -0.155466
5721.000000, 0.079313, -0.144119
5767.000000, 0.052816, -0.134361
5802.000000, 0.070421, -0.126724
5860.000000, 0.080913, -0.114632
5922.000000, 0.106395, -0.101480
5972.000000, 0.099245, -0.106021
5988.000000, 0.096784, -0.107913
6039.000000, 0.089096, -0.113823
6081.000000, 0.082638, -0.118788
6125.000000, 0.075718, -0.124108
6151.000000, 0.071720, -0.127182
6199.000000, 0.065308, -0.112919
6223.000000, 0.062279, -0.105175
6236.000000, 0.060436, -0.100461
6253.000000, 0.058197, -0.094738
6285.000000, 0.053984, -0.083964
6305.000000, 0.050522, -0.081179
6312.243953, 0.050522, -0.081179
6324.000000, 0.046982, -0.079727
6347.000000, 0.042698, -0.077968
6372.000000, 0.038041, -0.076057
6385.000000, 0.035619, -0.075063
6405.000000, 0.032080, -0.073611
6419.000000, 0.029412, -0.073225
6438.000000, 0.025744, -0.073225
6443.000000, 0.025744, -0.073225
6459.000000, 0.021691, -0.073225
6475.000000, 0.018603, -0.073225
6486.000000, 0.016287, -0.073225
6498.000000, 0.014164, -0.073225
6521.000000, 0.009725, -0.073225
6544.000000, 0.005093, -0.073225
6558.000000, 0.004450, -0.073225
6572.000000, 0.004450, -0.073225
6583.000000, 0.004450, -0.073225
6598.000000, 0.004450, -0.073225
6604.852109, 0.015269, -0.073225
6610.903984, 0.015269, -0.073225
6620.000000, 0.021382, -0.073225
6630.269984, 0.044605, -0.073225
6642.071141, 0.021382, -0.073225
6647.820422, 0.044605, -0.073225
6659.621578, 0.044605, -0.073225
6687.000000, 0.049327, -0.073225
6708.000000, 0.046392, -0.073225
6726.000000, 0.043751, -0.073225
6748.000000, 0.040523, -0.073225
6768.000000, 0.023707, -0.083641
6777.000000, 0.023707, -0.083641
6788.000000, 0.023707, -0.083641
6807.000000, -0.012405, -0.106688
6825.000000, -0.028146, -0.116734
6840.000000, -0.040600, -0.118644
6859.000000, -0.055876, -0.118644
6880.000000, -0.072761, -0.118644
6901.000000, -0.089645, -0.118644
6917.000000, -0.093177, -0.118644
6924.391109, -0.093177, -0.118644
6929.535203, -0.093177, -0.118644
6938.007828, -0.093177, -0.118644
6947.000000, -0.093177, -0.118644
6959.794578, -0.093177, -0.118644
6983.000000, -0.093177, -0.118644
7008.000000, -0.087726, -0.115853
7034.000000, -0.081071, -0.112446
7059.000000, -0.074673, -0.109170
7069.000000, -0.068786, -0.106157
7082.000000, -0.068786, -0.106157
7097.000000, -0.065203, -0.104322
7108.000000, -0.058804, -0.101047
7121.000000, -0.058804, -0.101047
7139.000000, -0.052138, -0.098424
7160.000000, -0.043678, -0.095277
7186.000000, -0.033606, -0.091530
7214.000000, -0.022325, -0.087333
7242.000000, -0.010642, -0.082987
7266.000000, -0.008900, -0.082339
7292.000000, -0.008900, -0.082339
7317.000000, -0.008900, -0.082339
7355.000000, -0.008900, -0.082339
7387.000000, -0.008900, -0.082339
7415.000000, -0.008900, -0.082339
7442.000000, -0.008900, -0.082339
7472.000000, -0.024986, -0.082339
7502.000000, -0.043860, -0.082339
7528.000000, -0.060847, -0.082339
7559.000000, -0.079721, -0.082339
7589.000000, -0.099225, -0.082339
7614.000000, -0.109422, -0.078904
7644.000000, -0.120792, -0.073647
7667.000000, -0.129510, -0.069617
7695.000000, -0.140123, -0.064711
7707.000000, -0.134622, -0.064099
7724.000000, -0.123138, -0.064099
7739.000000, -0.111654, -0.064099
7765.000000, -0.093711, -0.064099
7792.000000, -0.074332, -0.064099
7837.000000, -0.071079, -0.056052
7877.000000, -0.071079, -0.048496
7929.000000, -0.071079, -0.037559
7982.000000, -0.073077, -0.039761
8029.000000, -0.075054, -0.042829
8081.000000, -0.077242, -0.046224
8139.000000, -0.079683, -0.050010
8175.000000, -0.090353, -0.053097
8217.000000, -0.105207, -0.056955
8255.000000, -0.118333, -0.060364
8290.000000, -0.130423, -0.063504
8310.000000, -0.131297, -0.064099
8341.000000, -0.127635, -0.064099
8381.000000, -0.123057, -0.064099
8415.000000, -0.119166, -0.064099
8445.000000, -0.115733, -0.064099
8483.000000, -0.111384, -0.064099
8519.000000, -0.105192, -0.064099
8562.000000, -0.097381, -0.064099
8592.000000, -0.091932, -0.064099
8623.000000, -0.086482, -0.064099
8645.000000, -0.082486, -0.064099
8679.000000, -0.076129, -0.064099
8716.000000, -0.075505, -0.060610
8768.000000, -0.075505, -0.054503
8804.000000, -0.075505, -0.051075
8850.000000, -0.075505, -0.046254
8867.000000, -0.075505, -0.043743
8884.000000, -0.075505, -0.040530
8909.406109, -0.075505, -0.036835
8935.000000, -0.075505, -0.032819
8952.000000, -0.075505, -0.030088
8972.000000, -0.075505, -0.026875
8993.000000, -0.075505, -0.023341
9012.000000, -0.070851, -0.020858
9028.000000, -0.065708, -0.018579
9046.512779, -0.059657, -0.015898
9055.158315, -0.059657, -0.015898
9070.288002, -0.052093, -0.012547
9095.000000, -0.045437, -0.009598
9119.279371, -0.044470, -0.009169
9129.365830, -0.044470, -0.009169
9141.253441, -0.044470, -0.009169
9171.000000, -0.044470, -0.009169
9213.000000, -0.044470, -0.009169
9268.414862, -0.054657, -0.009169
9276.339937, -0.057152, -0.009169
9280.662705, -0.057152, -0.009169
9299.034468, -0.060989, -0.009169
9328.573382, -0.066170, -0.009169
9377.564751, -0.066650, -0.009169
9396.656975, -0.066650, -0.009169
9432.599349, -0.066650, -0.009169
