3024.513101
3259.494136
3508.763672
3663.886589
3744.469922
3825.026583
3914.241595
4007.624870
4102.500391
4195.988411
4289.414714
4390.899349
4485.000000
4578.759245
4636.000000
4680.000000
4725.000000
4779.000000
4845.000000
4922.000000
4985.000000
5041.000000
5099.000000
5173.000000
5209.000000
5260.000000
5308.000000
5347.000000
5392.650911
5434.957161
5440.497266
5446.541016
5464.000000
5470.464193
5510.000000
5549.536589
5559.357682
5589.000000
5615.000000
5639.000000
5670.567631
5683.143229
5704.000000
5741.000000
5778.000000
5798.000000
5808.410547
5840.681001
5876.215794
5921.227214
5965.430805
6005.587891
6027.000000
6044.000000
6086.000000
6110.000000
6122.864784
6143.000000
6149.984175
6173.000000
6197.000000
6220.000000
6251.000000
6273.000000
6286.000000
6316.085547
6330.521835
6354.000000
6370.000000
6389.000000
6421.000000
6443.000000
6468.000000
6492.000000
6498.908984
6508.000000
6526.000000
6545.000000
6561.424079
6568.010216
6598.000000
6609.000000
6634.000000
6659.000000
6697.000000
6715.000000
6752.000000
6790.000000
6836.492188
6881.931641
6910.000000
6938.000000
6979.000000
7021.000000
7036.000000
7066.769661
7073.593149
7080.566707
7117.000000
7153.000000
7200.000000
7244.000000
7257.000000
7280.000000
7309.000000
7337.000000
7349.000000
7362.000000
7398.000000
7443.000000
7492.000000
7544.000000
7587.000000
7639.000000
7681.000000
7724.000000
7759.000000
7794.000000
7819.000000
7853.000000
7876.000000
7906.000000
7932.000000
7964.000000
7992.000000
8018.000000
8034.000000
8061.973828
8069.780339
8095.000000
8115.000000
8145.830859
8150.363672
8159.000000
8203.000000
8257.000000
8308.000000
8356.000000
8405.000000
8461.000000
8487.000000
8504.000000
8523.000000
8534.000000
8545.222005
8561.000000
8595.000000
8624.000000
8659.801432
8689.768359
8713.000000
8734.592839
8744.413932
8758.000000
8766.826172
8779.920964
8793.519401
8808.125130
8817.694401
8830.154848
8832.479367
8834.803886
8843.327123
8846.039062
8878.194912
8887.880409
8895.628806
8921.973357
8927.009816
8942.894030
8947.543069
8974.662460
9009.917668
9060.669671
9066.480970
9081.590345
9110.259415
9138.928486
9143.577524
9145.902043
9165.660457
9167.984976
9179.220152
9185.806290
9193.167268
9206.339543
9208.664062
9215.637620
9225.323117
9228.647636
