569.182344
657.663401
726.770172
831.322945
911.052513
1043.341022
1110.061623
1176.084796
1280.248818
1297.684515
1372.511689
1476.858679
1593.000000
1711.000000
1838.000000
1949.000000
2055.000000
2170.000000
2305.585496
2425.811376
2540.021262
2623.000000
2686.000000
2781.000000
2886.875397
3000.000000
3104.472897
3187.001863
3280.689675
3368.565589
3411.573642
3539.000000
3666.000000
3764.000000
3864.000000
3961.000000
4055.134909
4145.000000
4222.000000
4289.000000
4355.000000
4422.000000
4478.870781
4534.200060
4609.289796
4649.600421
4703.675036
4747.240325
4777.000000
4822.000000
4832.868970
4845.267688
4864.000000
4887.000000
4918.000000
4986.000000
5059.000000
5116.000000
5181.000000
5236.000000
5280.000000
5321.000000
5366.000000
5411.000000
5437.030143
5444.333763
5469.266810
5517.000000
5556.000000
5592.672799
5638.000000
5663.000000
5678.000000
5694.000000
5734.000000
5760.000000
5774.000000
5795.000000
5811.000000
5831.000000
5848.000000
5870.000000
5892.000000
5923.098633
5928.639310
5950.000000
5976.000000
6002.000000
6023.000000
6048.000000
6071.000000
6085.000000
6102.000000
6119.000000
6142.459076
6150.518242
6159.584805
6168.000000
6184.000000
6200.000000
6214.000000
6245.000000
6291.020901
6309.851454
6337.516094
6373.084916
6408.188786
6419.000000
6437.374206
6474.000000
6509.000000
6538.000000
6575.106526
6600.446406
6631.133233
6654.719857
6668.000000
6680.000000
6704.000000
6722.000000
6749.415065
6788.955352
6816.406888
6844.613971
6876.346940
6895.000000
6919.000000
6939.561029
6969.000000
6996.000000
7028.715560
7062.211471
7100.492513
7128.000000
7162.000000
7190.000000
7225.109315
7256.028618
7298.000000
7332.000000
7370.000000
7392.000000
7426.000000
7444.000000
7471.000000
7504.000000
7546.391094
7592.653810
7638.945586
7676.000000
7713.000000
7731.000000
7759.000000
7778.469909
7801.000000
7816.000000
7847.000000
7879.000000
7917.000000
7957.000000
7983.000000
8014.000000
8055.000000
8076.000000
8099.000000
8117.000000
8142.000000
8160.000000
8192.000000
8255.000000
8301.000000
8346.893008
8399.781289
8446.877044
8492.000000
8531.498294
8558.446133
8576.000000
8608.000000
8648.000000
8694.192721
8722.399805
8761.000000
8774.532539
8792.665664
8818.000000
8841.000000
8859.000000
8880.000000
8902.000000
8935.000000
8961.000000
8988.000000
9001.937881
9026.347857
9055.794812
9079.429868
9082.917007
9086.404147
9101.515084
9150.722496
9223.177504
9238.675901
9248.362400
9264.860797
