NaN
NaN
NaN
NaN
NaN
NaN
NaN
NaN
NaN
NaN
NaN
NaN
NaN
NaN
NaN
NaN
NaN
NaN
NaN
NaN
NaN
NaN
NaN
NaN
NaN
NaN
NaN
NaN
NaN
NaN
NaN
NaN
NaN
NaN
NaN
NaN
NaN
NaN
NaN
NaN
NaN
NaN
NaN
NaN
NaN
NaN
NaN
NaN
NaN
NaN
NaN
NaN
NaN
NaN
NaN
NaN
NaN
NaN
NaN
NaN
NaN
NaN
NaN
NaN
NaN
NaN
NaN
NaN
NaN
NaN
NaN
NaN
NaN
NaN
NaN
NaN
NaN
NaN
NaN
NaN
NaN
NaN
NaN
NaN
NaN
NaN
NaN
NaN
NaN
NaN
NaN
NaN
NaN
NaN
NaN
NaN
NaN
NaN
NaN
NaN
NaN
NaN
NaN
NaN
NaN
NaN
NaN
NaN
NaN
NaN
NaN
NaN
NaN
NaN
NaN
NaN
NaN
NaN
NaN
NaN
NaN
NaN
NaN
NaN
NaN
NaN
NaN
NaN
NaN
NaN
NaN
NaN
NaN
NaN
NaN
NaN
NaN
NaN
NaN
NaN
NaN
NaN
NaN
NaN
NaN
NaN
NaN
NaN
NaN
NaN
NaN
NaN
NaN
NaN
NaN
NaN
NaN
NaN
NaN
NaN
NaN
NaN
NaN
NaN
NaN
NaN
NaN
NaN
NaN
NaN
NaN
NaN
NaN
NaN
NaN
NaN
NaN
NaN
NaN
NaN
NaN
NaN
NaN
NaN
NaN
NaN
NaN
NaN
NaN
NaN
NaN
NaN
NaN
NaN
NaN
NaN
NaN
NaN
NaN
NaN
NaN
NaN
NaN
NaN
NaN
NaN
NaN
NaN
NaN
NaN
NaN
NaN
NaN
NaN
NaN
NaN
NaN
NaN
NaN
NaN
NaN
NaN
NaN
NaN
NaN
NaN
NaN
NaN
NaN
NaN
NaN
NaN
NaN
NaN
NaN
NaN
NaN
NaN
NaN
NaN
NaN
NaN
NaN
NaN
NaN
NaN
NaN
NaN
NaN
NaN
NaN
NaN
NaN
NaN
NaN
NaN
NaN
NaN
NaN
NaN
NaN
NaN
NaN
NaN
NaN
NaN
NaN
NaN
NaN
NaN
NaN
NaN
NaN
NaN
NaN
NaN
NaN
NaN
NaN
NaN
NaN
NaN
NaN
NaN
NaN
NaN
NaN
NaN
NaN
NaN
NaN
NaN
NaN
NaN
NaN
NaN
NaN
NaN
NaN
NaN
NaN
NaN
NaN
NaN
NaN
NaN
NaN
NaN
NaN
NaN
NaN
NaN
NaN
NaN
NaN
NaN
NaN
NaN
NaN
NaN
NaN
NaN
NaN
NaN
NaN
NaN
NaN
NaN
NaN
NaN
NaN
NaN
NaN
NaN
NaN
NaN
NaN
NaN
NaN
NaN
NaN
NaN
NaN
NaN
NaN
NaN
NaN
NaN
NaN
NaN
NaN
NaN
NaN
NaN
NaN
NaN
NaN
NaN
NaN
NaN
NaN
NaN
NaN
NaN
NaN
NaN
NaN
NaN
NaN
NaN
NaN
NaN
NaN
NaN
NaN
NaN
NaN
NaN
NaN
NaN
NaN
NaN
NaN
NaN
NaN
NaN
NaN
NaN
NaN
NaN
NaN
NaN
NaN
NaN
NaN
NaN
NaN
NaN
NaN
NaN
NaN
NaN
NaN
NaN
NaN
NaN
NaN
NaN
NaN
NaN
NaN
NaN
NaN
NaN
NaN
NaN
NaN
NaN
NaN
NaN
NaN
NaN
NaN
NaN
NaN
NaN
NaN
NaN
NaN
NaN
NaN
NaN
NaN
NaN
NaN
NaN
NaN
NaN
NaN
NaN
NaN
NaN
NaN
NaN
NaN
NaN
NaN
NaN
NaN
NaN
NaN
NaN
NaN
NaN
NaN
NaN
NaN
NaN
NaN
NaN
NaN
NaN
NaN
NaN
NaN
NaN
NaN
NaN
NaN
NaN
NaN
NaN
NaN
NaN
NaN
NaN
NaN
NaN
NaN
NaN
NaN
NaN
NaN
NaN
NaN
NaN
NaN
NaN
NaN
NaN
NaN
NaN
NaN
NaN
NaN
NaN
NaN
NaN
NaN
NaN
NaN
NaN
NaN
NaN
NaN
NaN
NaN
NaN
NaN
NaN
NaN
NaN
NaN
NaN
NaN
NaN
NaN
NaN
NaN
NaN
NaN
NaN
NaN
NaN
NaN
NaN
NaN
NaN
NaN
NaN
NaN
NaN
NaN
NaN
NaN
NaN
NaN
NaN
NaN
NaN
NaN
736.259241
695.383283
683.717311
698.907257
764.532309
766.725400
760.280307
757.490432
761.198831
752.013374
741.899596
745.888640
745.825327
743.590780
736.295050
728.669735
726.105206
726.483979
729.260480
731.083018
739.581534
740.999625
739.506534
746.437864
758.687366
768.199126
772.173076
769.795956
766.390372
763.449503
760.685612
758.109086
757.901661
759.134221
758.071990
760.364124
761.817575
761.127729
760.585931
756.576504
752.854330
750.291204
748.375814
746.756713
745.702120
745.075734
742.145610
742.032097
743.167712
746.460492
748.592028
750.473034
750.264561
750.358900
751.296928
751.509201
749.246242
745.698143
746.661440
750.247000
752.653088
753.399877
753.684002
754.108170
755.096951
755.052395
754.708098
755.722052
757.840391
761.558941
765.018981
767.590543
770.134964
774.340433
777.535597
780.556378
782.714483
785.283806
789.707995
795.002152
801.262964
807.993717
813.589060
820.058128
825.968257
831.671188
837.229157
842.263268
846.268623
849.404548
850.838431
852.794816
855.670078
860.263771
863.643261
866.365660
869.255499
873.930937
878.283798
881.254629
882.580281
884.166905
885.152157
884.335453
882.069057
877.572886
874.085801
871.268173
869.483263
867.224057
865.229609
862.432860
860.735620
858.270946
855.333373
851.431385
848.031663
845.409122
842.774616
840.035046
834.968868
827.806710
820.447885
811.979468
802.012924
791.583268
782.275134
773.977086
765.214640
756.481684
748.720736
742.684547
736.854097
734.759058
734.397533
733.121958
733.980112
736.342998
739.156375
739.893281
741.561828
745.921912
751.218570
756.946889
762.434753
768.716229
774.484811
777.683281
779.391284
781.274272
780.596630
782.424802
784.633455
785.594390
785.236346
786.886115
789.402790
793.363054
798.858719
806.155291
813.313291
819.255927
824.761641
831.886957
839.039474
846.174818
854.308044
865.126987
877.629756
889.295033
900.175502
908.381577
913.659448
915.797753
918.355064
919.828585
917.617595
904.349918
886.800524
877.483373
873.397552
871.112267
869.392278
865.551467
862.855354
857.285447
847.045404
832.252170
817.580948
804.326097
791.636766
779.966614
769.176265
760.921956
754.273983
749.024676
742.057478
741.780482
746.133603
750.479515
756.531072
760.668438
763.264417
765.324938
768.525224
775.671249
783.361308
786.528165
784.462313
782.145716
782.012968
783.426931
788.134636
792.695601
794.425133
793.535221
792.419403
795.691845
802.326888
803.708869
800.805468
798.107555
795.483129
790.056960
787.541338
790.426753
792.931126
792.283586
792.606177
795.767971
801.635290
809.038680
810.590239
809.722998
812.957130
819.266517
826.542828
833.011055
839.963395
845.772434
846.606687
840.157302
833.977489
833.441922
836.653312
838.578452
836.629341
834.047857
836.325483
838.415566
843.582417
845.933390
846.792514
849.386916
850.585167
850.073140
852.373219
857.705653
864.733804
869.023015
869.456426
869.367262
873.304615
881.576016
888.484857
895.433073
900.328497
903.452074
906.367219
912.620688
919.227977
924.451086
927.682766
932.011014
937.321319
939.244800
934.765439
928.107897
921.839799
915.618800
910.178737
909.051811
909.191533
906.533132
902.901921
896.983422
890.090406
882.607230
876.433745
871.815107
862.733766
849.710942
830.761921
803.337360
779.630058
773.044691
774.369274
773.632973
771.068892
774.658522
784.186856
792.590045
799.018245
802.323003
804.050975
806.675890
806.892482
799.163955
792.203428
795.962733
805.061581
805.745173
802.414544
802.192807
808.118549
815.394447
822.904052
827.321046
829.129409
829.566303
828.298922
832.008335
836.162193
835.131935
836.249361
841.167134
840.943138
837.208444
836.833800
839.903185
846.329051
852.379228
851.305158
850.808933
854.287708
856.924888
861.934071
867.765358
872.613859
875.392130
876.192098
877.203717
875.888305
876.281384
878.902044
881.056703
887.265764
899.577608
914.986357
920.242504
920.501755
924.283375
931.975684
938.790868
947.463667
955.472600
958.863054
960.844201
964.038960
968.899858
971.393414
976.142083
982.902616
988.980138
988.329476
982.501975
960.841421
910.956714
853.200407
800.597502
759.220700
742.899059
753.567605
759.992981
760.634519
757.087264
759.618957
764.905602
763.949258
766.842145
779.250287
787.438876
793.018934
799.100832
808.578361
818.892496
818.055223
813.991698
813.759858
816.947203
814.444236
811.388387
817.723912
832.531550
830.560919
828.569645
837.924762
849.116496
857.508945
855.195515
843.811221
835.215416
844.644765
853.081258
842.895276
832.634281
825.801467
818.704221
811.532301
807.286298
819.967148
832.438554
846.474099
867.462560
880.945468
896.214558
903.695382
906.567558
904.425025
891.264891
871.602227
857.682533
848.541707
847.791519
853.241487
858.547440
856.872795
868.419658
884.308041
891.465512
885.840187
874.963514
870.796853
883.378239
887.910044
867.364717
851.765490
847.504877
852.368868
864.653415
872.264576
876.910406
873.666631
861.786416
856.468767
877.524988
893.815332
899.802531
900.777550
901.444489
903.833138
893.975159
883.400310
894.507842
904.549479
910.081691
905.798378
904.218612
897.360161
898.902502
924.870973
946.210933
957.637930
973.681459
973.042789
963.000321
939.653854
915.287552
903.742164
916.040342
924.957125
936.346353
944.738879
948.105333
941.665354
934.209950
930.640187
932.048957
946.723962
957.427496
937.054149
916.111764
915.660849
929.266990
941.532568
958.120284
970.973857
972.926126
977.657912
984.781828
987.091987
986.688879
1000.025531
1016.418831
1015.599502
1014.401679
1017.525805
1022.774722
1016.453286
1000.774719
969.273190
890.245933
813.503913
790.218514
776.328162
773.808361
772.738728
766.323991
764.157061
765.057958
765.555914
762.685693
762.280663
756.980403
753.064582
746.215058
743.251885
751.765718
763.008866
777.349729
794.173925
808.262313
817.868522
832.035376
835.439840
825.272442
805.738585
779.893673
786.577841
799.951190
792.662045
793.829415
789.702080
795.026354
789.166290
770.786881
747.009774
743.489182
743.835229
764.988982
763.796035
764.640781
770.277309
781.228061
785.130391
789.124589
802.088928
798.984578
810.707685
836.550914
839.651954
830.129897
839.810027
860.055814
879.906652
893.346044
899.848350
914.930351
917.335637
921.551547
937.739863
940.473900
943.127426
951.872075
966.687238
972.179977
936.171786
844.279947
791.814795
814.465605
846.681533
862.946834
863.410953
857.234887
862.990839
865.070652
857.771188
860.223077
882.817955
901.523413
914.386514
895.548295
887.635312
889.667914
895.273034
886.482683
875.710747
852.693972
819.474693
807.580028
814.217722
813.757090
810.770793
823.080891
828.023371
826.262715
847.251769
858.022081
846.241622
841.665289
848.016076
867.458402
871.363049
868.147541
857.809921
864.472621
878.352200
885.513684
878.936162
880.687351
880.147267
872.145386
887.123109
922.828011
943.902147
956.189927
955.549848
945.467477
933.647795
939.655410
964.665881
991.744703
994.447759
981.542812
967.001029
953.453929
951.210003
964.732013
974.358356
984.886131
1009.319360
1009.402866
929.971391
801.175801
764.964991
778.240145
782.867537
788.265208
793.562394
798.174112
799.430654
804.891583
802.962115
806.461169
799.863417
811.808569
812.274920
807.675287
807.479238
795.437477
813.157267
836.844170
844.392134
843.325160
833.038469
824.777834
821.012794
820.695607
819.823397
812.888981
821.394072
839.241664
841.994296
840.302090
833.785241
836.510296
821.273410
810.210936
816.511715
823.169068
832.279584
826.041028
835.427298
837.339049
816.215566
808.761242
803.147911
824.493044
838.235670
851.599640
863.638933
872.706117
883.067303
884.918609
890.464026
891.797816
895.715221
904.849022
895.872794
871.057294
852.814613
862.913786
861.816441
869.791166
881.993078
876.163124
875.983597
886.750052
905.473205
879.026481
865.325032
865.172457
893.140270
902.713156
897.976861
898.662299
923.386219
942.789537
948.144671
953.100303
951.595964
939.744093
919.424873
914.007303
935.777187
941.157588
947.453881
933.700312
931.936396
946.637967
950.428862
952.372639
947.203789
952.021227
949.524565
961.551160
969.154790
957.406850
965.350585
978.366588
966.218430
963.216446
972.149603
985.350032
995.807612
981.744508
968.844056
950.284830
890.617329
819.033662
787.595838
797.401958
833.315850
892.490160
937.643693
970.699413
997.186686
1004.457193
997.348035
985.540438
989.508879
995.656195
991.805217
990.175256
967.743982
903.615682
809.951077
736.022179
735.454104
747.390136
757.734359
788.136456
794.474595
773.884598
772.215247
791.674162
822.170305
829.257400
822.759667
851.680816
851.658052
835.449283
814.577386
807.074796
810.334383
795.328150
783.669958
788.533374
808.336660
825.643875
812.558968
794.738425
800.509346
785.804492
788.489984
798.430344
808.607704
796.140018
768.040291
774.158899
785.209941
807.250731
791.302474
811.112732
789.779716
796.322329
811.005147
824.868555
832.171368
824.690610
824.868108
833.653960
846.894908
887.881855
889.183297
889.847973
903.430870
902.466932
918.622139
888.029525
874.336665
899.064293
946.599365
955.052470
930.963488
946.694565
946.788169
922.884176
909.414560
931.976313
956.118669
980.632172
996.741418
1015.300546
1015.914620
1005.915251
1006.374935
1003.732293
1029.751343
1042.568067
1022.079203
906.853150
785.128693
798.712720
824.526723
830.255053
820.745067
814.432345
863.590918
896.655208
876.865196
849.545501
843.966694
846.004221
855.982753
868.013658
876.340870
880.491170
882.034827
890.934181
884.328320
860.842395
866.845626
876.342903
860.618390
845.558091
851.806131
852.398609
850.372960
859.657721
882.425583
877.738395
856.369223
860.024206
882.446615
892.123619
902.484944
910.928150
898.540762
855.715551
843.334476
846.283920
879.758254
909.090299
922.668889
901.495882
872.923499
875.943995
882.455485
887.153201
907.300248
890.830729
880.713335
885.480824
889.868929
897.406924
895.766475
899.503354
899.859308
910.265944
926.289775
911.597810
916.574217
906.476274
909.547437
928.833840
933.803183
923.532400
930.911161
931.273587
939.014595
953.910088
952.249365
959.503782
940.149794
924.188683
953.911285
988.728906
986.277321
980.775548
970.604138
981.282050
1014.103960
1034.997417
1026.177411
1008.351550
993.992640
997.062015
1004.876290
998.786910
996.959551
1001.316523
990.744211
983.387225
1003.299500
1026.922725
1052.880761
1052.406472
1032.304016
1031.778148
1036.386898
1058.733225
1106.188202
1128.112556
1077.922206
916.784789
824.898319
831.090568
861.603442
850.619487
838.053025
845.132272
860.205772
854.452102
843.108233
861.093482
878.622959
868.919394
874.558729
906.044646
921.669032
912.537915
872.108594
863.685274
857.058355
856.906147
859.261220
847.009182
844.234610
869.344458
891.344578
907.981960
916.237058
933.544337
945.812873
949.551629
935.983673
917.013689
910.265335
932.092084
927.758153
913.652093
894.019827
898.134704
907.335586
896.837446
898.800953
897.583410
882.677600
881.164221
872.452782
863.862982
867.906443
885.243978
903.180797
884.534156
856.707866
847.425291
846.482803
873.301886
910.830463
914.249435
931.497219
955.162643
952.050302
929.220236
915.512987
911.765592
897.455747
881.669395
899.152883
909.606576
888.225442
895.515230
899.823690
906.149113
901.570932
891.531230
876.280875
864.717688
833.342971
779.513865
811.333861
908.400346
985.161198
1031.133608
1034.533887
1012.742122
994.475140
978.531129
934.981704
896.201029
895.131493
902.319473
893.114055
924.084779
961.879181
973.850054
974.164902
954.081066
933.569223
921.254524
918.420999
952.238949
976.446818
972.316150
993.728513
1013.584498
993.356857
991.474026
985.451613
968.860125
997.374708
1031.092066
1024.254965
1005.858328
1004.663367
1007.632456
1024.280326
1032.223782
1017.216368
962.379896
834.277702
793.123724
786.025988
784.848305
820.758278
837.562036
849.711035
875.427705
902.713872
926.474328
922.680545
885.896681
865.953136
877.200520
865.209713
865.579891
883.070208
902.847453
910.023238
914.412319
933.515712
961.695871
970.012505
966.305265
944.742975
908.653794
884.355718
897.214348
929.970495
928.263637
923.423943
918.051831
909.780621
894.868791
903.574593
885.824798
864.661124
856.727983
875.612022
890.467482
924.649904
934.007719
922.204029
928.932243
920.464186
904.658774
909.705937
930.061097
929.086994
920.545682
931.497166
945.083039
940.387188
918.979737
919.049259
917.637527
913.015958
914.266108
935.633206
944.046732
921.640503
920.244657
906.756227
890.089653
890.061356
909.804053
922.777228
903.920241
888.975744
891.142510
919.977209
955.270832
975.249773
964.711350
943.246983
923.783061
934.282325
945.088649
943.863674
950.410748
967.318847
980.202373
979.885912
974.673184
967.332040
958.595811
942.767954
937.228705
959.652563
968.114348
965.147437
980.665849
987.364950
1001.139898
1016.402386
993.957929
978.573284
972.930835
981.660982
974.756533
973.429903
970.359251
979.858245
977.048211
981.971433
1008.348404
1013.175701
1001.569283
1004.600639
1003.292614
989.630623
997.477607
987.490399
990.485198
1012.231571
1028.100664
1032.226969
1002.128170
900.377102
831.934893
850.518851
871.595618
870.282753
879.064340
898.696804
911.667197
934.337743
947.501122
941.682676
916.949394
889.526152
895.550591
931.299326
955.912529
929.253364
878.520476
861.208145
870.534668
893.991731
916.493001
905.229214
903.690442
909.121851
907.146801
913.712185
924.135838
927.215326
920.743234
903.934286
908.447200
918.515855
917.871254
893.181725
878.849592
869.259666
875.773647
874.961354
857.988130
849.109398
846.486525
836.133825
865.121988
891.623047
891.861359
887.344662
865.143678
831.786415
830.077650
847.593923
867.281213
896.169963
906.175151
913.136999
911.270117
901.998670
884.271238
863.164236
853.111290
863.384889
857.174676
872.939501
889.688129
888.755804
885.993832
890.154039
887.195516
870.383445
868.963392
885.984490
891.020520
882.215509
884.302948
884.506058
884.559730
897.267378
935.230949
944.295802
925.089599
901.333529
886.660711
868.918550
871.518700
897.242409
937.033835
946.198065
951.465118
962.428488
960.893781
957.276801
956.357894
961.953613
947.837837
951.574767
981.000837
1004.935022
988.622448
978.928284
979.017886
988.523726
986.611321
988.716996
1015.525972
1024.379232
1021.480348
1005.617696
990.415671
988.499814
973.268943
973.386316
988.325770
991.483544
987.294540
999.918861
1018.855876
1012.631801
1011.371551
986.068805
968.979384
976.279091
975.675158
983.133274
1019.000209
1057.441997
1070.534428
1045.677636
937.817279
842.957892
839.409496
846.259781
870.567934
886.128319
894.254341
895.973088
897.839183
910.654559
924.115279
927.899515
918.599934
927.036274
925.813513
939.820825
964.899703
972.519646
956.870880
954.462148
925.480392
891.279703
874.557306
856.130388
869.255708
887.377087
907.979983
918.951889
920.729320
917.551836
909.770037
895.586016
902.600455
922.858101
929.830936
930.352721
930.029492
917.517956
905.332113
894.998485
911.891885
928.053514
911.980568
876.318309
879.881856
900.787730
907.340585
891.748549
889.862458
878.174896
882.283604
896.884247
893.187470
896.702374
909.523055
918.901406
937.160119
935.693705
921.006935
909.091565
896.379110
886.629946
884.571461
907.401962
913.524603
892.625142
888.235254
897.863872
909.053400
915.014775
903.285081
884.056057
885.099396
908.163378
916.789997
919.370227
929.973827
941.453779
956.317637
957.333926
946.848015
945.042384
941.493227
935.109501
947.188522
972.369486
987.274674
992.664800
990.839894
981.147879
982.697078
997.850761
999.192150
1009.750301
1002.018944
991.218092
989.466000
1001.092902
1025.249688
1034.003488
1040.876372
1041.514845
1043.083636
1041.770424
1035.417102
1036.914801
1070.316451
1084.057286
1078.540974
1069.828662
1032.135842
941.174769
856.043354
835.455472
828.002629
825.772493
809.073863
811.026045
849.352196
877.065808
907.205721
929.116131
926.520038
934.504572
944.334702
932.677277
944.200543
948.139943
965.242680
969.924520
945.377839
919.247555
914.566225
906.893645
892.268002
899.165744
905.507096
906.050633
918.846813
930.380396
930.929899
929.807792
939.522130
927.062345
908.032924
886.508853
896.192695
924.188727
935.925636
915.580733
909.758470
900.918751
887.907123
884.330198
877.156131
881.705857
888.403855
889.557757
881.258149
900.267223
911.614330
899.465768
900.591355
911.815592
903.127703
902.426862
904.798628
923.381685
919.482745
919.637213
909.748873
905.066561
905.889695
909.912497
895.944392
890.484680
901.830280
914.782143
939.667247
957.373192
954.512632
960.143643
955.830801
959.685012
962.999541
960.687878
967.697176
961.939212
947.375828
928.636477
915.211201
922.702855
936.143542
951.720906
971.089589
991.551840
992.349753
999.161910
1015.987349
1006.840808
1004.188934
994.830750
979.913806
987.163049
1001.718044
1025.641678
1053.606629
1070.505196
1046.637517
1036.790602
1064.432056
1088.809135
1115.977401
1128.089057
1133.989975
1118.978242
1068.599276
983.149144
916.414778
910.599781
930.503648
936.028980
923.645801
898.477935
890.752563
891.511801
883.730771
883.157255
891.763845
898.454354
904.740092
900.237678
905.756159
930.840736
960.461972
966.258318
959.585847
953.542002
946.344875
955.101828
973.823428
979.471487
977.669633
982.015806
982.806394
955.322854
943.037663
952.307209
956.824058
959.584831
965.814739
982.675677
986.874800
977.962837
975.147981
984.955665
982.914217
955.916873
927.422399
921.150827
924.334571
940.474113
967.337050
983.738829
1000.471630
984.632253
977.423576
976.439384
983.293781
991.863252
999.443569
997.453642
988.638193
994.204788
987.449250
993.234187
1007.107994
999.270922
984.293952
997.942956
1013.248722
1010.468593
992.782194
972.641907
977.998779
971.281971
976.079510
968.109808
979.894322
992.266615
1015.615835
1006.294322
1001.959616
1013.087410
1014.720765
1000.816294
985.277008
990.511579
1013.346343
1026.047229
1018.578338
991.985412
973.270366
986.702884
1000.676171
1008.484709
1005.402490
1013.710407
1042.088575
1035.078949
1033.157569
1033.105765
996.109958
956.628585
962.979665
991.739052
1017.331089
1037.382589
1044.378112
1032.359919
1007.696463
1002.500500
1020.016223
1028.486915
1037.651650
1044.199617
1058.030843
1079.109591
1105.923207
1115.899128
1112.560556
1081.144356
993.086118
897.888560
855.748149
855.983613
846.106742
834.621234
834.844542
838.552272
840.905338
835.223133
842.892420
860.951747
865.402401
879.450893
871.725356
858.874948
847.514784
850.294993
866.766702
881.360289
897.550911
903.151595
912.199939
932.784603
931.958169
926.147292
913.016852
909.799454
901.889235
904.692827
897.580206
903.697902
913.044803
906.027213
900.815166
906.127927
912.657509
915.464555
902.903148
907.137243
922.349986
932.432525
921.199380
929.052365
933.021847
928.722149
932.507658
945.855365
950.093299
936.296216
932.971124
923.160109
916.560408
938.348674
957.849564
945.188701
936.505306
933.612562
926.788777
913.356787
921.784492
908.465093
906.881707
923.201429
921.038486
917.818688
929.113387
930.503012
931.473813
943.196871
938.450527
941.936885
937.892163
932.558310
925.338125
925.130242
934.246831
938.595619
934.017266
923.535240
913.090856
902.884847
886.668496
885.607135
913.332835
935.093898
946.731786
946.824511
938.689831
926.107235
953.921070
955.640756
923.568286
915.811203
919.873299
922.701700
926.283928
923.100198
906.962800
908.126283
905.625291
907.898337
908.212844
923.359083
942.596554
951.505118
958.979474
975.664038
970.368110
967.158385
967.101032
966.606168
968.273540
979.180667
984.804910
987.681836
980.398394
987.437100
996.373218
996.210515
996.375041
996.591839
996.021972
1003.317747
1012.819469
1013.791019
1018.410487
1018.565095
1018.278500
1040.708094
1053.571924
1048.912761
1063.480621
1095.799460
1108.266007
1076.877138
1015.417456
938.303799
877.097443
869.691619
876.800728
893.778322
903.266181
894.490833
891.822525
898.378378
898.118997
896.094913
903.927162
916.190397
907.200878
866.739897
850.183834
872.826529
924.576849
952.835048
970.031230
982.329985
987.482671
983.115001
973.887672
972.468283
963.938021
943.922969
935.678961
938.882006
961.252420
970.742786
979.752610
999.117138
998.288987
981.919370
973.445291
977.842804
983.746890
991.358171
978.892900
959.242377
936.398313
943.948930
942.373163
935.428374
936.996652
949.766670
946.742569
962.485047
959.448793
940.930447
923.331377
893.578475
884.137097
884.469711
895.624377
905.582934
938.989624
951.827787
947.701746
943.856111
945.861285
952.407933
979.757112
975.335925
956.845840
932.045257
912.488668
908.068877
897.419067
908.457869
926.762095
915.196308
904.450932
900.617382
908.500941
908.720370
896.003400
877.189318
901.574342
925.122182
916.489652
932.655500
947.290416
945.666977
933.691049
931.165372
925.411075
913.434197
900.973868
910.972244
940.757748
960.845156
974.333303
974.167679
974.759323
982.652602
983.641231
995.035367
997.505620
1016.378717
1015.748099
996.962796
994.368919
999.850855
991.943648
993.827758
1011.360301
1006.828758
997.207144
998.246304
997.281958
1007.005647
1026.706810
1060.181128
1095.315917
1081.881699
1050.554272
1008.803760
923.935832
891.697271
885.813535
876.791440
870.448616
866.642522
841.410454
820.583784
798.047138
801.954856
802.525400
806.774712
804.234737
815.225476
838.888843
861.120531
871.046645
892.383521
920.900380
943.949168
948.678796
943.779379
943.873276
932.139895
914.028650
907.392731
906.080158
920.347760
925.452510
935.378174
927.155534
940.593525
939.268297
928.272626
931.535544
930.346788
929.164197
938.996825
944.622033
963.481869
979.482731
981.464629
962.848626
940.038215
947.233286
950.795569
934.413352
927.365735
931.219670
939.008024
918.803891
904.530095
922.338323
931.870677
939.380284
946.682214
958.325067
979.411703
962.197265
950.701207
946.630307
930.641915
909.434155
901.915619
909.026971
900.096480
909.619012
941.903132
965.269894
982.147689
1004.874095
999.034900
990.429312
961.571911
928.969485
929.228159
944.316467
949.743849
953.959462
955.297392
935.064785
932.749070
934.143464
935.461381
928.107025
961.943902
983.810367
984.578418
968.562872
946.980403
948.968490
962.945322
970.904860
972.371822
991.245851
990.211388
960.751300
951.012739
948.538467
965.960733
979.179639
984.671230
996.167570
1004.260318
994.614094
992.322015
1018.717512
1036.854519
1054.002820
1073.418322
1073.583109
1011.693467
893.331901
821.999227
820.417523
816.307586
825.991165
819.187709
798.936667
792.660647
794.917974
796.798946
808.916751
829.403601
861.765443
884.307950
887.428617
874.271481
860.009294
839.075980
854.703336
873.051250
871.047272
876.774386
873.176815
887.220094
909.459951
914.028799
904.734630
896.366987
904.808072
901.890139
882.547678
858.179642
859.330093
875.022325
856.162929
852.004720
875.605537
903.257352
920.247646
917.320945
932.565973
929.294909
924.120282
911.744981
892.514671
906.213659
908.748245
910.445464
914.683443
910.094339
921.574839
888.927804
855.226223
866.069786
871.261214
872.660583
887.757867
915.807954
924.751923
926.366366
927.167409
919.551011
905.607996
891.826114
892.956413
916.367521
917.227329
911.785359
920.526478
914.921298
893.638129
898.543811
907.142491
917.148019
920.389795
910.717536
903.897462
901.058190
921.904855
942.730416
965.054511
993.419396
1022.294617
1009.216604
959.125812
840.521203
747.472713
743.808998
745.552826
734.949796
729.179644
715.458385
704.801319
708.126949
702.578008
708.825122
716.812874
709.842714
687.472275
692.718119
692.919297
680.212229
677.886617
677.663871
697.029226
704.253431
703.554760
691.967723
671.604262
666.633570
671.428247
683.076616
701.061104
711.111325
712.098439
700.235399
691.279917
693.976687
684.029193
692.103729
714.455323
713.600489
705.067034
711.629258
698.244369
686.085930
689.141040
707.163829
715.809728
710.967915
714.879125
725.616837
740.442762
737.371943
729.740362
724.666150
731.582863
731.045779
727.107840
739.367276
750.118156
767.705658
797.365584
826.421669
863.631098
930.395865
965.247917
888.180872
756.952240
696.362977
673.222301
638.156694
635.430179
635.797881
645.170783
652.761269
660.383132
640.872366
626.607564
626.787007
622.972763
614.964767
613.263284
614.379383
622.844726
633.671453
645.227954
647.119574
646.099052
652.366285
649.883437
655.710517
665.660595
669.792155
694.245704
711.753363
705.565144
705.841567
708.352625
719.859144
746.638992
761.717209
769.544677
783.138159
783.482461
774.977874
770.642861
805.297614
829.445777
826.741375
828.344010
812.480080
820.885445
846.934389
843.628210
867.940608
909.062267
908.090593
885.341418
866.342849
860.868874
876.941318
905.053943
913.888477
914.540897
907.757785
903.269145
891.841056
898.170566
868.076914
870.613662
918.372236
919.439835
913.776066
928.229016
907.271782
912.762544
919.276950
920.728952
904.653277
886.505152
917.145283
949.365347
945.425300
931.254015
935.675915
935.000236
939.158878
924.888140
903.908870
923.399011
909.873881
897.180029
914.773501
906.506388
897.165032
905.370227
901.844799
904.327993
936.802646
974.466758
981.086549
938.872388
873.333543
786.981557
716.834195
685.129571
690.789220
708.104992
714.294065
709.606314
712.284166
711.238761
706.273366
700.976771
697.321520
703.412961
703.551405
699.982810
705.391492
714.971004
712.860891
711.991713
722.211439
747.395859
769.259087
775.890985
788.255206
818.316857
841.296289
854.350002
867.014369
884.111409
886.840141
884.693161
877.112728
882.764075
909.651682
922.369236
920.511973
926.517931
919.237131
909.454065
909.133621
935.385926
965.058313
974.909364
966.861649
963.153885
954.043134
933.803053
912.360211
910.547740
911.967894
913.970928
925.925088
957.950704
966.690746
959.669845
935.321044
924.928097
915.801672
916.135023
929.148912
948.924486
955.369261
951.079744
952.717023
956.825797
962.822638
951.951232
949.031517
954.137062
972.161065
981.693948
970.126243
955.079116
931.573001
905.765000
900.146644
917.035963
933.294793
928.668468
936.965764
944.825397
944.769965
953.731661
948.534311
935.764593
926.153898
927.122069
918.008737
922.401559
929.896616
930.325419
930.916426
946.669001
943.215505
942.062480
949.391893
958.191689
982.400867
995.893885
999.565634
985.720966
960.068577
892.860888
801.462943
755.974055
740.935786
719.635302
703.116696
686.802638
674.775470
668.650118
652.977547
646.733271
653.520610
652.926464
647.234626
638.934736
642.892254
648.414027
658.905159
656.243718
662.001564
667.608198
670.285777
679.416668
688.070848
699.485470
715.717056
720.446053
711.594322
718.348851
741.928937
772.948512
787.587971
797.072507
812.251366
816.565156
812.281202
807.881974
813.803448
818.957934
821.232020
820.522139
833.013915
841.614413
829.547998
817.655610
822.771272
830.346581
839.015639
840.588781
850.801762
864.356995
870.201574
857.920940
849.661982
860.489135
864.993565
860.807214
862.351695
875.718917
881.673931
877.886849
868.222176
847.718892
835.792248
854.232896
868.135881
872.628676
875.522880
877.347646
868.799036
854.283474
852.567916
863.841030
864.708325
859.129167
862.235399
867.273494
882.103600
886.241365
881.364590
859.107850
844.666112
841.168084
850.530049
871.739468
883.581534
883.093263
881.642702
880.314237
871.872943
863.362947
870.201515
851.386011
839.283564
849.557246
851.384971
856.668042
864.323463
872.536953
875.563508
883.379655
893.312162
910.022641
910.681298
903.180211
905.938502
911.035154
905.403643
910.499225
928.139645
942.573559
968.989960
989.554123
1001.744012
987.463780
952.114162
884.718278
791.985036
755.839976
752.551369
745.320045
732.597417
732.998169
736.412651
738.824802
733.132614
730.393467
725.913276
720.318521
722.258706
741.520224
757.969785
765.900662
771.935016
766.918537
758.097835
769.814226
774.102044
785.456971
805.367961
822.445472
830.926429
813.016449
793.146520
802.934564
825.706084
853.525326
871.011715
873.196769
877.487772
876.974616
862.269139
860.366289
872.371281
882.555223
895.010004
900.974227
904.094834
898.766837
905.137717
907.314378
910.223239
904.929604
888.204706
885.143480
890.325094
888.274912
899.789919
928.838778
955.791974
960.656215
938.376093
919.948144
913.839560
923.031727
937.819711
938.476301
918.591854
914.133703
916.019763
919.077382
937.513182
959.657857
981.717327
1003.698466
1033.418361
1034.238057
991.995290
963.380325
958.460193
971.381004
980.337015
987.141202
1004.032311
1029.485339
1036.360027
1034.757391
1042.461549
1048.615775
1051.431166
1065.132468
1074.690343
1068.985346
1078.611489
1062.977971
1060.932915
1073.499361
1099.959437
1104.174399
1098.599190
1102.864119
1126.079716
1137.168158
1149.910779
1173.849864
1175.178050
1143.225098
1059.090203
985.088437
952.945874
934.935856
940.641939
938.718371
934.509802
953.454122
982.990612
998.527601
988.894371
966.937093
957.860546
951.871528
949.668175
972.239705
1007.039723
1037.379302
1041.918399
1020.586823
1000.275352
963.051211
950.943933
965.825416
993.727500
1010.590410
1032.858911
1045.389907
1037.544069
1035.906443
1016.147758
995.638289
965.503902
918.623944
901.670960
917.410421
933.606478
937.450511
940.245872
937.920005
954.103259
975.070959
971.854801
963.047707
976.739168
1003.811795
1021.696570
1022.072783
1013.049169
1008.152012
1010.657424
1008.413218
1003.981699
1000.057628
999.713634
980.046250
950.516287
956.407261
972.984386
998.878825
1017.817317
1017.501047
995.938822
990.534002
997.753048
1007.954661
1016.027540
1003.898466
997.712552
1005.016478
1020.433155
1020.021609
1017.280334
998.224587
1000.058673
1023.786829
1010.368200
996.269891
1010.358117
1036.111602
1050.745120
1055.272840
1083.668324
1076.263202
973.299587
835.392323
834.340404
846.511929
836.158453
825.629233
835.501246
851.118073
863.250291
884.683019
885.290941
888.871598
913.931269
919.113372
915.743064
927.084867
951.097976
936.833005
918.365343
901.818064
890.786182
907.608345
895.966207
878.396461
858.038126
851.989119
856.581965
883.285748
900.706875
927.323729
936.069791
924.841090
901.888197
897.308911
883.461374
887.379636
910.612592
919.484869
923.807163
923.529436
918.742768
914.010647
897.980235
893.586532
898.541807
927.554060
944.924298
940.165956
919.802874
921.718882
936.287365
942.612791
921.396049
922.857896
935.459179
918.282461
910.084460
914.047816
915.012741
932.487336
944.832598
944.149613
955.000472
976.789969
989.605170
974.240148
981.464750
988.796091
1011.229595
1023.169430
1020.070637
987.433283
973.459154
982.783243
990.483100
1012.418452
1031.923267
1034.154417
1028.838008
1035.913069
1050.668177
1044.180777
1034.637749
1051.765320
1063.326996
1048.153419
1021.401011
1022.118287
1049.879825
1068.215651
1071.360892
1066.668822
1016.545848
884.449481
821.415487
844.935555
866.803896
860.833623
812.334898
780.778222
792.908105
814.293506
796.566805
785.660483
803.624838
814.719873
819.928954
818.674912
798.467381
801.731328
814.158384
819.727792
833.323706
853.849098
848.821609
830.872442
837.394658
839.373348
843.502707
846.937338
848.584406
846.994934
854.394179
864.507326
886.610158
876.435231
872.555290
860.814709
859.574518
871.791398
860.775052
871.045158
903.338721
916.733657
903.540455
883.384741
881.184882
873.818295
860.510427
874.285936
883.549856
877.167271
869.547337
874.042386
871.232511
866.167984
872.362065
893.430809
901.186389
868.898398
852.406058
853.216743
869.524003
896.775837
916.844777
923.266090
909.866177
909.127154
907.294385
923.867760
914.537101
903.541820
904.900233
905.236924
922.526268
946.807842
959.917251
955.173198
953.521183
939.592914
942.696285
955.544030
984.240395
1005.790743
1006.656041
999.223279
998.157634
1001.091382
1039.612180
1086.127267
1092.180253
1041.585747
867.927235
751.113059
778.181022
789.476109
802.773347
822.264479
848.175667
863.336022
839.360089
819.016224
826.807732
837.698442
841.486723
824.689944
802.178726
812.116384
820.236147
809.489203
782.496208
780.750419
778.542322
760.679102
748.701124
744.824927
737.348916
725.315858
723.547026
716.999890
719.234724
721.163326
712.252184
705.161630
712.158705
713.657882
708.394210
718.815480
739.070197
769.125602
806.497289
854.706638
905.608805
911.246078
835.127311
697.395099
652.580347
661.161315
675.060899
676.994547
674.512359
667.864061
672.773131
696.519975
704.118870
712.604260
718.624697
709.520587
708.651739
716.827131
719.923740
732.900435
733.651912
730.530789
740.825320
733.807447
712.835205
713.439905
723.022218
712.906410
703.240487
709.815743
726.080106
728.124819
714.255398
721.658378
728.033391
738.525775
765.711696
777.809865
777.808191
778.919399
767.883272
763.224815
756.466135
751.097556
748.134369
741.250873
743.734173
755.369780
762.085153
782.537233
783.847614
780.362950
763.820272
787.278741
800.731195
814.488092
822.576390
823.597046
815.109157
835.672556
868.174212
895.135917
875.339044
845.658146
852.335003
847.047027
818.289245
829.256401
853.249294
848.344248
856.430980
865.899341
869.479166
878.020597
898.978769
896.813210
877.461815
881.754848
886.080744
879.805279
880.872078
881.086929
904.023859
906.366561
899.852721
917.616401
925.255216
896.744082
864.732027
866.399866
879.232504
870.291185
874.136757
879.752697
870.884488
874.637442
882.378245
879.923164
865.665849
859.441023
842.844903
841.928272
832.273189
820.088814
817.446968
802.714264
800.259179
810.276409
805.108757
801.409598
796.603185
797.036726
799.909598
812.924274
831.362131
849.171801
868.344952
852.945422
837.771795
859.692506
858.746372
871.123270
909.029318
914.419089
901.512881
916.786367
935.270441
945.087129
968.500037
984.845077
975.032224
906.899576
747.396909
652.127337
661.023941
666.700840
661.067234
676.978613
686.669803
691.370626
690.306250
683.126390
681.141430
687.228670
690.833092
681.447753
666.176031
669.966085
675.275139
668.612659
649.758639
633.709180
628.981840
628.821052
625.663481
618.876245
622.687605
626.233758
638.397276
645.058320
643.235100
643.770062
661.986100
670.773315
667.591864
676.924978
697.990000
693.435462
695.613623
715.752788
735.422161
746.139209
755.198245
775.466565
801.836202
786.605158
787.550832
805.570410
799.645521
790.598904
802.344260
809.507074
806.852144
819.567852
841.618313
845.582795
844.184169
834.774882
837.679345
844.313478
838.584608
830.676360
850.785325
830.477115
799.984354
794.366087
801.758595
763.398581
736.430175
751.975182
748.444988
736.455708
757.331852
785.180777
799.664993
818.342097
820.051254
808.194133
805.423188
813.247395
828.098368
846.842157
845.508588
840.397452
829.636080
833.659633
836.108339
823.179084
818.493762
811.224017
801.223456
817.173568
835.029188
840.955154
869.773599
890.211854
874.614255
879.191336
891.301037
896.190092
897.656698
909.049122
931.606242
949.616819
921.162573
877.252999
843.864900
829.809441
846.619929
854.214731
853.614616
854.729390
869.419967
879.569702
879.523404
869.378406
868.694521
881.586561
891.893996
888.147279
908.637139
899.514487
917.943803
944.316332
957.235137
962.791982
986.572090
998.584404
866.432623
706.951161
704.129719
707.147692
701.002136
698.234841
700.098917
704.087952
703.975313
708.886149
701.383864
697.458530
696.878957
690.526896
676.921092
700.243790
721.825355
702.605936
693.790998
682.870582
684.563888
708.075691
705.534834
695.100680
706.016862
702.082871
714.470330
737.065975
763.173842
762.780550
760.114210
764.467499
775.557750
786.494303
779.938180
766.354029
745.027428
730.915066
749.116583
753.270730
747.918241
756.294953
771.742190
779.679256
804.269631
844.441177
878.439286
862.535957
827.255176
790.055976
791.793732
794.155466
797.025444
808.393283
800.343538
806.108937
839.010945
848.849497
855.055391
848.028955
821.276617
817.572524
841.967250
861.091272
847.596847
849.863775
862.656003
865.960216
847.625350
858.361304
849.294210
840.514826
841.446384
853.104659
848.454064
849.125611
875.315121
903.029900
909.115472
899.313801
886.055248
889.492743
885.245587
900.138220
905.366602
905.813665
910.550564
907.953510
908.180134
899.753467
892.995402
887.505747
899.229811
907.735420
936.448544
965.003474
967.797334
941.905662
865.077002
786.994401
764.926670
781.227825
774.598181
751.724449
719.770516
714.092677
730.877581
755.570116
771.239916
771.133929
753.259783
749.418619
749.450714
750.499164
750.964365
760.456299
754.434693
740.541648
743.406660
752.388345
769.180512
776.599293
768.107114
769.423918
783.084035
790.492589
803.153241
825.431784
842.624985
844.375242
851.284354
862.488482
859.258452
838.666218
821.602652
803.035492
782.329582
776.425803
780.871235
785.837286
798.222988
826.737866
832.686080
818.987363
806.450055
815.322665
828.372446
839.293784
853.637847
843.537118
839.038185
826.148578
828.704957
817.647968
800.135801
807.872470
828.648982
828.375091
841.152404
845.219453
858.003779
871.657982
878.626319
881.845344
874.249942
870.104223
854.188313
842.780704
843.820598
867.778446
866.603378
884.943427
888.513834
884.473283
875.052761
880.235786
904.232488
907.298432
908.540945
907.332726
908.429687
916.191435
910.436740
904.007741
886.913549
879.168921
910.848742
929.592755
922.459942
921.803412
924.556360
951.264708
952.513194
939.944008
950.568341
974.461932
1001.134200
1007.729454
957.653837
862.142794
793.182486
770.799961
778.733291
809.828248
830.607911
821.351397
807.647468
811.234938
800.165139
805.798179
810.095807
843.405163
862.560383
849.778345
811.625318
778.762936
789.777747
788.358496
791.354015
794.414047
797.267963
797.991869
805.274385
805.416326
814.006230
799.375713
798.381623
805.985211
807.025310
814.058552
828.480426
809.549210
802.272030
802.208152
798.652470
796.549191
791.727493
811.176913
826.473848
825.812096
824.359028
831.116066
826.129131
831.264124
844.957946
843.112846
833.182770
822.195362
817.475693
830.599051
827.274007
822.346995
863.938205
874.334582
834.910736
815.872370
829.441362
829.976172
843.282544
861.405104
852.052297
864.129609
872.039925
858.837732
833.944979
850.086982
850.357869
845.191877
864.673187
874.154798
862.341878
857.999508
850.292678
842.822437
859.282562
864.684976
880.481569
872.463157
865.089755
887.921352
873.212802
863.056177
867.891835
870.644270
879.228284
863.600375
862.495431
865.650447
878.456755
877.318506
887.159303
893.830391
885.136270
909.646303
916.071140
877.852547
825.496620
779.551433
755.279886
768.284485
765.391340
744.901786
742.970945
744.814379
751.095417
758.257748
779.722013
759.857619
742.197599
764.637461
777.865041
775.336652
776.071626
785.911739
807.071678
791.442404
757.319902
733.143200
732.704297
719.251637
731.095352
741.344474
741.816576
745.372819
731.957126
729.567136
718.103805
710.363688
723.456525
731.572808
739.764348
751.654399
744.159730
715.418278
696.488927
699.803361
730.613699
730.502948
739.117628
758.287120
764.157524
753.986574
748.957894
733.684792
719.468954
724.481506
753.860855
763.839336
749.772303
746.043754
756.095029
747.667101
726.754480
731.114460
729.093658
729.833704
729.799265
717.482238
730.233894
748.580697
760.380774
764.812589
748.389280
738.247545
748.844246
757.312517
765.226793
775.590771
786.475892
787.024947
778.579094
778.938371
759.755083
730.898635
747.941054
768.730303
777.701423
781.171524
771.924324
763.149438
778.091697
788.669306
779.286641
785.078838
769.234782
778.480006
824.941907
850.192542
830.356505
786.805609
741.845138
755.233236
781.055605
785.754981
761.034464
762.688212
747.878787
722.061435
716.429701
730.430573
725.241931
725.786753
718.452978
710.572678
703.356296
741.166513
762.085088
789.252022
800.733607
769.430373
733.810167
719.137699
727.928046
739.949777
755.232819
753.004460
739.720154
733.640859
716.679225
717.110438
758.621761
770.984246
770.706909
761.095086
760.196323
767.341803
761.213280
742.359953
750.203296
743.696163
742.082377
758.826287
752.980207
761.445926
778.581265
786.695505
774.989791
765.151242
756.976925
752.856722
755.512722
754.077853
766.288736
768.169286
744.971968
729.115688
734.728747
742.044678
730.020116
719.467048
734.645447
731.750350
745.036508
762.469373
746.140264
717.439099
722.108490
730.204641
712.116527
704.677271
711.955295
717.405867
719.676031
695.011853
692.272422
700.762004
708.707634
694.919053
691.361791
717.651293
704.739479
694.669596
702.530760
706.551941
712.769789
728.335933
777.901593
837.692168
869.041619
791.791839
672.149165
653.949782
672.792103
683.302535
697.049700
694.743788
687.201686
704.857884
724.265215
725.371978
747.155657
774.867968
788.633858
774.117172
785.005196
743.119695
708.931515
721.769387
722.790485
714.949045
735.973551
719.571178
687.921693
696.251932
720.477063
743.633107
760.985221
755.441098
732.059834
714.436777
724.984583
736.470837
736.892473
733.667229
748.724270
741.353461
718.750427
714.468274
736.123471
759.688234
751.901901
733.500765
740.716804
753.022537
726.028062
727.744328
727.241340
725.629808
732.014736
734.534095
723.853509
724.872999
724.433194
748.985612
770.105298
732.290573
736.760195
746.383560
760.021696
769.467950
790.860740
788.043290
773.991277
765.045004
782.553279
781.247243
776.038700
783.525348
787.697929
808.684474
821.625335
823.544452
826.106227
874.967960
918.363565
887.209764
801.728345
695.031295
701.789575
736.747555
749.510085
722.515089
698.907062
691.233617
683.598703
708.206285
699.760518
716.057482
733.097905
720.702785
724.387786
732.115996
725.222228
699.626967
718.906716
744.538287
728.169746
714.333848
725.396436
739.961303
730.414125
728.532618
715.175286
708.082073
728.277300
743.701558
742.469508
727.713740
724.443286
717.090504
726.684687
730.131724
729.029586
747.069109
749.943835
770.520102
751.823388
762.076701
770.609530
772.236731
784.944367
775.123988
774.663954
804.204105
784.178899
771.454224
794.182406
796.414345
793.608697
799.897333
820.678634
857.896154
868.178071
868.056180
869.953045
900.349205
907.470407
901.025780
895.491362
902.772022
925.253350
948.493346
973.282761
939.386579
830.998202
747.770032
740.253216
731.396991
731.260351
731.447033
728.326514
716.440963
715.573363
733.104051
741.854722
736.054244
771.104725
773.622492
788.020581
795.880789
783.076754
771.823703
763.472922
765.252259
776.675569
799.402327
816.666901
812.562328
831.600529
839.362111
838.589770
815.550164
797.441317
816.112943
807.020897
772.144937
779.207088
796.947874
831.258284
836.813527
838.683024
843.894697
834.059615
815.567961
821.321630
833.403802
838.836482
825.815671
822.431904
831.047734
833.630127
863.866117
874.370463
874.254576
870.607878
847.429241
847.269594
856.985082
863.233752
868.884345
856.149526
847.453591
836.415543
857.144281
869.259053
868.394932
870.972386
898.887392
912.095400
897.771621
803.560395
688.724758
694.907299
723.098721
725.666822
717.759867
697.128186
706.380941
701.309832
701.841073
723.756842
729.601666
734.011112
727.406318
712.161045
695.859494
717.614088
750.583472
777.240222
768.215373
764.138740
739.600879
719.331970
717.500699
715.528216
724.069158
710.506956
708.587067
706.024285
714.494929
721.797045
726.366151
733.221522
727.302447
717.658954
696.755460
688.659569
692.704978
699.271938
725.329249
737.189658
742.979924
742.839895
730.015953
714.893212
724.362055
735.205835
700.819110
681.336544
700.194164
712.764765
697.812690
699.665427
707.287046
718.968342
726.858023
751.957841
754.158107
761.597940
771.958688
783.929563
816.057737
841.179649
847.048536
840.383592
829.158215
759.315230
682.202379
653.666455
621.276360
611.716828
621.546544
603.777234
605.247808
615.417432
634.102415
652.240927
674.112526
687.976436
681.143039
646.492803
641.424859
624.777119
619.109616
620.717838
610.089884
624.073618
598.025811
591.796848
598.713558
604.112526
611.212317
622.810761
618.374682
627.582801
613.922108
602.632019
619.693200
647.737397
633.957517
620.618733
632.044746
612.373254
626.653897
651.800837
637.183616
635.243268
647.766206
661.541125
645.415063
640.673413
659.152232
681.604541
691.943955
681.666579
703.545237
723.047957
741.983160
759.418360
777.447039
790.179327
782.179721
698.892979
628.233381
612.090794
607.743732
576.327625
588.076603
592.666459
593.016293
598.004367
587.338678
589.244837
593.216348
610.876230
609.563510
606.083417
621.208799
644.907824
625.472424
597.767448
592.288279
593.609983
616.593380
629.869477
623.163322
612.440430
643.035777
676.971287
674.430897
662.970037
646.532249
671.665488
696.928673
707.312132
681.469750
692.914913
720.713037
729.204422
744.182522
748.102005
741.825643
748.918255
742.435002
736.244967
753.381110
757.054247
770.047485
765.003243
780.416237
809.862517
841.477676
864.499960
895.681976
931.284297
950.680945
933.604778
866.716647
800.745798
790.600038
768.819630
766.682722
771.188114
763.646956
751.850964
743.003365
733.532945
725.273295
705.638617
706.440963
714.846257
735.081944
766.827667
767.050253
772.222369
783.811431
807.432156
802.026366
791.624875
776.685457
761.247225
776.454003
775.510679
745.463990
752.040988
739.869443
735.662220
759.740162
760.167037
749.468708
753.004234
757.126581
741.444154
739.825860
749.113041
729.568912
746.530622
759.218406
763.001067
754.717247
750.806990
763.317477
785.659511
773.297680
761.078634
738.377893
723.351304
726.488887
740.053739
772.160993
755.501436
753.263314
765.889798
750.471148
759.203816
789.568118
804.730955
764.808536
763.866291
782.495017
771.465710
784.457329
807.041399
797.421575
795.021462
819.388058
820.383006
827.221972
854.187179
886.260506
896.365522
910.809039
855.880851
702.781273
665.664410
696.458265
716.794729
711.602579
691.146089
688.916904
677.144593
692.273035
682.323470
658.222186
696.128744
716.688468
719.443937
718.125102
695.830947
682.003745
670.785959
680.916039
702.230469
683.595496
678.450239
681.469824
699.608974
713.295748
706.326996
724.447828
737.673943
750.096071
714.291949
720.334770
779.214776
761.401719
759.312461
765.807802
800.565498
849.180689
886.876827
892.144358
859.968304
837.994560
767.163547
675.219909
690.764682
703.595272
691.266305
719.376937
696.832203
713.984025
696.334275
717.583388
736.487763
724.231823
728.411804
709.715620
724.070973
728.027653
699.095097
705.956141
724.465743
746.249575
730.537594
728.183844
747.564782
742.484147
711.106684
706.010349
720.609313
726.431703
731.328424
737.684346
756.990209
761.482768
759.672622
788.302155
797.431863
793.857146
757.175135
755.038201
750.291526
774.320205
799.692994
806.886427
785.761691
803.433137
814.410223
803.577063
823.592575
852.151324
878.977820
932.189209
973.750837
982.015443
980.293513
862.941218
705.782866
669.519243
677.485196
685.571250
666.395719
670.172660
648.244467
653.998698
696.006377
741.873048
773.082980
734.159566
677.933381
693.336503
707.137771
702.692713
717.673141
713.182703
697.904076
693.234265
685.095396
717.849008
723.922346
734.223886
733.027420
721.554217
732.125694
756.198367
733.672787
742.687619
751.551642
744.424429
762.086955
754.615414
773.105385
811.107548
832.577782
838.158701
836.688065
862.946500
922.104621
942.273773
922.462298
876.566380
749.059147
655.696946
673.538047
701.098257
727.039697
732.400424
763.057093
774.391043
775.015020
748.751894
748.858588
766.142367
753.077875
731.066622
752.736005
755.464914
767.373009
771.276281
781.202427
782.091406
766.736417
789.723027
827.424880
820.146418
842.028316
884.961043
930.654443
939.256714
953.274101
890.520358
743.642840
714.406876
735.639114
774.037231
757.739445
767.339739
789.573746
829.368827
820.612547
824.355590
824.349984
793.554731
776.719079
786.398463
809.543537
810.120847
786.493224
779.672391
798.240251
758.748553
734.624826
743.401992
752.499312
772.162112
793.556193
837.248944
840.386979
818.594490
805.542595
787.083365
775.023889
787.666239
786.192261
792.472216
792.169790
813.248553
838.028719
835.376880
852.089814
884.227388
928.216670
943.942267
955.846229
949.874655
828.042742
712.244694
691.073863
707.207763
693.273396
674.381708
714.796337
780.121978
853.801526
905.479299
938.646017
892.634857
718.601738
648.375776
666.802707
701.725541
713.819885
733.376926
740.100383
795.054419
820.982084
891.655037
916.715264
865.179347
717.161840
683.372241
679.494781
667.206517
692.729650
724.659490
687.571362
681.243676
703.966391
671.119206
678.335528
730.545286
749.054193
766.035878
820.752814
853.858692
888.067630
912.516775
856.478210
729.005167
694.037071
711.661468
699.573876
698.056063
682.843606
712.343650
757.034945
741.602097
744.652830
760.480623
757.189478
763.570026
778.067479
806.445954
818.298685
840.832265
863.201226
895.463155
930.777719
956.236544
971.947614
863.952910
724.000425
713.237736
713.616405
705.838362
686.992411
697.761205
726.413116
729.231266
708.466723
715.100377
713.441369
735.308944
739.960595
735.042198
732.060839
715.337939
744.457117
798.968606
818.883149
822.822033
834.402279
844.358220
839.899747
857.411904
870.657891
894.610845
941.018662
986.572681
1012.376689
1005.447721
913.046820
792.208597
767.951779
779.946902
751.357932
748.279688
746.055839
721.271611
724.397485
725.281435
708.522456
694.361409
675.367832
674.732397
695.685399
724.887256
733.377197
714.073714
703.989404
708.512191
697.758379
701.070080
729.128282
735.219309
747.731831
758.350245
747.584871
728.534328
735.578830
731.461973
745.983991
735.133559
757.447011
761.922111
744.007032
764.378783
757.050124
762.882642
768.072782
770.300168
767.999877
775.951712
786.525449
782.958041
785.617941
799.092981
789.686019
765.329008
784.501874
834.319247
837.309830
831.270357
841.324877
810.689529
821.445891
833.390446
835.333209
841.388102
827.887317
856.329931
865.193548
846.397955
859.218426
920.006153
961.916257
977.791125
980.407324
965.813750
869.744840
773.489441
727.719095
737.257448
724.039095
689.857688
703.901926
681.805874
690.132077
694.780317
697.405065
719.721944
709.638249
688.213853
735.695742
754.723855
723.620037
735.425759
736.105671
701.968704
702.009107
715.020879
690.475269
668.560588
681.483744
683.120678
666.644764
667.767741
695.549122
682.802859
700.693247
688.924653
666.475886
673.309265
686.581096
647.322590
640.543441
644.518617
637.876722
623.736846
629.049912
628.918492
617.252503
614.770139
626.125854
623.245316
619.936628
620.553589
626.447432
635.591130
622.155939
632.935020
633.525379
630.772618
647.308875
657.450805
658.719405
655.768737
651.345639
655.001012
664.565895
680.956190
679.663713
698.070788
696.078137
695.959935
724.135510
736.795217
760.667286
783.248502
781.814339
817.397444
810.058202
735.679481
681.025975
688.258246
672.620455
661.326379
650.787676
646.375524
650.041390
642.996789
633.209186
637.371803
639.185620
631.852256
628.433459
620.889456
639.067720
643.112663
644.388939
633.831655
637.898505
635.890498
643.968709
654.105963
647.517511
652.804836
660.297969
644.336772
658.236449
668.057387
665.085871
656.023006
656.442183
669.906509
698.281759
717.856650
705.944283
688.757256
697.071008
693.094829
708.637998
713.540743
693.307439
718.172353
728.689278
711.983254
728.059204
755.794802
767.465158
744.399827
749.101001
763.233924
798.137776
820.073455
841.743361
889.530897
905.023133
921.309787
841.326470
707.910440
675.987646
700.506537
688.680770
662.022010
659.914848
647.029627
631.121824
643.783861
668.744117
695.706225
678.001174
669.665082
668.561728
650.122927
641.496975
646.653147
650.830419
635.561288
603.742919
611.321221
634.922216
616.660448
613.449084
626.056398
637.427190
616.618875
617.799425
640.260454
635.920637
616.989220
610.154653
622.883247
619.821596
623.905341
635.388329
657.175703
638.583369
630.457488
638.180233
640.503923
659.193256
632.072717
655.222396
649.122487
633.238531
630.938758
664.309197
661.970913
667.403098
677.787706
671.316519
683.397081
640.304738
661.695458
688.849507
702.774728
699.628821
710.578602
741.346057
747.556790
774.929381
842.718400
802.802060
686.770441
623.622265
607.531481
614.472397
605.211297
589.416006
584.336571
583.223142
605.754323
608.236001
618.361046
616.069248
603.062318
635.691765
647.193285
652.746522
615.569855
584.895436
600.091277
630.765378
637.982017
637.104258
638.107589
644.992439
645.442710
644.981617
648.523046
621.871148
617.062352
621.694222
657.096880
664.652219
634.391788
632.342959
667.510931
670.453727
637.289379
651.475875
656.733346
672.763637
677.028268
681.595682
687.317446
680.637534
715.278723
762.549774
776.556139
760.614488
766.661547
772.875443
796.733262
848.867713
921.045246
947.215596
908.106396
824.283849
716.817659
675.447655
712.998523
711.046409
691.810661
689.390589
678.004895
679.987899
671.831873
651.437539
654.122402
666.101146
700.505534
727.327978
704.064698
685.904194
663.601684
685.647823
735.087706
746.614843
735.527907
730.212324
749.445675
733.847824
753.182649
753.941713
776.336904
784.321705
796.673518
795.284746
770.476405
777.313698
782.134597
809.517820
804.200694
819.777474
816.557057
825.374976
848.919218
865.205453
880.075310
928.065849
950.291141
871.985763
719.802715
675.160023
720.397044
735.420015
705.854369
694.545452
699.065280
717.006614
764.103809
758.400275
762.170666
747.346730
734.897996
738.736819
743.057689
764.214139
766.777422
759.962699
755.992652
743.898767
734.598965
734.047248
744.904343
763.013206
772.083096
765.521002
786.376921
803.219897
817.851802
799.361351
796.667109
792.220361
812.412849
831.125955
848.200539
860.130758
869.409464
904.971643
963.090799
982.656304
915.812155
793.514591
748.187783
767.808898
798.291636
790.815700
793.032993
788.862913
766.438431
803.618064
833.277143
862.898995
869.027303
852.450493
817.683862
825.557865
860.542357
884.735381
891.602734
885.233312
872.929609
885.158903
924.064037
953.345044
946.239111
907.484983
901.585017
947.720375
963.898492
978.319655
989.145391
982.850279
988.571426
984.113824
985.255239
960.850327
982.008376
983.967935
990.535532
1002.571794
992.868035
1011.715436
1034.589100
1057.899456
1076.552632
997.928986
836.597089
763.221686
812.846110
831.833709
836.524731
817.365260
811.919238
801.626577
833.862720
830.552955
831.009757
864.814940
854.574758
852.043818
849.777236
821.296866
827.072153
842.442793
860.626319
820.059479
800.862022
822.363723
832.666993
825.575362
808.549626
803.255075
787.765059
768.478162
759.633860
784.715803
788.030716
763.300100
735.639569
730.778002
705.638120
699.351331
710.317885
709.784006
718.998251
735.747498
750.784595
766.141822
780.750122
755.520603
681.196986
567.031585
546.112732
549.356357
546.596894
563.433773
557.129303
556.587853
600.075380
653.312719
608.748480
589.450576
646.642800
664.611244
745.925848
813.775830
799.421498
773.772137
765.093535
852.728787
845.071154
686.485033
NaN
NaN
NaN
NaN
NaN
NaN
NaN
NaN
NaN
NaN
NaN
NaN
NaN
NaN
NaN
NaN
NaN
NaN
NaN
NaN
NaN
NaN
NaN
NaN
NaN
NaN
NaN
NaN
NaN
NaN
NaN
NaN
NaN
798.407202
828.582293
812.813683
758.207540
719.729507
686.869003
657.383826
667.068468
666.956964
665.769265
656.124712
650.174624
658.867382
658.639742
673.954935
693.972873
711.665982
718.935761
709.651924
729.593339
748.446633
740.832103
749.142972
752.015202
758.129669
757.138869
772.234509
781.802283
769.258570
774.921804
791.155611
808.424163
791.451618
780.083903
771.103281
776.985930
785.918853
793.926925
790.776962
809.079360
823.976459
840.264707
855.985019
859.154236
869.809350
899.740388
921.095928
935.451356
943.969790
949.795776
959.557649
913.657786
855.428564
830.042356
814.869965
791.149736
798.348722
803.515708
812.573948
828.853603
840.220798
853.338123
866.565391
865.605605
875.856403
870.543453
872.974886
879.301997
901.316186
924.069431
941.894594
937.933902
930.529783
936.405103
942.630957
956.875288
959.066930
964.538390
989.331900
967.140018
970.128056
981.198966
991.186075
991.523487
988.546271
993.473142
992.854276
991.878429
994.848702
979.695306
977.949097
968.540116
924.379523
895.515462
864.179594
837.084762
809.675648
789.634788
777.747956
775.035542
769.461552
774.484160
776.385786
779.331418
773.072860
782.485788
793.743862
799.408443
802.449754
819.652869
820.447778
825.098838
835.638399
837.494843
846.716598
845.848055
848.321666
850.817382
861.464952
850.720756
847.867818
862.499799
864.987374
853.566711
845.545059
827.959197
820.367823
811.430850
761.007542
711.034301
689.927904
651.400900
627.711819
633.482182
624.313345
617.518719
618.173825
605.874999
603.542995
609.740526
617.701285
610.503233
613.707161
615.450188
621.572244
621.230587
618.043485
637.459833
648.956502
650.223457
648.082620
651.293322
641.127950
644.390993
659.054886
676.728409
689.870644
696.878836
697.786422
696.462492
701.626444
702.879663
711.170408
726.217505
748.739948
767.278134
790.764045
813.354896
826.077178
829.570802
844.137834
843.988873
787.381071
723.739914
687.814173
670.665925
660.968584
643.653967
638.245088
638.730622
629.421710
636.990296
630.378751
640.740271
651.170904
650.464693
660.952943
676.825370
696.708653
710.122521
724.396363
757.175177
785.970927
798.681199
798.387123
790.683476
790.163603
777.526801
734.840066
691.695031
689.171330
681.829659
684.750172
697.644127
728.992022
764.850725
798.838815
823.277376
833.763778
836.029717
833.111551
837.818873
815.193630
776.800957
741.525259
721.261027
703.450987
700.857121
701.002009
720.814870
737.461161
759.885762
798.423892
826.212241
836.699852
830.111658
837.348186
848.011582
842.590643
792.856198
768.452071
747.478244
741.588412
747.288478
727.015918
726.572419
735.733192
741.156901
732.553621
711.130574
720.246272
722.188513
727.355122
731.020716
727.644527
758.680736
761.651674
775.200246
768.838734
762.944786
760.525433
769.190335
782.781228
789.440839
797.548393
806.700382
802.385816
811.124214
825.760160
841.750566
843.253978
846.901522
861.120060
890.323157
899.765365
902.792945
892.015333
885.759478
884.072087
851.968257
783.441333
753.382825
732.121262
723.172169
713.385990
701.289170
707.732907
715.614595
709.368393
700.631904
706.948182
721.256538
719.062791
743.783958
749.251976
755.925139
756.074241
774.025013
801.308936
824.438554
843.364623
847.977362
849.254516
859.302103
838.563509
795.945746
757.761653
732.817643
716.901860
698.692604
693.853452
702.883528
736.505529
765.610326
777.208841
773.176848
767.687483
791.207469
782.496427
751.194900
716.496190
693.836782
685.649389
680.086044
686.711536
696.431218
714.959330
726.074007
730.794018
741.782093
756.261508
774.278858
779.060348
800.924310
815.564606
828.479649
832.658895
827.716273
823.992045
815.550793
791.370045
765.080097
723.415852
710.211332
724.006711
711.174936
717.312954
741.490134
773.423225
796.075002
820.552135
833.943827
831.819371
814.525319
809.257614
799.147571
777.183304
735.038116
712.944933
713.194778
711.446619
718.211704
712.965843
714.275738
733.085947
738.446228
748.646597
749.308173
773.549413
802.435813
848.312775
878.070051
886.900617
862.450394
855.845213
834.863902
803.309606
758.682254
715.562151
705.433313
701.890716
712.452493
725.428530
731.337463
749.063170
784.725322
835.646383
866.448003
891.369598
909.136282
906.796240
901.003737
888.549744
846.400073
795.494053
743.130563
699.687647
684.765359
694.837635
700.077406
711.833880
731.914559
749.507487
759.259384
776.362813
789.828420
806.514168
818.861070
855.632518
876.569793
904.940590
907.307642
904.403252
905.552839
837.450241
767.685405
730.841434
727.734886
724.989611
725.997729
728.966127
748.759128
747.876245
732.472832
762.125458
788.660681
821.270707
863.450495
868.441494
864.020920
896.523446
924.110667
944.177673
964.432480
968.784617
946.001974
924.019079
845.210793
771.753603
738.468285
725.994818
728.053228
728.978907
725.842121
737.543341
742.947074
751.348038
788.034185
776.455378
779.169185
791.957134
790.326394
788.430093
781.636606
783.483757
774.451545
777.216950
774.060213
799.140518
821.929798
837.256050
848.960276
862.538607
891.728216
917.153234
905.390570
908.170199
813.305784
731.786478
758.923735
794.725988
805.591745
806.094654
695.235025
644.587928
644.958918
654.762852
675.680219
693.862372
696.297412
716.968089
697.144248
667.178979
676.612726
692.654971
687.469521
709.551266
732.418017
748.070252
792.570229
811.458551
828.169127
842.014610
819.039233
686.896124
586.240386
573.921349
574.671118
574.658691
571.285484
579.576558
584.625415
615.433732
610.384203
624.846115
621.616561
621.632251
643.739872
651.391884
647.992567
678.085398
707.491541
718.185621
739.402390
739.364230
759.560211
796.338351
806.065726
840.634376
828.068732
727.964377
614.229871
591.538911
600.700582
613.874695
613.308817
602.162947
591.697461
623.935964
643.413328
655.633681
647.299536
640.847317
641.223910
682.481000
704.714129
698.579626
706.637245
719.627936
716.468859
726.496886
742.379865
784.333955
823.826221
884.051977
863.577666
768.505327
638.857283
627.827877
640.562740
611.866496
594.482129
605.530521
624.046064
652.360376
636.671830
630.015190
650.715661
658.203632
654.259847
681.470890
717.051354
750.904604
788.759706
821.115416
850.530025
797.164895
717.461470
638.290409
595.637628
589.901271
606.830600
590.881688
630.729198
654.898036
637.832007
667.093131
674.845149
685.083327
687.053839
698.242924
664.475793
664.763721
668.717161
724.159510
721.016762
697.633097
717.825603
715.847429
739.730915
790.165297
757.490945
719.975171
593.862352
542.675093
571.744000
541.993571
548.044527
538.112373
538.393993
557.407999
574.368866
562.686453
606.598449
620.919591
626.175406
617.861909
618.426699
624.182356
634.555438
638.970822
669.387357
746.604504
799.748504
793.391902
742.771039
604.897486
546.087374
543.382797
561.854739
584.557424
602.687750
603.487010
654.865512
742.468753
783.119745
820.457483
819.507285
798.105496
697.601372
594.604565
575.432751
594.619983
582.490499
591.987748
588.352537
618.649593
697.262573
701.267494
692.833699
687.122316
756.981581
797.433958
839.161587
825.781557
777.535498
605.899516
504.710186
521.914974
538.965663
538.932420
533.993745
524.017146
555.358674
599.686561
634.027028
647.096480
658.375816
757.574929
830.414857
866.971800
864.153196
797.141744
620.391308
535.379381
592.629546
584.719457
568.834811
582.594864
611.471980
654.701118
706.129322
755.254149
693.758428
658.041645
682.849854
717.593930
739.922820
737.881972
746.833598
783.591885
788.437296
777.018025
815.063048
857.385758
763.298022
608.293388
526.878691
496.240747
522.489324
560.137274
608.394351
673.934966
762.493300
644.148784
511.403516
567.709692
539.329619
530.875422
579.760338
669.879112
778.570437
814.915804
595.727817
446.927652
522.999937
519.748582
548.450100
602.045243
673.006422
766.746271
635.454336
465.587229
467.797456
515.396801
514.897611
513.653357
520.690652
536.760687
547.603686
559.930118
573.406616
606.332671
651.449789
736.956102
821.439950
758.870128
633.879442
539.292435
576.109578
618.029256
608.156548
576.930740
565.406774
599.114207
653.310451
649.030748
686.032887
731.879508
737.904652
748.002980
786.396299
823.652723
862.667297
729.279483
520.263357
492.938362
546.314444
548.801816
522.341292
535.992573
585.989382
650.739953
722.435162
761.460315
795.757635
881.940147
923.282098
764.768416
531.820887
558.330974
612.105285
603.576765
609.626813
547.750620
653.711406
753.703046
695.153672
674.687279
648.092145
646.726429
725.246360
783.426491
724.106361
694.583789
696.686635
719.551230
740.004391
740.610395
724.669205
732.862439
726.816356
734.468112
767.897603
778.353505
772.188349
802.066746
873.973385
913.516315
806.756908
577.584764
585.473715
673.485658
688.310589
713.971392
652.481153
582.065522
633.928524
598.419478
596.594763
650.300391
687.105210
679.937601
688.586252
697.606062
651.063082
622.473172
658.238466
697.247502
729.933579
726.842783
721.514303
733.754500
768.442065
801.748464
850.266710
866.449121
832.474015
790.416249
785.461475
819.670200
861.974436
863.405797
845.010510
883.709301
901.356383
907.692104
934.214287
968.082300
992.921008
1017.833252
1043.072825
1062.039019
1004.211576
782.072212
651.484246
679.645413
700.332610
676.876856
705.207394
724.739366
755.538499
768.864548
743.875012
771.516972
793.423713
845.003852
847.747384
873.575199
940.114913
1002.564186
1054.567333
1058.441328
987.346783
796.688972
715.333177
725.658466
733.432958
756.589090
754.556420
735.194051
753.934606
796.440903
853.013173
831.445827
794.215556
805.623596
822.173265
863.341414
904.269983
895.618118
918.079190
920.725859
916.568041
921.757778
954.099659
964.628467
1012.380789
1033.632963
1054.607206
988.174381
827.636584
686.513576
692.788934
749.599805
740.880423
739.413076
762.272824
742.003220
754.494510
759.240603
785.406080
810.781507
831.338856
866.918953
883.684138
869.277268
833.336382
809.880791
850.657614
854.250857
857.529480
854.128197
864.928799
879.623516
895.543782
903.432430
887.752271
916.544828
938.523571
951.104508
966.936960
984.671138
1005.705458
1008.961342
963.938241
807.170674
679.259051
685.728415
674.297683
670.526629
696.512993
728.578073
744.875969
754.664540
771.034591
784.863176
790.798581
805.483926
802.992751
754.322946
765.644868
777.598806
783.928774
792.235845
791.273656
781.917253
787.028210
802.304305
832.760623
815.876208
814.172598
822.360068
837.101705
849.320832
850.549939
865.060726
868.676028
890.838523
895.418669
918.947768
893.909040
783.787064
731.258693
753.856857
780.542380
773.833493
752.904801
773.527193
824.143199
881.722422
914.373818
910.862633
839.020192
677.282129
656.855879
673.909985
689.850710
688.112659
694.626854
748.256457
753.863256
782.417640
826.576235
825.624615
821.105417
839.236763
872.819827
922.546272
948.525491
906.508625
770.442179
664.142676
623.537869
611.569970
650.625918
716.236259
793.343969
796.561691
754.985062
690.171334
676.145082
690.408974
698.989421
711.878578
718.427302
738.582370
749.478043
762.142680
762.623304
757.463967
756.828190
754.627402
767.173811
769.968754
789.170749
824.150012
843.094759
866.726179
853.507510
865.172636
861.315059
879.066043
910.458839
908.092049
912.200656
927.025612
923.686997
877.642188
776.545245
675.503853
647.721581
648.342035
659.378802
707.735901
730.972552
738.383726
718.349586
718.030123
725.878224
748.928311
754.251597
757.066037
742.713214
733.045256
739.952115
744.994039
779.082842
807.462519
820.358537
824.271636
800.368647
813.330642
827.159444
830.676779
872.315072
896.097758
897.992460
897.998451
899.294960
924.328074
952.588212
946.508613
905.269643
779.382761
703.244628
683.887325
699.155866
706.436654
702.211194
668.412832
682.779216
715.585366
730.529199
732.846907
733.055684
722.752984
722.369075
740.161900
755.931764
763.725654
756.314163
782.928874
818.503847
822.095014
841.254235
874.340169
896.218586
919.803478
929.413430
920.469346
893.273967
861.778442
750.967040
641.006028
626.588154
648.005858
666.745340
677.327711
693.676122
698.843004
706.018483
729.533680
745.528645
735.994655
724.028713
699.423824
702.664661
730.503875
741.178527
761.501684
759.765414
784.313348
789.320617
775.767667
788.657889
812.537278
816.458952
823.967298
831.414964
857.309918
869.850912
867.408850
863.600534
880.668262
883.649656
875.490947
845.933039
787.598745
700.530348
656.216290
612.174632
602.335836
606.278391
619.366481
634.459957
656.560097
681.225419
695.229631
698.825670
687.737055
697.808997
710.095020
708.338021
739.598493
764.846238
785.756288
798.125714
817.059468
832.846767
828.358213
814.611678
805.996990
769.245375
720.720112
639.295768
627.336917
638.837824
649.213999
654.607299
662.101327
660.513847
631.367970
629.327298
629.429815
643.295500
634.197246
640.062471
663.935416
676.019184
688.666105
698.216410
701.179014
729.946648
745.871563
751.979505
735.528893
773.404480
806.174837
816.437842
820.746619
813.456244
769.892896
706.802471
662.384988
674.831206
664.074379
673.916513
690.569616
709.900927
695.893029
692.256982
689.278299
702.318673
703.376837
707.773240
726.029195
729.122734
756.451395
781.977109
794.532404
805.718558
808.382289
829.636046
823.576540
819.005866
807.362378
787.026752
741.485233
719.795300
691.000850
672.197703
665.926213
678.695254
688.418589
714.094929
728.625660
725.814482
725.831546
733.295119
748.084455
733.827274
722.122662
734.904639
748.358241
755.134752
777.664447
805.881571
815.311615
797.382011
798.468677
783.518207
775.418721
771.952426
737.817954
691.345696
682.383393
659.726304
687.779243
692.560787
700.283390
704.827206
691.637247
680.500703
673.265682
657.781687
668.482766
670.992678
680.589553
700.099376
723.573075
745.358742
765.125801
799.196517
832.620328
838.464821
822.513796
815.266463
819.581956
769.373266
716.202682
687.200903
676.017143
654.287590
664.219620
678.150323
685.757361
704.025435
728.909103
750.916837
765.572717
786.511414
798.881106
788.820707
756.406245
728.345290
716.968629
682.934528
649.415675
647.436223
649.119873
643.252728
634.003710
644.401459
645.245218
641.375796
653.554758
660.902992
668.497618
687.137562
705.331221
721.432583
738.949475
753.691016
777.022475
781.932765
797.379686
822.218036
825.626370
803.463514
782.419058
774.470345
776.328519
740.543023
715.364700
702.981162
667.890387
673.086892
662.237512
664.367055
665.425671
676.370396
682.948065
698.269106
703.183414
704.444946
707.955935
707.311795
699.989151
711.978364
728.231948
713.833147
717.901470
730.224317
737.772958
743.805658
756.218462
754.739895
760.527503
765.489378
783.210526
812.176710
811.741052
828.760330
842.553510
854.554107
865.608661
872.358054
865.685001
850.831238
837.719521
799.431947
777.661541
777.984771
732.743996
702.891846
680.394382
671.455668
661.008101
660.385046
650.443953
658.407539
667.195808
685.673784
687.658765
697.899354
696.496664
707.934715
718.687128
743.249018
775.767855
792.196070
815.352487
838.656160
830.971772
824.935827
824.487455
809.586863
787.543133
757.805397
742.757470
722.693199
722.894530
714.822323
700.436650
691.928475
695.688550
700.025595
694.997399
715.656068
723.233131
713.414465
713.346523
720.807792
735.453681
754.046833
758.595864
766.107129
756.514642
753.492967
768.344857
778.296531
780.734216
789.849630
781.851033
764.729361
749.809337
730.287826
712.118572
677.623997
645.787541
613.860889
588.669795
573.946012
546.377285
543.170212
530.134152
527.267034
527.267562
521.493047
522.580238
520.351346
520.938136
512.125467
513.131673
511.771913
511.108242
517.915110
525.017142
528.656626
542.005072
567.759675
582.367892
595.842591
598.325554
598.024350
601.582352
604.619490
602.082365
603.097148
593.876123
589.065618
578.538801
561.962328
547.510417
547.260574
549.107439
557.357363
574.139804
555.769269
571.634959
583.925986
578.478599
594.186912
594.361290
590.379786
597.948614
607.789949
597.650467
591.842483
577.459014
567.027303
565.021201
562.461389
567.792420
572.829081
585.950974
588.581743
599.624067
588.071609
593.808581
586.158085
591.346100
589.199938
597.440165
597.387721
601.502039
595.312072
596.933547
603.519584
615.965633
618.040419
637.640450
635.400530
638.399391
662.875114
655.942743
658.405205
676.126403
688.048915
683.611325
673.147631
669.855734
675.193792
672.655305
677.276903
683.459760
682.156104
687.211867
680.499794
682.939469
694.292119
688.773797
694.489505
684.594678
686.258435
683.691796
668.198505
656.713952
655.180292
660.851731
675.127171
681.491027
686.068229
689.311613
695.503650
679.462211
681.923381
675.880321
662.567478
685.045035
688.027702
690.129399
695.798928
718.059168
733.454650
747.627913
767.355543
789.394686
792.657594
795.223821
784.048027
770.611243
777.376460
764.711423
755.529584
743.519603
706.726704
692.150027
676.161191
675.119522
668.636541
656.051190
655.351964
655.383244
650.563419
644.341735
637.764021
637.104036
645.270403
650.990462
652.034812
654.935189
660.228927
669.940109
679.087973
675.531475
669.203773
669.179296
673.470748
687.114509
678.694193
664.483206
664.723471
650.870298
629.475558
635.266299
644.453321
660.230560
661.062963
661.845170
665.813437
668.282809
674.011579
671.467060
689.552718
698.528232
710.923532
705.397399
716.945830
711.643502
704.815718
699.879402
705.288415
710.278225
720.849403
720.884313
719.888244
713.513490
699.939110
729.630100
731.684358
727.913200
697.784152
693.781612
698.559386
692.738431
678.390854
677.884268
672.943962
678.287070
656.750811
656.346512
661.505838
666.769505
666.224304
674.309687
671.844027
664.381617
671.706937
670.780684
667.625155
666.644176
687.548033
700.708643
695.426029
708.366311
728.840039
743.050241
750.412648
755.816604
756.363149
747.535270
729.848537
708.937832
696.247886
681.163784
651.846955
624.281267
602.251913
583.454644
565.447442
559.644976
555.884214
557.366338
568.282770
576.733195
595.715806
598.066941
603.784428
614.269285
627.570176
614.459256
611.962282
613.677351
608.424761
610.063307
597.262102
599.679394
611.766063
622.008254
639.081134
653.545680
656.667904
663.917810
664.932976
666.727430
670.272518
670.810690
666.605344
661.268090
655.711451
636.117087
637.669141
624.938684
606.944706
596.563080
580.456041
579.975403
573.890561
588.188686
595.251572
604.075164
595.291614
592.191447
600.809741
614.943317
618.977547
623.111879
612.254726
600.372623
617.118269
628.051822
624.634350
626.141171
650.241214
666.931306
675.108856
661.144969
650.232827
639.237272
642.994225
624.497058
594.932649
559.168432
556.055606
549.749885
566.247655
580.155371
588.746991
588.574577
590.010752
614.673493
613.628706
594.188631
595.192411
578.561255
583.843079
586.689638
604.335038
615.270499
610.225208
620.572523
633.236407
630.501476
618.922187
631.204506
615.419877
596.923905
604.812683
630.705877
661.089872
680.458343
662.492754
640.627727
630.228686
581.044770
560.447710
577.504165
583.291609
603.005811
587.062378
573.418532
567.561769
543.792400
551.974607
554.175931
549.487628
541.604408
535.794695
542.986028
550.476605
564.045577
584.522572
597.899743
620.193718
641.296318
661.073295
683.534222
675.331556
659.695766
654.270014
648.746126
634.777923
628.076688
606.062572
584.113491
586.411089
590.962541
592.915549
587.966098
599.211198
602.343337
611.848361
634.759269
630.163442
623.041389
599.848099
587.265899
591.639393
605.362634
614.556765
609.233118
618.336490
648.072727
671.869565
680.155700
686.356300
694.566979
721.043922
723.798030
717.516385
729.655545
734.937781
724.430155
734.419641
746.785235
736.201779
648.044572
593.135472
598.300791
596.071787
602.302676
603.560704
603.814015
606.249521
624.954863
627.090494
627.534113
626.249094
632.369829
639.737241
635.411108
656.860446
686.421897
678.132143
667.543046
697.391709
708.201380
679.139692
673.980885
694.133623
699.419721
714.547836
735.939832
716.355490
737.439077
787.528848
819.295921
788.145817
682.188918
611.140016
614.798538
634.735575
649.378252
659.055241
664.140059
648.693212
617.716001
631.917029
670.460976
692.392371
664.364917
665.599056
670.879495
620.248982
632.261485
659.776845
672.928669
673.223083
688.599825
705.823134
707.906169
706.751765
717.786616
714.296223
722.020192
708.522683
722.206250
743.947285
739.224052
741.565142
740.500988
737.362444
732.642507
756.338618
792.736717
791.001157
795.550612
841.971159
873.724522
880.768437
839.930995
706.301170
676.720787
678.824831
668.401972
660.017880
683.272842
680.265954
650.388054
646.513607
684.085880
712.936492
677.912860
687.858375
681.925762
668.376838
666.544721
638.291878
646.861492
702.427208
725.284585
737.181738
755.632861
790.548451
820.609097
810.890688
831.189391
842.884176
831.472651
822.975009
869.478629
907.889733
924.597613
931.887880
828.991639
675.772924
695.524221
685.730748
690.109714
672.191245
710.105542
727.326511
706.429928
680.540013
716.648089
761.073449
759.084331
741.697731
758.275960
728.392374
724.194014
749.545528
753.145369
749.396321
780.633273
800.683949
793.956356
803.154370
819.714549
814.202548
824.199101
831.810194
845.197162
866.959019
845.337372
850.608542
879.649751
909.266828
934.475855
979.614234
1001.213203
988.893824
798.639346
667.418723
710.861280
720.951043
693.958898
714.758515
716.337298
710.089903
731.702942
732.381636
742.357989
755.637402
752.833952
783.311282
822.765599
841.296238
848.054578
862.871566
920.519955
951.140870
972.667978
956.854296
880.256796
668.224487
629.326959
671.483986
671.020959
676.222927
636.865074
630.017686
644.627230
679.230441
699.405514
701.514621
739.296756
738.152595
733.060328
711.248880
712.329611
749.921111
713.764397
739.320973
757.632879
744.194190
751.558615
741.303918
745.663671
771.047467
778.663895
796.698079
801.858113
817.516804
838.530267
844.113226
895.974229
919.336754
868.128352
651.805525
618.317618
621.768022
621.415928
619.623152
616.326138
583.468352
618.241078
658.354411
695.086076
690.478819
680.550994
745.875303
773.336540
812.743727
856.872096
867.095050
704.975260
539.529971
590.453590
603.563571
595.547526
622.885923
610.522682
620.707652
675.163392
747.213562
735.749095
740.242779
729.987558
709.279957
721.466726
743.761816
676.489671
703.998998
772.697859
738.556340
695.105109
722.798894
741.092704
769.675725
787.678175
861.066889
877.186230
835.100545
680.024019
657.524370
689.455226
670.583757
622.856539
625.479307
693.868152
753.129554
734.154820
709.943123
696.415120
710.268482
725.505115
791.556858
792.660440
747.330631
713.252074
738.190546
781.606622
788.178091
731.549607
712.490660
742.527250
801.979121
812.242123
771.496001
789.860544
811.600925
813.559616
856.517995
916.163867
917.426740
811.642545
665.113460
671.241275
672.448360
637.757182
670.827332
714.813712
667.170596
662.859998
699.631246
705.604506
711.691239
725.804601
712.110125
696.028531
712.027743
692.348103
675.333457
695.140382
734.991540
752.622573
714.492756
707.746169
710.000058
718.884494
747.256483
736.105136
751.894544
792.183304
770.344176
755.672975
768.937461
763.285771
759.028168
764.507136
772.639260
774.161618
829.935274
896.533749
919.699442
873.599556
739.801315
633.350786
691.067644
724.196017
717.211317
677.585809
678.499884
678.359574
666.168810
683.113414
667.156037
665.019342
680.139145
681.671042
688.398114
675.676991
651.110068
677.613013
697.453601
710.823082
709.204037
670.091989
674.119125
674.847553
676.253236
698.533451
701.372889
696.752628
712.924683
706.595879
712.611130
731.272376
727.373061
745.813345
766.026257
777.810167
795.106694
797.036337
772.839895
758.925741
755.052710
765.469579
751.883620
742.863604
815.060943
880.042372
923.437871
832.501868
589.398347
540.610404
582.492627
655.745680
671.908348
645.012293
644.992467
669.775465
670.719609
636.848247
646.455647
595.525530
602.373344
612.379357
623.502632
614.681084
615.025360
614.244593
604.099165
613.936088
636.185795
663.518211
680.932827
690.595580
702.406601
684.980828
649.134182
654.857297
700.323692
735.147552
753.626008
743.611962
744.366781
776.152134
780.529899
787.816771
762.922536
797.598903
793.032551
763.679858
756.484851
750.870387
758.298937
793.679430
843.563207
825.110117
638.190832
525.084450
574.603969
627.424528
666.608761
670.435365
671.450235
647.292236
581.001481
568.464479
628.363262
638.090078
630.030091
587.664121
638.764888
655.299688
653.134979
653.884923
641.866789
608.711720
602.825574
638.117004
639.468888
668.121364
673.629464
713.347165
732.000289
712.121861
700.374753
702.045570
752.388987
749.047442
740.975000
799.613871
840.832759
892.125524
900.538172
763.401261
554.153626
518.849355
541.712609
585.490968
615.697782
631.014903
636.089441
650.234017
629.477332
651.687396
687.944027
736.286376
766.636846
730.731580
684.210542
692.446707
688.691056
744.383251
799.107604
786.521958
716.939517
678.912260
765.427694
807.918017
826.477049
770.226732
766.822490
809.909013
793.116353
772.653557
819.977798
881.239015
919.790668
948.795201
980.186611
946.390182
768.774124
567.732057
578.494248
584.401566
561.403284
534.525262
556.806829
550.849692
541.634644
571.381720
616.093298
668.333636
702.154574
770.902624
817.552053
854.419472
864.604313
799.105526
646.052197
510.473338
574.563580
636.065539
632.066495
594.755440
559.464492
581.627507
612.585379
631.390908
623.492994
659.994390
697.301633
681.672958
654.167397
645.672537
676.032356
682.893023
672.230670
668.953038
661.294032
668.300161
733.827568
764.064794
803.182349
867.076066
845.264331
801.045068
695.683442
599.998156
641.131713
658.720494
631.504085
602.591394
575.838174
567.955697
600.488524
607.703801
600.295460
613.296277
588.177048
573.169018
630.947521
715.158064
848.962839
863.322112
769.934123
549.553885
532.868365
548.200647
539.542183
552.170859
579.599624
625.040614
647.907984
639.456128
643.220139
659.621898
649.989070
659.460853
701.711161
733.000897
714.475608
685.548614
703.399652
775.365210
787.803237
794.249175
863.344595
909.768599
843.061369
623.646713
544.849404
587.738298
556.754855
519.027499
530.316683
514.904250
514.944982
557.279507
649.871329
748.729877
825.463842
857.692269
758.417246
543.443209
485.060362
523.759699
557.300846
540.993470
531.845896
509.325332
527.046374
525.299177
547.965798
543.989499
528.974129
544.599227
558.119722
574.309394
589.103314
596.920612
617.917422
621.715843
599.080335
594.199978
611.509903
621.432709
657.559812
638.218581
677.893113
742.338195
763.834778
846.988577
893.865988
801.258046
686.174615
649.404614
611.821234
627.166733
651.856577
672.789621
671.112730
647.925724
594.941350
607.506978
661.263163
661.334586
617.141827
629.060154
689.400210
702.362753
719.128108
719.814738
690.850444
700.574103
708.555191
752.579172
792.535739
792.636024
804.078022
816.777240
838.480590
874.038175
885.906897
900.215874
903.715942
896.130311
891.921536
776.708232
598.996934
604.746882
630.089299
622.070311
656.327435
679.319700
650.723766
615.292344
617.758546
602.862254
632.880902
677.860530
658.132459
651.546284
664.807854
666.327233
677.298092
690.193611
726.441512
721.293389
728.362848
716.380966
726.569890
749.068658
741.554593
734.261124
777.442249
796.415867
811.153614
818.787173
815.197762
808.528153
849.111550
896.404295
936.844747
943.614470
878.837711
739.532062
676.711994
686.236355
708.202823
703.803972
691.075492
662.283003
643.199797
650.962877
644.793499
652.368415
659.607859
654.384223
672.440879
694.807027
693.748301
685.454124
669.698070
675.487624
686.730664
687.680898
701.550001
733.635715
730.254968
728.185097
729.976998
751.831645
768.884510
777.858557
789.165721
810.880952
826.846973
840.150590
867.723890
882.070936
886.033684
908.466519
924.246397
917.635487
893.645147
794.905295
738.823748
741.488533
725.847747
727.855766
756.417893
767.556257
742.114947
727.763085
749.270068
752.944668
752.208108
716.829984
728.976989
737.199185
728.808853
715.926965
729.374141
771.159914
798.837721
812.747319
835.652254
859.712899
864.490432
850.621549
812.154210
699.196909
624.369190
615.096328
611.982846
610.437360
607.270954
603.399408
601.022372
616.266777
630.462506
611.763648
596.450653
606.568849
616.077406
628.611150
632.585874
640.050510
629.841878
651.663389
684.843883
681.761633
698.150494
725.102811
745.362523
755.905674
784.799073
828.179981
850.966199
839.573121
816.854405
740.515787
676.713264
659.528116
662.869380
665.867830
681.520132
695.899112
683.254803
665.695537
657.236589
658.509383
660.625767
678.272095
690.873243
705.648668
728.638494
718.467853
717.389600
704.492611
670.641894
664.820139
666.362821
674.284363
688.648925
684.414824
693.321456
695.566098
681.377573
694.008463
716.642018
740.676591
760.995345
776.321367
779.193582
777.565319
797.950253
831.044814
847.739906
858.745105
871.698311
857.228694
822.131601
783.053635
691.757717
626.397809
612.332460
591.692794
565.533599
551.059022
547.527218
547.663418
553.438602
564.883473
586.100592
599.542039
609.149216
633.439348
657.105627
701.612936
749.785835
733.610506
748.196947
687.018305
642.860554
620.288670
610.018686
615.335772
622.001317
631.146384
642.011866
642.519307
650.582994
659.289722
673.094492
678.619401
674.174060
677.543023
696.860105
730.203386
751.049080
768.155363
786.703753
806.909992
814.587541
800.275770
816.631532
745.715274
689.331367
657.496605
636.245808
628.604048
632.287451
630.072543
622.228509
622.231511
623.996125
640.543948
668.742182
706.666533
730.319778
718.699256
746.638779
717.509630
666.065292
615.562484
606.224024
599.622128
614.136025
631.221545
639.114371
638.212905
628.483271
635.330331
637.728580
638.093016
644.465396
658.553026
660.723584
678.177659
668.031740
669.318688
684.231446
706.023165
726.855360
744.935193
742.581550
745.182788
745.624386
751.809325
693.764293
660.983195
636.635244
621.932908
600.450158
596.842089
590.464538
594.350422
617.087574
635.119635
646.018802
659.691931
673.232897
688.129430
678.783891
705.579898
684.088172
644.793286
616.613981
599.222297
589.017294
580.071958
578.692698
588.199927
585.966339
584.686037
595.597608
599.107195
595.458932
598.844163
603.580935
618.667315
615.972716
619.926256
625.234640
629.607131
627.460016
626.779660
628.870287
641.683917
650.153989
663.097221
670.690409
695.693923
708.847766
698.511493
718.590635
724.553300
719.442803
697.661099
646.488686
621.609846
599.685453
587.568703
599.644120
595.153795
611.919029
622.695389
627.910010
613.639078
622.986737
627.214181
635.640312
641.115439
646.663893
647.200253
658.509889
644.475014
628.276136
623.168560
636.881643
645.112201
642.834999
628.671328
633.105190
637.367074
633.733224
632.667846
663.930521
680.653298
679.460869
685.990828
684.110545
681.079147
675.967184
665.196204
674.291252
682.925111
670.823869
675.424533
685.574657
674.740044
674.264226
681.086629
695.088672
689.557512
690.049447
701.143397
704.853901
710.387494
714.468489
735.054296
734.898820
734.424089
734.905561
737.388470
739.420465
746.295473
743.301442
731.440182
713.074867
704.085191
724.700492
682.893306
667.562360
642.323517
633.870521
628.634074
628.238110
627.167047
637.824285
649.810078
643.514204
659.755064
671.510572
691.919930
693.212083
679.847013
671.681408
673.035432
663.477500
664.174059
663.122187
669.160964
677.241508
666.662511
660.343123
667.828200
653.393726
647.555318
641.814450
642.219709
639.764526
645.743251
647.931681
657.906310
661.139314
669.532410
674.395289
678.872785
683.676831
681.972728
688.937720
703.450622
700.310153
698.373401
711.097853
707.629298
691.816304
667.949984
642.455111
629.456235
610.015714
588.971238
592.236098
593.320047
592.075156
587.627453
598.885693
597.868026
604.780309
612.278208
618.229314
607.515055
612.873063
613.203295
618.135472
609.575655
603.780298
617.947246
633.377478
632.734804
634.300340
652.982434
667.476215
668.334593
675.468358
682.262500
684.216950
688.842721
714.304232
727.008538
727.584102
735.557922
737.795932
742.464450
744.059372
744.194027
735.160937
734.635937
730.506959
706.638478
673.734105
656.785834
647.630247
626.776663
606.921923
589.598838
590.054925
578.548803
568.247948
577.607666
572.312062
575.167863
586.390368
593.458150
610.179703
632.831840
629.133873
639.634595
651.933981
642.897683
647.938296
661.988256
654.480673
650.106361
652.363825
651.158574
642.454534
659.446373
680.095789
668.751242
667.914984
672.519735
679.897808
682.428104
687.432591
696.558801
707.733415
711.084474
715.807617
710.788643
704.779880
695.157131
695.003913
700.884642
707.572858
716.608341
745.708892
753.719468
762.900379
771.812189
785.988536
780.707482
767.170181
752.585494
743.820249
718.858138
706.745513
686.615936
664.620094
642.361900
638.300744
643.415966
637.280386
646.771072
639.366458
639.389145
642.712323
653.686180
662.734852
659.479856
678.129856
679.969117
669.285187
673.945592
668.957254
677.430349
679.255383
690.129802
696.495579
694.343491
695.191557
683.108032
675.600375
669.905122
671.507954
672.056911
680.136800
692.916463
707.398990
707.017794
711.340638
720.704669
724.662148
727.143905
724.203907
738.498265
745.198865
749.818852
743.822318
717.880947
700.041866
674.923920
637.514660
620.750813
605.748722
601.248022
585.835888
579.955362
581.612098
580.420907
582.602897
577.425628
588.845844
596.248559
594.692603
595.618227
588.978232
585.030526
593.723387
593.594143
619.437695
627.095731
622.856330
628.730572
629.782019
618.091849
615.400872
630.172789
641.292644
641.664969
642.038313
642.073901
656.962951
680.801189
688.696068
681.476697
675.357456
687.623210
692.806140
699.966209
708.415839
728.417760
723.414252
740.401663
763.260484
789.095474
775.471908
756.752003
706.878918
671.371508
666.503440
658.299884
646.455454
647.138854
662.907196
658.155627
642.280230
636.527054
622.408712
599.007021
605.214935
613.999242
628.887678
640.258028
634.312711
615.525980
585.600085
585.720318
594.739568
597.310730
606.496123
603.703812
593.115318
604.275085
619.446822
629.124365
642.431821
656.904205
675.741744
696.465613
727.138005
736.301602
748.421408
739.380875
705.777788
683.923927
663.194484
653.906820
645.024716
652.346393
664.987328
663.781560
658.217696
648.403106
640.115667
637.814645
658.961856
662.760443
675.316402
698.124550
709.889163
699.576361
706.287817
731.808881
752.387456
768.630285
776.898598
794.478229
808.640818
811.592801
799.192542
783.518501
750.688851
719.924462
687.195370
658.391913
633.950667
631.042090
623.205126
618.664384
607.816516
625.695688
626.396928
642.893109
668.956141
665.852973
673.610334
699.341993
716.715804
681.234817
690.421008
675.629372
637.358770
599.649644
572.262458
575.343854
576.189242
608.029278
627.706478
628.807518
620.734628
598.756122
594.335982
600.613599
636.762811
644.081138
632.532240
619.945008
627.048335
626.038040
628.330359
620.032444
602.045334
615.346076
657.432676
690.393178
710.373476
722.476237
741.902089
767.529763
796.235942
793.475631
779.601366
740.525391
696.051738
683.969524
656.926954
655.126559
674.473960
683.717016
660.073889
654.767149
649.453587
664.969629
680.454308
689.358476
704.642564
693.634953
688.834638
678.377584
670.632158
674.538938
694.517381
699.739094
679.304055
686.146931
690.416845
684.117028
692.602178
677.159064
689.885648
718.148060
740.065971
736.192803
737.250525
735.405908
740.191308
769.064089
793.716379
812.512778
801.057319
795.705273
771.641105
765.968893
737.084271
690.930117
678.408166
695.667966
726.157237
739.388853
735.314879
702.422274
694.034129
705.235090
722.270036
744.654456
775.070551
783.193989
785.157156
779.807151
781.821647
795.205925
794.411050
788.427083
791.058746
777.694006
787.873227
796.576657
795.304015
781.900268
791.670656
805.585163
813.056576
807.424557
801.703362
808.319694
812.405339
804.115728
794.041464
800.216085
806.469261
816.596302
813.885752
814.724898
842.035385
874.497506
876.688015
818.943550
727.547043
645.866735
670.606111
662.521595
657.226339
613.976371
576.933850
584.554104
607.748213
630.089683
624.545649
619.950210
638.085441
650.822915
672.706136
661.695781
625.129972
612.458162
620.046771
611.443666
595.019250
603.940295
591.316792
613.137502
644.925506
681.908100
680.690280
624.592172
536.594655
535.056048
588.356611
574.822345
586.268350
566.540560
569.782656
621.255317
649.158088
643.389136
647.208577
649.764308
659.972280
673.003437
673.288782
686.637877
691.961227
683.169916
689.329809
696.194718
671.149757
654.120803
670.977200
676.002691
716.571360
744.759792
729.316560
707.242725
686.468865
716.389412
735.751275
741.279907
737.673763
753.672481
770.686044
795.039080
830.947987
867.697997
904.753082
860.587335
735.232312
584.382529
603.225958
618.451412
593.396841
598.082127
618.038320
612.341118
619.463907
660.329538
711.235143
751.352621
752.170663
701.041707
559.347150
530.628307
558.406556
542.687146
529.938699
551.777265
566.752457
568.394437
585.229300
600.564889
595.686698
588.532170
589.920173
628.140345
658.523619
718.646820
767.376332
773.691691
655.125375
563.981471
582.540644
602.635671
627.831176
602.138865
602.516709
624.469988
613.229994
601.084327
598.655219
600.408600
607.249611
578.107475
580.436432
588.287546
623.232128
654.534451
645.687628
665.251398
699.874641
703.884900
718.732795
738.658760
748.953977
692.019614
571.536239
541.985464
537.703598
554.643260
566.110025
559.650677
535.976244
525.698153
530.206920
563.098793
602.029071
597.149748
585.429412
589.132054
630.579353
655.932466
682.229847
705.866026
748.887042
814.870299
818.595058
771.821093
625.920236
582.164031
616.282106
609.033154
586.623807
587.971247
574.301890
594.978200
606.493151
585.369866
584.158966
578.490874
606.073818
624.325507
663.483904
720.125325
744.288139
688.546726
552.445742
531.850093
562.803273
527.383305
519.906907
529.072926
537.860486
527.372697
529.556732
567.187133
574.452390
554.031190
546.937673
572.540461
615.140281
626.559826
655.630851
677.875522
632.374066
673.174760
725.143960
642.952010
512.274387
528.573779
532.102044
514.136154
508.023845
502.923760
514.304460
531.678806
513.679314
510.730429
513.064954
552.652241
603.568734
583.272655
574.693802
592.207152
605.591074
616.905496
635.710968
656.961974
662.203520
606.915907
503.375721
491.840880
546.373320
553.950599
542.445183
536.751973
532.119669
550.014367
550.513845
552.094910
555.341222
579.789603
590.932805
594.019728
586.138311
571.662265
597.344915
587.968289
596.048958
630.573730
643.530141
617.928304
625.907714
641.124307
650.474746
648.405496
663.643111
680.130411
660.220015
662.860843
759.437817
811.323864
689.420705
508.658188
506.555370
559.535234
587.926581
569.850854
524.878919
503.953521
525.277624
548.647811
566.622050
589.781855
602.618753
592.528298
595.522645
574.374877
581.368197
627.911568
623.005785
658.932074
718.021188
750.626563
755.798954
772.777776
841.345786
887.382393
804.340600
613.424058
549.126030
563.717374
568.626180
595.134198
623.423230
629.897417
650.854529
662.271808
654.249473
667.695015
647.869294
631.739329
657.034597
696.045871
731.066076
676.053676
651.344108
672.415606
752.571244
719.683743
695.638250
753.639709
785.437939
792.834849
859.081455
817.424671
586.280565
493.237130
579.706208
578.953702
541.980165
516.513723
502.350679
540.092629
603.833248
668.916388
689.530269
770.373077
862.061885
858.629684
622.947521
528.594610
628.788978
634.869556
602.727477
543.496013
557.465640
616.812515
633.727641
595.230655
605.149071
677.406611
700.410548
663.068072
626.285205
644.473776
655.550365
664.308992
692.281841
732.851611
743.453152
785.225044
863.133883
916.285079
869.559243
651.989522
539.100953
612.890408
651.766120
612.866899
589.603334
550.217147
581.464214
597.016374
591.754880
598.471279
610.962178
627.559334
603.194903
628.213851
644.181869
645.973669
635.540435
659.924025
689.964987
697.475564
691.715924
685.006980
724.038850
740.257755
762.969714
809.327281
845.169638
814.883607
658.755978
518.113415
543.910344
533.571714
550.548612
600.862819
594.755057
575.084817
549.479305
554.738056
585.094265
615.746060
635.586020
620.375658
621.799769
662.714431
654.067184
659.444525
728.451902
775.690886
773.381868
813.011493
889.024490
845.399540
638.129277
535.944146
552.634276
546.440350
590.080151
712.949705
810.247993
768.199942
664.677679
651.275462
640.146050
636.290247
668.495640
740.764705
751.594456
725.041528
744.124603
756.988908
766.709714
814.721883
849.842229
827.918781
728.974445
736.125716
765.468024
771.974735
752.267305
752.134346
755.437275
773.849377
764.481250
748.241176
764.006663
775.759164
769.018255
749.569669
730.923396
730.063772
749.554229
761.451822
752.543035
729.331224
707.463076
734.179668
748.298283
723.607910
713.854610
766.533412
777.912110
758.571372
744.509735
734.907721
760.876846
793.869430
762.435104
747.019620
766.469828
769.687701
776.054868
794.854153
798.302217
800.724549
786.971101
759.903602
752.050557
776.384640
802.081356
798.244838
816.694542
860.881739
866.797028
765.918488
685.907825
708.570895
742.677191
727.902658
671.203465
676.113126
689.767996
679.325425
647.032449
634.485300
642.710765
658.951394
663.636065
655.009235
669.511412
662.063330
626.143046
620.190863
626.770153
611.754058
612.331823
612.128000
616.658558
643.187847
661.287942
635.361480
612.397192
597.765193
616.390792
647.279336
620.141902
609.459127
600.367586
583.026788
590.400389
601.721714
583.792172
578.943639
571.371771
549.782471
544.867243
571.439757
584.364048
523.203281
532.482540
594.864436
646.862938
672.959148
655.609144
636.531098
642.082220
660.305255
650.761349
677.275221
672.385025
695.681112
721.727491
705.257747
698.487036
688.015164
695.630897
705.991681
698.280732
693.601743
697.564608
730.361990
746.175695
769.302830
794.723733
835.146608
862.255865
743.801402
564.913086
544.347379
580.379217
566.708965
545.436598
562.723701
596.746732
561.916904
496.651304
487.468049
535.661581
637.071708
695.962696
635.089906
420.271396
562.745577
NaN
NaN
NaN
NaN
NaN
NaN
NaN
NaN
NaN
NaN
NaN
NaN
NaN
NaN
NaN
NaN
NaN
NaN
NaN
NaN
NaN
NaN
NaN
NaN
NaN
NaN
NaN
NaN
NaN
NaN
NaN
NaN
NaN
NaN
NaN
NaN
NaN
NaN
NaN
NaN
NaN
NaN
NaN
NaN
NaN
NaN
NaN
NaN
NaN
NaN
NaN
NaN
NaN
NaN
NaN
NaN
NaN
NaN
NaN
NaN
NaN
NaN
NaN
NaN
NaN
NaN
NaN
NaN
NaN
NaN
NaN
NaN
NaN
NaN
NaN
NaN
NaN
NaN
NaN
NaN
NaN
NaN
NaN
NaN
NaN
NaN
NaN
NaN
NaN
NaN
NaN
NaN
NaN
NaN
NaN
NaN
NaN
NaN
NaN
NaN
NaN
NaN
NaN
NaN
NaN
NaN
NaN
NaN
NaN
NaN
NaN
NaN
NaN
NaN
NaN
NaN
NaN
NaN
NaN
NaN
NaN
NaN
NaN
NaN
NaN
NaN
NaN
NaN
NaN
NaN
NaN
NaN
NaN
NaN
NaN
NaN
NaN
NaN
NaN
NaN
NaN
NaN
NaN
NaN
NaN
NaN
NaN
NaN
NaN
NaN
NaN
NaN
NaN
NaN
NaN
NaN
NaN
NaN
NaN
NaN
NaN
NaN
NaN
NaN
NaN
NaN
NaN
NaN
NaN
NaN
NaN
NaN
NaN
NaN
NaN
NaN
NaN
NaN
NaN
NaN
NaN
NaN
NaN
NaN
NaN
NaN
NaN
NaN
NaN
NaN
NaN
NaN
NaN
NaN
NaN
NaN
NaN
NaN
NaN
NaN
NaN
NaN
NaN
NaN
NaN
NaN
NaN
NaN
NaN
NaN
NaN
NaN
NaN
NaN
NaN
NaN
NaN
NaN
NaN
NaN
NaN
NaN
NaN
NaN
NaN
NaN
NaN
NaN
NaN
NaN
NaN
NaN
NaN
NaN
NaN
NaN
NaN
NaN
NaN
NaN
NaN
NaN
NaN
NaN
NaN
NaN
NaN
NaN
NaN
NaN
NaN
NaN
NaN
NaN
NaN
NaN
NaN
NaN
NaN
NaN
NaN
NaN
NaN
NaN
NaN
NaN
NaN
NaN
NaN
NaN
NaN
NaN
NaN
NaN
NaN
NaN
NaN
NaN
NaN
NaN
NaN
NaN
NaN
NaN
NaN
NaN
NaN
NaN
NaN
NaN
NaN
NaN
NaN
NaN
NaN
NaN
NaN
NaN
NaN
NaN
NaN
NaN
NaN
NaN
NaN
NaN
NaN
NaN
NaN
NaN
NaN
NaN
NaN
NaN
NaN
NaN
NaN
NaN
NaN
NaN
NaN
NaN
NaN
NaN
NaN
NaN
NaN
NaN
NaN
NaN
NaN
NaN
NaN
NaN
NaN
NaN
NaN
NaN
NaN
NaN
NaN
NaN
NaN
NaN
NaN
NaN
NaN
NaN
NaN
NaN
NaN
NaN
NaN
NaN
NaN
NaN
NaN
NaN
NaN
NaN
NaN
NaN
NaN
NaN
NaN
NaN
NaN
NaN
NaN
NaN
NaN
NaN
NaN
NaN
NaN
NaN
NaN
NaN
NaN
NaN
NaN
NaN
NaN
NaN
NaN
NaN
NaN
NaN
NaN
NaN
NaN
NaN
NaN
NaN
NaN
NaN
NaN
NaN
NaN
NaN
NaN
NaN
NaN
NaN
NaN
NaN
NaN
NaN
NaN
NaN
NaN
NaN
NaN
NaN
NaN
NaN
NaN
NaN
NaN
NaN
NaN
NaN
NaN
NaN
NaN
NaN
NaN
NaN
NaN
NaN
NaN
