NaN
NaN
NaN
NaN
NaN
NaN
NaN
NaN
NaN
NaN
NaN
NaN
NaN
NaN
NaN
NaN
NaN
NaN
NaN
NaN
NaN
NaN
NaN
NaN
NaN
NaN
NaN
NaN
NaN
NaN
NaN
NaN
NaN
NaN
NaN
NaN
NaN
NaN
NaN
NaN
NaN
NaN
NaN
NaN
NaN
NaN
NaN
NaN
NaN
NaN
NaN
NaN
NaN
NaN
NaN
NaN
NaN
NaN
NaN
NaN
NaN
NaN
NaN
NaN
NaN
NaN
NaN
NaN
NaN
NaN
NaN
NaN
NaN
NaN
NaN
NaN
NaN
NaN
NaN
NaN
NaN
NaN
NaN
NaN
NaN
NaN
NaN
NaN
NaN
NaN
NaN
NaN
NaN
NaN
NaN
NaN
NaN
NaN
NaN
NaN
NaN
NaN
NaN
NaN
NaN
NaN
NaN
NaN
NaN
NaN
NaN
NaN
NaN
NaN
NaN
NaN
NaN
NaN
NaN
NaN
NaN
NaN
NaN
NaN
NaN
NaN
NaN
NaN
NaN
NaN
NaN
NaN
NaN
NaN
NaN
NaN
NaN
NaN
NaN
NaN
NaN
NaN
NaN
NaN
NaN
NaN
NaN
NaN
NaN
NaN
NaN
NaN
NaN
NaN
NaN
NaN
NaN
NaN
NaN
NaN
NaN
NaN
NaN
NaN
NaN
NaN
NaN
NaN
NaN
NaN
NaN
NaN
NaN
NaN
NaN
NaN
NaN
NaN
NaN
NaN
NaN
NaN
NaN
NaN
NaN
NaN
NaN
NaN
NaN
NaN
NaN
NaN
NaN
NaN
NaN
NaN
NaN
NaN
NaN
NaN
NaN
NaN
NaN
NaN
NaN
NaN
NaN
NaN
NaN
NaN
NaN
NaN
NaN
NaN
NaN
NaN
NaN
NaN
NaN
NaN
NaN
NaN
NaN
NaN
NaN
NaN
NaN
NaN
NaN
NaN
NaN
NaN
NaN
NaN
NaN
NaN
NaN
NaN
NaN
NaN
NaN
NaN
NaN
NaN
NaN
NaN
NaN
NaN
NaN
NaN
NaN
NaN
NaN
NaN
NaN
NaN
NaN
NaN
NaN
NaN
NaN
NaN
NaN
NaN
NaN
NaN
NaN
NaN
NaN
NaN
NaN
NaN
NaN
NaN
NaN
NaN
NaN
NaN
NaN
NaN
NaN
NaN
NaN
NaN
NaN
NaN
NaN
NaN
NaN
NaN
NaN
NaN
NaN
NaN
NaN
NaN
NaN
NaN
NaN
NaN
NaN
NaN
NaN
NaN
NaN
NaN
NaN
NaN
NaN
NaN
NaN
NaN
NaN
NaN
NaN
NaN
NaN
NaN
NaN
NaN
NaN
NaN
NaN
NaN
NaN
NaN
NaN
NaN
NaN
NaN
NaN
NaN
NaN
NaN
NaN
NaN
NaN
NaN
NaN
NaN
NaN
NaN
NaN
NaN
NaN
NaN
NaN
NaN
NaN
NaN
NaN
NaN
NaN
NaN
NaN
NaN
NaN
NaN
NaN
NaN
NaN
NaN
NaN
NaN
NaN
NaN
NaN
NaN
NaN
NaN
NaN
NaN
NaN
NaN
NaN
NaN
NaN
NaN
NaN
NaN
NaN
NaN
NaN
NaN
NaN
NaN
NaN
NaN
NaN
NaN
NaN
NaN
NaN
NaN
NaN
NaN
NaN
NaN
NaN
NaN
NaN
NaN
NaN
514.509172
617.707686
652.474695
697.449752
766.978614
843.451437
881.273293
896.996837
891.802696
879.747426
861.858982
848.225787
851.763270
854.800252
852.428882
844.011234
832.633264
816.368576
798.788438
782.911933
769.281094
760.054301
756.624463
753.805015
751.957748
752.538873
755.443608
761.744935
771.452419
783.975911
796.071203
803.017062
805.265556
806.246038
804.404824
799.227797
792.892465
784.111649
772.049716
760.096603
749.724512
743.331117
739.722166
740.371294
744.347188
752.813579
764.389825
776.844536
787.058659
794.948615
800.292586
801.979330
800.296245
795.070166
789.080920
782.893181
778.384240
775.341547
772.840307
770.749285
769.539965
769.854927
771.119124
772.159799
771.622208
769.238569
765.339266
762.136764
760.976650
761.214613
763.290268
767.178420
770.752537
773.610812
775.912953
778.310316
780.647250
782.533588
785.353441
787.818515
788.227395
785.988169
781.064811
775.553679
770.731116
767.015277
765.099557
764.600555
764.939900
764.815260
764.716488
764.919383
764.795511
765.142386
766.749150
768.306594
770.317396
771.024578
769.788254
768.051452
766.696825
766.848085
767.465073
767.499144
768.133773
768.333051
767.902539
768.007323
768.471745
768.924525
769.239117
769.601904
770.467354
771.737093
773.033060
775.004244
777.091878
779.481870
782.177269
783.897962
783.874788
782.043166
779.196691
775.808819
773.720669
772.034124
770.433237
769.620227
768.351780
767.049149
765.421052
765.274530
766.510392
767.496903
767.269127
766.493605
765.654245
764.803108
764.008737
763.316390
764.324442
766.944644
770.463994
773.891581
776.670255
779.655553
782.785762
785.298154
786.365904
788.600981
791.077341
793.630749
794.830994
793.831149
792.277085
789.612922
785.665756
780.754664
774.907769
769.912897
766.256747
765.334789
766.959924
770.018813
772.555143
774.080885
774.305351
773.680828
773.562532
773.241789
772.507073
771.367601
770.723724
770.579299
770.734420
772.044156
772.433788
771.693524
770.183213
768.639129
767.465622
768.511860
771.427020
777.237944
782.943791
787.869889
791.878659
793.861539
794.055735
792.604324
789.546368
786.253994
783.756515
782.830429
783.558785
785.037646
786.260470
786.201756
785.022019
783.563636
781.490606
780.759589
781.397943
782.412170
785.127230
789.689150
795.884915
801.371443
805.720744
808.435079
808.977155
808.056278
807.073119
807.301828
807.161369
806.732693
805.043636
802.315222
798.973804
796.938628
795.405323
793.125302
789.310058
786.575307
785.551866
785.285661
785.593983
786.139534
786.599820
787.939181
789.644914
792.463663
796.392630
799.960205
802.915476
804.991780
805.493281
805.237593
805.541446
805.499026
804.264739
801.441939
797.246152
793.552205
792.456250
792.430141
793.228628
794.299407
795.504123
797.658885
799.288812
800.062627
799.860474
799.788175
798.696533
797.305338
795.821848
794.114098
791.840430
789.502033
787.912433
787.136346
787.962860
789.378756
792.121232
795.189242
797.458962
797.086755
794.211536
789.942552
784.676426
779.145028
775.301477
775.043490
777.611521
781.640295
787.025416
792.234705
796.377828
798.293683
797.606358
795.926869
793.753973
791.893210
790.674397
788.563552
785.396891
781.557858
776.960633
775.007607
776.229728
779.231521
783.662218
788.105105
791.662399
795.228538
797.922179
799.133447
796.874762
792.643423
787.239046
782.256360
779.375384
780.065760
782.160956
784.779007
788.917125
791.874914
791.879086
791.460163
791.002858
790.325376
789.816901
790.081389
791.345222
790.536242
788.974186
787.550238
787.052407
786.776377
786.660852
785.798437
784.352959
782.480143
781.286720
781.666676
784.240118
788.606553
794.350162
800.085023
804.460990
808.072962
811.906923
815.810438
818.070904
816.130132
811.230942
803.856797
795.272750
787.567786
783.964441
784.555071
786.754598
788.778272
790.791906
793.553750
794.900659
794.668586
795.267216
795.083040
794.365509
793.264095
790.989868
788.875515
786.124291
782.387370
779.466891
776.195748
773.355976
772.415735
772.259735
771.618544
771.490689
772.964266
777.313615
782.662401
788.398588
794.560536
799.967030
804.049381
804.839766
803.828429
801.801710
801.979382
803.896870
805.576982
806.864634
807.310576
805.837263
804.013748
802.781785
803.277433
804.327402
805.531232
807.039316
808.137683
808.111645
806.853844
805.252127
801.675735
798.157330
794.782272
790.178111
786.144290
783.775768
782.374566
780.689300
778.992919
776.342131
773.714094
773.164223
774.459878
775.092203
774.057596
772.087719
770.621821
770.439979
769.963814
768.422631
766.592706
764.961010
762.241509
759.828347
758.273634
755.605564
752.535291
751.749152
752.839375
754.563712
756.544763
759.212553
762.309733
763.511339
763.397851
764.249890
767.069869
770.703996
775.268705
779.182538
781.739979
783.235883
782.951425
782.028098
782.440442
784.166580
785.638881
786.474736
787.687862
788.022983
788.561818
789.135275
790.269963
791.544335
794.185907
796.320835
797.789718
798.413948
797.676470
794.554580
793.193039
792.559780
791.497091
790.621134
789.777643
790.090485
790.954715
789.527060
790.170200
792.373590
794.198470
794.245456
791.852699
788.997515
787.535169
787.436560
786.786174
785.695898
783.790372
781.368498
780.422327
779.254515
777.948366
776.815128
774.457786
771.418989
768.693988
766.523548
765.668130
767.267338
770.171507
773.189769
775.978033
778.678244
780.866615
781.862441
782.330680
782.345722
781.846251
781.341541
780.658307
780.016395
779.900313
781.355341
783.491765
785.630744
787.717636
788.584044
788.790134
788.948127
789.790814
790.888031
792.699931
795.279168
797.211801
799.848906
803.219110
806.391683
810.035860
813.723593
816.624421
818.093989
818.341670
817.613496
814.895846
811.170650
806.411021
802.503735
800.227033
799.120577
798.481361
796.540442
795.134729
793.723210
793.476781
794.930675
796.761939
796.897409
796.453124
797.171086
796.592802
794.752341
792.919093
793.007915
793.503381
793.470612
794.772954
796.447052
797.620930
797.514401
797.076721
797.235815
796.574852
796.148446
795.940066
795.177182
795.084802
795.633689
797.826131
800.299156
802.929546
803.924259
803.984682
804.009269
802.728240
799.504637
796.203197
794.800508
793.950156
794.042204
792.151352
789.090692
787.626881
786.082570
783.859665
781.458614
779.306419
777.572424
776.678570
776.217314
776.685158
777.127742
777.998719
779.035855
780.502855
781.932459
782.109159
782.117070
783.352848
783.498151
782.881383
781.454609
778.274976
775.807162
774.291583
771.866866
768.531124
768.050798
768.781992
770.317990
773.297835
777.041307
780.160475
782.173343
783.848247
785.234540
786.355957
786.998756
787.923215
789.439676
790.483024
790.969658
791.642250
790.995235
789.813973
789.008670
787.901775
787.410649
788.105242
789.070305
790.812563
789.388918
786.191949
783.015789
781.351310
781.610729
781.281599
779.454553
776.990674
774.279188
772.003909
770.244165
769.044324
766.763912
763.197553
762.356055
763.336785
765.598274
768.199454
772.042313
774.396749
774.287336
773.451055
771.815754
770.685621
769.882458
769.145468
769.226672
769.905848
770.989016
772.030831
771.640702
769.027687
765.814681
762.339614
759.308474
757.820335
758.231844
758.492844
758.550216
761.088370
763.033651
763.136179
763.464031
764.064550
764.132520
763.912660
765.053110
768.624901
772.620682
776.135404
779.885584
783.422811
785.213482
785.431917
784.981556
784.754219
785.142300
785.373286
785.597353
786.459175
788.652416
791.153357
793.500860
794.276098
794.203536
792.933074
791.989511
791.345789
789.933419
787.711725
786.740211
785.575121
783.867497
783.594691
784.428734
785.469317
786.410927
787.223337
789.076814
790.657106
790.977384
788.536809
786.221043
783.300639
781.086049
780.048228
781.121835
784.141189
786.927600
787.598250
787.009396
785.853079
784.939750
783.391622
783.109575
783.271125
784.524055
786.541876
789.062103
791.394164
793.416900
794.699019
795.444057
795.179371
794.312028
793.057721
790.974672
788.832173
785.921963
783.384645
781.262739
779.417312
777.782919
776.243001
775.883242
776.588829
776.164485
773.298786
768.821125
764.091513
760.007643
755.306235
751.497675
748.936575
748.480786
751.351318
755.741281
757.140522
756.640084
755.349301
753.529476
752.247432
750.174555
748.582487
747.362677
748.084455
749.239940
750.900816
752.701712
756.443183
761.249202
766.352280
771.046057
775.471129
778.498999
779.838171
780.122646
780.417768
780.126301
779.238833
777.157861
774.511335
771.812314
769.760748
768.214524
768.748430
770.968808
773.668133
776.962284
779.359464
781.314730
781.305713
779.866736
779.314488
778.204856
775.929822
772.900917
768.956373
765.237930
762.890300
761.652499
759.658386
758.632548
759.014943
760.558296
760.641451
758.624094
756.128799
753.550503
752.144449
753.220138
755.772312
759.583357
761.144007
760.724504
760.926029
762.221775
764.140133
764.996056
764.250510
761.642050
757.981386
754.586490
752.020373
750.801926
750.506834
751.785211
755.354503
759.266385
762.763415
765.079691
766.439263
765.587595
763.041822
760.740770
758.061967
754.024089
749.657747
745.924062
743.998500
742.732704
742.529172
742.586869
743.725817
745.887480
749.271314
753.645644
758.407320
763.833574
769.083571
773.493757
776.175122
777.257599
777.981032
778.383218
779.651981
782.184555
785.384214
787.852079
789.728425
791.022927
792.641033
794.099578
795.340563
796.944238
799.353848
801.693614
802.611045
803.209652
802.880473
801.422828
801.336635
801.516322
802.121642
802.920992
802.382312
800.370644
798.198978
797.609124
797.241757
796.621575
796.254663
798.228104
801.474338
803.422060
805.714470
807.135752
807.567110
807.321782
807.018529
807.259396
807.862874
808.521144
810.054156
812.535985
814.070071
815.183643
814.801635
812.923290
810.844384
809.612476
809.762122
810.032639
809.101850
808.476473
809.013151
808.981267
807.356056
804.098092
802.467637
802.295772
802.475899
802.590309
802.641536
802.937430
803.664595
804.723002
805.318405
806.243397
807.464820
807.698571
808.519934
808.922843
806.981402
804.842344
802.221670
798.927814
795.939514
795.092294
795.800083
797.282552
798.542932
798.457823
798.891115
799.874468
800.443484
801.106527
803.278879
804.249140
805.320463
806.526419
805.698500
803.327633
802.241969
801.962700
800.926782
801.204446
801.512002
802.631044
805.234354
806.839478
807.043000
808.141572
808.966120
807.765253
806.861916
806.890075
808.091269
810.666501
812.283704
813.595100
814.914059
816.261355
816.857557
816.983891
816.172182
815.640138
815.827872
815.080165
814.625925
815.038796
815.326117
815.528357
816.707192
817.034880
817.834179
818.103189
817.098636
816.841202
818.126480
819.596855
819.830791
820.266940
820.839040
821.554828
823.309528
825.351469
826.893144
827.219943
827.115732
827.489648
828.146644
827.535171
827.210363
828.491025
829.898832
831.205739
832.387535
832.412451
832.524461
833.523963
834.077366
833.634369
833.385764
833.032168
833.091976
832.462488
832.580989
833.055741
833.302333
834.269001
833.810720
832.312521
831.273433
831.425239
831.425511
830.692646
830.309460
830.536802
831.433888
831.836158
831.785169
831.768392
831.383124
831.474139
831.569300
831.329266
830.492361
829.507633
830.030784
830.977353
830.983107
830.294831
829.692885
829.433087
829.072709
829.216867
830.631491
832.146328
833.018516
833.846804
834.110150
834.022257
834.389534
834.847560
835.326224
835.371007
836.318632
837.435041
838.402395
838.302256
837.167905
836.558938
836.026630
836.110907
836.557733
836.647774
837.046260
837.587291
838.737872
838.621516
838.814128
839.538404
840.411447
841.329718
842.202941
842.784803
843.869030
845.563778
847.611856
849.860849
851.065132
851.767652
851.564452
851.453722
851.473872
850.816916
849.651740
847.468645
845.119787
843.084825
841.407420
841.090762
841.890790
842.359233
842.909501
844.526138
845.649832
846.181080
847.048247
848.710283
850.853423
853.388037
855.788027
857.285052
858.151566
859.562268
860.134003
860.941867
862.124477
862.273395
861.431386
861.548913
861.871949
861.796559
861.558013
861.271082
861.352861
861.485280
860.861021
860.237369
859.418535
858.081758
857.776641
858.394862
858.982891
859.014922
858.940114
858.462784
857.214185
857.462909
858.415593
858.695740
859.019200
859.020400
859.815090
861.718113
862.777608
864.478895
865.333444
865.049629
865.063771
865.512655
866.133195
867.363823
867.989684
867.564925
865.566150
863.891599
862.183028
860.181508
858.784088
858.819599
859.507524
861.003862
862.595718
864.151430
865.003654
865.551278
865.328983
864.085879
861.868896
859.924785
858.431574
856.444577
855.448518
855.486723
856.679778
857.354636
857.850500
858.254381
858.095399
857.308827
856.289728
854.227302
852.556026
851.863779
851.170397
849.295289
848.868994
848.846262
849.247950
850.108319
851.895856
851.920272
852.055871
852.458114
852.848884
853.285826
853.272539
853.058992
852.701044
853.279875
854.155787
855.159561
856.149014
856.995770
857.039273
857.122830
857.018462
857.101396
857.503933
857.595257
858.296652
857.996455
857.293070
858.117488
859.725348
860.575309
862.059300
864.534244
866.730583
868.337858
870.094481
872.134943
873.973977
876.024990
878.298552
880.779127
883.558888
886.255390
887.917173
888.633369
888.377496
888.064885
888.141701
887.400251
886.396445
885.857668
885.470474
885.033364
884.776721
884.362104
883.316666
882.912113
882.729335
883.038694
882.638736
881.803910
881.389216
881.953876
882.336722
882.449189
883.282659
884.451813
886.397870
888.348078
890.140276
891.239611
892.028908
892.241678
893.153726
894.531289
896.002939
897.195453
898.441110
899.551001
900.853506
901.533392
902.047464
904.044980
905.890722
906.919484
908.163751
909.183234
909.270763
909.375779
909.546767
909.575027
910.488524
911.142547
911.051893
910.951254
911.145666
910.233565
908.884731
907.674149
906.918038
905.770585
904.734624
904.154512
903.492337
902.646439
901.933660
901.995067
903.166164
904.729879
906.088940
907.250083
908.448405
909.591762
910.614702
910.583726
909.778227
909.709821
910.397377
911.843215
912.439882
912.738503
912.968045
912.655111
912.073891
912.500889
912.943854
912.020658
910.684948
909.752657
909.300400
909.995592
910.838898
910.942590
911.014109
911.015309
911.001296
910.750122
910.717141
910.654119
910.839798
911.134237
910.830383
909.789531
908.698187
908.703525
909.285967
909.842214
910.863408
912.837365
915.129509
915.860986
915.684343
915.179750
913.523247
910.626642
907.136449
903.770131
900.913041
898.262416
896.169615
895.148721
894.115607
893.299022
891.284083
889.200871
887.457136
885.983196
884.635071
883.968246
883.940736
883.169575
882.452020
882.221970
882.344104
881.817719
881.175236
879.746389
878.736102
877.684564
875.955832
874.357515
872.707959
870.466526
868.084420
866.250614
864.785247
864.077839
863.641768
863.181141
862.194676
860.714054
858.171422
855.422754
853.641730
852.085732
849.994753
847.221126
845.006411
843.156441
841.582416
840.387837
839.093686
837.368951
835.432856
835.399310
837.029134
838.946665
840.989041
842.500179
843.139149
842.918080
842.301531
841.209894
839.875045
837.711947
834.645723
832.063125
830.093319
829.204514
829.840355
830.909792
831.307186
830.851344
830.822994
830.983356
831.436847
831.682118
831.811151
832.061565
832.199705
831.942688
830.808832
829.435343
829.454687
830.490888
830.908745
831.112081
831.432107
832.092339
832.789230
832.808570
831.917876
831.060804
831.019527
831.566637
832.846867
834.883362
836.721102
837.648026
838.518351
839.451913
840.227073
840.513545
840.075461
839.532900
838.733831
837.689899
836.470653
835.160555
835.016758
835.298974
835.215757
835.066728
835.103279
835.008288
835.063876
834.722769
835.015151
836.140515
837.342740
837.765821
837.554107
836.579034
835.354067
834.388550
833.157019
832.248072
831.244740
830.315471
829.700268
830.280547
831.020659
831.906555
833.334307
833.509830
831.896725
830.064486
828.435940
826.656955
825.363868
824.997041
825.175191
826.300466
827.136137
828.467141
829.373278
829.735184
829.408840
829.111253
829.353779
829.976387
830.491833
830.414593
830.207915
829.927959
829.840331
829.618372
829.131919
828.974123
828.942366
829.112641
830.017580
830.885518
831.313277
831.883132
832.588282
832.871393
832.978609
831.774549
829.396117
826.943343
824.797136
824.178269
824.360084
824.842618
825.005285
824.985255
825.247621
825.631291
825.357910
824.558644
824.779694
825.860803
827.266060
829.047370
829.743009
829.943124
830.732506
830.660024
829.172538
828.944712
829.533254
831.298082
833.065708
834.107668
834.915072
835.056912
835.035235
835.494225
835.539388
834.746181
833.324507
832.146857
832.320665
833.020024
833.402868
833.277323
833.366180
833.621263
833.904687
834.736645
835.337346
834.783643
833.697837
832.100284
831.052740
829.425120
827.855100
827.189064
826.867947
827.024757
827.194020
827.591944
829.127219
830.210164
829.899279
828.276578
826.375192
825.208534
825.513640
825.605272
825.511923
825.794480
825.261334
824.401828
823.948957
823.938636
824.456488
824.237827
824.592647
825.331520
826.431953
827.847885
829.190801
829.537600
829.028025
828.320817
827.660267
826.786342
825.957137
826.015680
826.728220
826.897230
827.807356
828.857580
829.219061
829.271151
829.465686
829.706243
829.239027
828.339859
827.428154
826.512104
825.683533
824.440983
823.206972
821.772546
820.048675
818.619536
817.602598
817.929468
819.019489
819.367113
819.724507
819.578297
819.435693
819.002547
818.978242
818.932176
819.649689
820.903449
822.029344
822.145560
821.037418
820.181319
819.316867
819.207998
819.266083
819.153663
818.212708
816.904196
816.064806
816.508317
817.888491
818.785766
819.958835
821.780147
824.123506
826.325421
828.420105
828.372373
827.708052
826.342268
824.846292
824.702427
825.567183
827.500425
829.388280
831.570705
833.533498
834.635378
834.771639
833.599404
832.165802
831.372900
830.692437
829.966732
828.925545
828.246497
827.706767
827.150863
828.059145
828.679360
828.696024
828.958158
830.116206
830.924682
831.146528
831.266484
831.097301
830.694210
830.666729
831.998535
833.852855
834.887251
835.242615
835.916966
837.103219
837.217303
836.314592
835.206548
834.331310
833.177501
833.391978
834.501249
835.229474
835.739857
835.442073
835.191318
834.542776
833.939530
833.900934
833.822711
833.019115
831.332499
829.104883
826.474263
824.127636
822.133688
820.688007
820.637734
821.216768
821.976450
823.298444
825.640979
827.327818
828.807004
830.140766
830.745617
830.101836
828.294281
826.957659
825.886692
825.754656
826.475883
827.387676
827.915908
828.000394
828.013489
828.758185
830.248464
831.183494
831.316445
831.360446
832.118284
833.570542
834.964214
836.206785
838.040447
840.414092
843.217325
845.504169
846.265205
846.423993
847.362292
848.725363
848.954022
847.866496
846.569848
845.842451
845.692140
845.707932
845.442618
844.702817
844.199721
844.467900
844.191114
842.983163
842.320966
841.715473
841.784597
842.755744
844.296179
845.744007
847.280447
848.102733
847.824654
847.024494
845.771075
844.011916
842.003907
840.324164
839.142269
837.967483
838.134420
838.834991
839.599389
839.563129
838.750634
837.713656
836.538187
835.641724
836.151745
836.845954
838.052192
840.247643
842.514418
843.193215
843.305008
843.495728
844.008134
844.979091
845.984754
847.122664
848.361566
849.685855
850.561026
851.162076
851.397742
850.869513
849.129843
846.206380
842.243426
839.163573
838.288217
838.050318
838.042382
838.028482
838.264175
838.384626
837.464911
836.583547
835.601135
835.363931
835.822307
836.683471
837.245011
838.228262
838.716558
839.487623
840.245998
840.326388
839.155801
837.509803
836.951615
838.114618
840.696233
843.382325
845.012323
846.245488
846.968829
846.626235
846.280918
846.838581
847.828786
849.015040
850.010048
852.139681
853.650944
854.037108
853.060252
851.158879
850.016661
850.614296
852.104475
852.918475
853.148451
854.076906
855.454520
858.034184
860.670500
862.889105
864.156241
864.947439
865.898636
865.434168
863.264173
860.621378
858.282398
856.538770
856.210612
857.039205
857.984944
860.004131
863.098410
866.180610
870.229585
874.346514
877.719610
879.435332
879.879938
878.342503
876.155218
873.753395
871.999903
871.839721
872.518938
873.021084
874.236240
874.749370
873.524972
871.956640
870.467931
869.029429
867.482626
866.691911
866.137264
865.276797
864.211642
862.643127
860.947525
860.124406
859.606836
860.080911
861.507039
862.929409
864.703318
866.700573
867.890890
868.223997
868.481558
867.455984
864.831580
861.734558
859.385542
857.593158
856.610895
856.314405
856.005389
856.718008
857.624651
858.971766
861.682029
864.158529
865.426054
865.078940
863.816639
862.328307
860.588466
858.442482
856.474177
854.599968
852.779386
851.782324
852.184316
854.204056
856.694437
858.643899
860.677448
862.125250
861.829464
860.622958
858.982451
855.845520
852.100567
848.378855
845.236220
843.282459
843.148865
844.757778
846.911713
849.511606
852.962978
856.718446
860.301143
862.608801
863.650419
862.394063
860.792140
859.719254
859.418687
858.961013
859.098750
860.589321
862.467023
865.250171
867.729224
868.945716
868.503802
867.796683
868.577562
869.821160
871.951026
874.171094
875.282679
876.195991
877.425841
877.761429
877.540881
876.128609
873.732468
871.545955
869.831058
868.818743
867.128236
864.338054
861.773136
859.855572
859.007894
858.307905
857.358613
855.456755
853.702244
853.916602
855.058339
856.731873
858.749311
861.166864
863.008852
864.318763
865.995547
867.248633
867.856257
868.136156
868.851571
870.044344
871.237090
871.286447
870.943725
871.355698
873.167447
875.230617
877.370508
880.143530
882.734885
884.343506
884.321710
883.348552
881.358016
878.699848
875.632079
871.798976
867.639732
864.463117
862.648298
861.863742
862.271441
863.281736
864.219229
864.844272
865.114358
865.767377
867.032783
866.967716
866.082414
863.835934
860.313654
856.268831
852.542860
850.305484
849.848445
851.003111
852.741607
855.677836
859.216186
862.916446
865.849046
867.698780
868.608986
868.890656
869.498630
870.032701
869.416857
868.111316
865.935476
863.165082
861.454593
860.573400
859.335003
857.809412
856.578967
855.386998
853.858111
852.882414
853.109857
853.511457
853.524961
853.715087
854.665831
855.312495
856.062893
856.036893
855.572327
854.508218
853.497302
852.302944
851.945159
851.704716
850.823877
850.479279
849.967869
848.204253
846.351661
844.311670
841.518178
838.347897
835.180780
833.112759
831.895359
831.340480
831.746090
832.973039
835.076337
839.107543
843.489324
846.860375
848.628456
848.832937
847.741063
845.998806
844.638909
843.532579
843.287211
843.225764
844.473634
846.408024
849.382255
852.150721
853.824490
853.653159
851.386189
848.527668
845.904213
842.868523
839.276740
835.266580
831.667850
828.682343
827.108738
826.785214
827.720436
829.560148
832.477477
834.999627
837.159852
837.787773
837.037387
835.988711
835.407504
835.310577
834.748974
834.668995
835.593451
836.742929
837.794103
838.452432
838.487369
837.637707
836.550349
836.923170
838.872374
841.664164
843.573982
845.433279
845.786904
844.282887
841.476966
837.533355
833.632394
829.890479
826.077857
823.837601
822.518311
821.754882
821.264572
821.946376
823.540385
825.905209
828.811224
832.284035
835.825480
839.609246
843.418218
845.892778
845.726416
842.549194
837.722598
833.117755
827.900767
823.041282
820.059356
819.305964
819.198332
819.476905
819.779622
820.020400
820.159977
821.265756
823.936775
826.019884
826.439171
824.868930
822.900677
821.848872
820.467431
819.041215
818.216764
817.085624
816.990572
817.048416
817.288333
817.355790
816.512935
815.187756
814.146693
813.467999
814.085992
816.167877
819.916571
824.111101
827.446677
830.372772
831.761464
831.686250
831.010723
829.811751
828.631511
828.271690
828.739697
830.661783
832.775170
833.787859
833.942313
834.046407
832.667215
829.485080
825.570248
822.079577
819.664523
818.299600
818.298646
820.118381
822.940721
825.831223
829.325363
832.308849
833.142722
830.881102
827.467329
823.559698
819.761310
817.162116
814.466435
812.993619
812.519204
812.303485
811.489799
810.201406
809.595917
809.431692
809.468050
809.800850
810.277588
809.625672
809.292380
809.479408
809.855448
810.515521
810.908038
810.571285
810.878360
811.156409
812.004175
812.767786
812.662877
812.112802
810.965070
810.180992
809.398862
810.152730
810.373048
808.222875
805.904503
803.395822
801.023385
799.275876
797.857213
797.108365
798.003764
799.801795
801.929715
803.174339
803.879414
803.938851
803.575717
802.580188
802.009981
800.684215
798.383852
796.801623
794.860720
792.547547
791.915480
794.425696
797.550742
799.730944
802.210438
803.537103
804.461720
804.340285
803.560724
802.878179
801.534022
801.077054
800.489642
798.077114
795.127050
794.967732
795.589704
796.400816
797.773279
798.451181
798.310189
797.375508
796.803510
797.014598
798.656875
799.839592
799.298245
796.807495
793.706655
789.198233
785.408299
783.248644
780.858118
779.523772
778.850553
777.473740
773.890227
770.930939
769.523732
769.717101
771.442095
774.374690
778.182784
782.870334
787.502664
791.764602
795.613865
799.516004
802.065436
802.345929
801.422218
801.446862
801.376129
801.370399
801.913856
802.097774
801.748153
801.009939
799.088993
798.139828
797.914855
797.375136
797.518386
797.539699
796.905901
796.204182
796.692813
798.176555
799.306851
801.217152
804.136981
807.257766
810.283271
814.071632
817.925434
821.858378
824.858301
826.692504
827.281958
826.554303
825.225266
821.653480
816.214709
812.624268
810.154645
808.069975
806.101281
803.397559
801.114791
800.475579
801.146920
803.544381
805.147829
804.311916
802.254588
801.137081
800.930529
800.993317
802.263145
805.657982
808.607907
811.398518
813.515977
816.023753
819.152290
821.865533
825.656902
829.707062
832.991504
834.803700
835.569813
835.754136
836.423902
837.615580
838.404628
838.996301
840.643331
843.164865
845.988867
847.437064
848.401149
849.316977
850.436735
851.902846
854.458841
857.732547
860.650224
864.427454
869.105217
872.640249
875.070404
876.216926
875.301286
873.600279
870.751914
866.796524
862.563148
858.187743
851.688079
844.057760
837.419775
832.506215
827.649984
823.490494
821.877373
821.829570
821.686952
821.108800
821.270345
821.883318
822.655256
823.736692
826.123842
829.065690
831.415700
833.194149
835.329686
837.957759
840.580403
842.645361
843.661069
844.492054
846.859079
850.134158
852.881116
854.779611
856.292675
857.663338
858.968784
860.299515
861.009108
862.019766
862.508438
863.147270
863.680802
864.105105
864.074485
864.086213
864.334159
863.910741
862.566902
860.465121
858.176932
856.703554
856.090792
857.086671
859.808466
863.736812
867.934065
871.873991
875.308896
878.674727
881.755283
884.437559
885.271713
884.920224
884.736809
884.509834
884.422426
884.501328
883.618734
882.204480
880.266873
877.240245
873.328053
869.204561
866.048546
863.153499
861.155866
860.690977
862.009626
863.969112
867.884410
872.942007
878.378010
883.670590
888.164878
890.700439
891.872320
894.113439
897.082507
899.916956
901.682825
902.695596
904.412786
903.158705
898.492449
893.180334
888.777953
886.912165
887.291546
887.998986
888.669037
890.286805
892.130194
892.754403
891.473808
889.072361
886.193366
883.797488
882.062170
881.442602
880.732150
880.463351
880.573220
881.446026
883.138077
884.200856
883.411966
880.386224
878.360236
876.761353
875.157589
872.979106
871.275209
871.204896
870.487945
868.192578
865.852693
864.111284
863.963317
863.111965
862.037973
860.934914
859.326862
858.364737
858.699215
859.549236
860.955941
862.436450
864.150090
866.740235
869.483194
871.466900
871.102296
869.560546
867.904196
865.574159
862.628194
859.797901
856.432713
853.891872
853.764949
856.475310
861.248393
867.484128
874.541475
881.208676
887.604204
892.608912
895.432527
896.259386
895.936465
895.605143
896.195594
896.211281
896.500237
897.678123
898.970599
898.821440
895.831863
887.859845
877.005740
865.539037
856.188714
849.137677
845.463187
844.081561
843.638217
844.498706
846.162414
849.130299
854.093896
859.814054
866.116795
873.138285
880.164763
886.462990
892.097647
897.630810
902.795016
905.257228
904.115701
900.056971
894.038869
886.542682
880.072414
875.556130
870.898511
866.415502
864.677800
864.563541
867.043529
871.377267
876.819601
881.747523
885.056229
887.151726
887.673627
886.050448
882.706956
878.977633
876.365105
874.640039
872.196162
870.121917
869.072167
867.123220
864.800632
861.054791
853.998899
843.526984
830.643702
816.297282
800.292050
784.755018
772.448644
762.968084
755.778354
751.476031
751.144367
752.724493
753.756698
754.738401
754.657811
752.032994
746.483996
739.172785
731.631493
724.224079
718.912051
714.097560
711.426224
711.870472
714.542822
718.367863
722.383408
725.955972
728.568867
731.159024
732.169478
731.234301
728.753511
726.612923
724.964097
723.798224
723.060254
724.057585
726.505114
727.581392
727.662271
727.826413
729.108781
730.124209
732.032750
734.937973
737.184971
738.255573
737.176659
733.900192
730.316098
725.394797
726.853698
726.143370
716.631567
710.747909
706.429372
707.832526
718.154258
735.621832
746.000323
744.764766
737.391037
726.169172
713.426679
720.912644
739.673010
760.047804
757.575275
744.389790
741.188843
744.742115
754.175764
766.002651
779.530749
780.515506
780.806110
781.129610
779.903038
783.192451
787.594397
794.897535
801.120592
806.300966
808.982286
814.684643
834.809234
849.310003
839.258066
820.412900
833.558511
862.538231
861.252408
840.434824
849.987533
882.552123
889.233565
884.273486
882.932329
893.570544
891.907394
889.916060
912.940080
943.067963
943.975430
926.454789
909.605204
878.851813
827.083322
752.758907
694.359529
685.294415
696.742031
696.143044
684.779560
674.273642
680.123627
687.944042
685.585452
693.126710
710.828611
716.831739
717.083410
714.165079
714.633744
728.809793
753.188652
769.499555
770.170669
785.778652
800.780528
816.336146
833.373783
827.917850
824.177002
829.400622
819.788510
807.875493
816.356513
843.887897
859.553240
858.723994
848.238477
844.104411
839.806809
831.512388
825.943665
823.128679
835.483911
849.978231
850.696382
842.724547
832.907082
817.691135
820.507096
846.870651
832.396446
826.769275
834.204481
842.891786
854.324004
854.728873
826.164993
815.134794
849.508451
869.601209
863.712530
850.552544
864.111236
884.688961
887.617299
884.882427
891.383293
896.509028
904.409262
916.157722
917.804970
903.296720
885.057805
796.998232
722.387204
733.837890
759.149803
774.713119
771.615958
743.005962
726.581063
724.653865
713.282601
707.871873
711.529901
716.592002
724.802562
737.040847
757.028158
778.391965
776.752114
768.473763
775.135971
779.211584
775.729485
777.414957
779.879506
786.319727
788.310701
786.257805
789.480541
808.008531
830.296786
841.730366
836.713807
829.437501
833.685996
837.932845
844.310880
837.592141
826.744331
820.243354
819.584556
814.111143
818.962066
824.270403
821.109570
831.262513
841.671024
861.407353
874.717456
874.683108
883.020137
897.507525
901.371181
908.483482
929.939514
934.813639
910.968694
886.138797
849.943286
819.351249
773.221208
749.546473
753.160000
757.412154
752.774838
752.551989
752.338467
749.825966
756.728313
751.957571
753.693871
768.892254
773.304745
770.546766
782.661730
793.818051
799.510583
800.772831
806.123830
812.955977
825.011805
834.021172
839.740044
846.930372
854.423082
864.352765
874.606204
870.959285
879.974319
908.546003
929.306168
920.693264
899.617129
895.132675
869.240867
831.468269
789.506948
752.824114
750.527670
768.318018
788.500240
780.795663
753.578502
754.310442
763.699060
760.230334
750.799369
749.659840
748.502667
748.698477
759.091965
771.157489
777.733309
758.906769
754.255078
766.934002
781.927680
761.722852
745.629658
748.418523
751.104568
745.000248
753.090143
765.797451
769.526927
778.700018
780.470270
767.574142
768.850264
789.871515
804.932743
806.211211
805.897117
814.016424
836.449738
869.042810
888.122924
853.851684
826.643680
707.523196
615.215864
616.343692
630.766962
631.602687
636.986702
653.660789
668.171928
670.177570
688.509018
718.173545
738.574128
757.676582
768.943931
769.336295
776.350294
799.433792
802.462884
809.834860
818.857466
814.805977
824.653392
815.890291
794.748337
816.325996
822.506853
798.651727
789.128584
798.123000
800.003565
791.096725
807.657087
819.648279
817.167001
812.118822
814.511510
841.298179
842.637414
843.433733
833.330796
812.304059
829.761937
860.564480
860.324366
862.676772
882.559319
909.367339
930.621878
949.254377
959.626279
951.778976
961.927344
947.008728
925.906206
830.887295
753.409849
747.159583
757.823130
771.071651
781.810527
791.886791
812.976739
812.343487
817.319466
839.627812
843.533954
837.532774
828.334573
808.935978
797.692453
798.133412
802.103092
803.560334
810.076322
814.430659
823.984741
837.151755
843.122621
834.168967
829.680350
840.628415
848.110784
855.174398
840.693829
813.264742
808.794121
828.357707
852.541702
864.082733
870.013155
859.334205
857.445362
862.158381
872.948983
870.076090
868.102461
883.085920
910.681458
920.761746
922.088569
931.878410
944.885990
967.870851
983.001818
995.661544
1004.815725
1001.286016
948.741035
856.494880
825.547679
772.743573
767.839495
780.061135
793.436596
795.535565
806.704412
815.328249
809.012005
813.977959
821.893303
826.829131
822.163342
819.334227
809.465304
802.511700
798.883791
814.268735
812.537680
814.504931
827.123259
827.381179
818.574404
811.319108
804.184617
800.965422
801.771547
791.704966
797.998118
810.161555
809.057341
812.034030
809.631072
804.326868
803.385450
812.846716
818.870408
830.597479
855.083569
861.055524
859.431849
862.416830
863.271749
859.311684
868.973385
878.969342
889.402173
900.615781
905.052700
913.896436
935.549210
957.309373
975.547464
986.679111
985.690112
976.813329
941.064964
917.386686
841.363024
806.291926
765.157941
733.576237
736.788383
754.661746
771.181315
791.544069
805.835920
802.960243
783.986469
769.285832
766.518331
760.821433
760.609173
754.712762
766.638934
774.651767
771.719202
790.056224
807.389857
802.772410
809.533788
815.430661
793.641667
797.824737
811.481381
810.921605
801.694896
786.242438
787.511742
786.360011
783.151062
792.294656
794.897329
785.344875
786.035730
796.351128
822.585432
839.696400
824.827500
812.600225
813.116578
820.994112
832.297233
839.592969
865.961791
874.443196
874.433272
895.275206
917.285479
921.537178
907.423416
887.163946
868.335050
757.517728
697.135517
716.330603
736.817237
755.024215
755.368590
754.609998
767.907518
769.955636
750.019456
749.361471
758.660575
754.286133
760.625135
777.211457
774.271826
771.480201
784.945129
794.619897
793.410106
799.284719
798.434414
785.515224
766.001735
771.352092
781.620967
775.130122
774.827647
770.952398
757.131728
761.011931
774.900021
786.243173
803.988072
800.192601
784.860073
786.867700
797.266381
812.652170
809.185157
810.241372
821.282529
824.432219
838.354886
866.088444
875.700245
893.389625
918.188692
939.433828
964.596054
964.147358
904.410115
809.049616
782.666367
739.182358
734.228282
760.378329
780.820203
787.706303
813.120559
823.400233
821.724663
808.974761
800.616412
811.419383
814.932950
798.128042
788.570676
785.693393
795.313571
785.230532
774.148040
762.952493
757.475329
766.505871
772.320652
771.064986
772.450213
774.055436
771.385085
764.621762
760.064510
765.068131
768.526396
772.347796
770.412826
771.619071
782.626376
793.501224
800.786116
807.731502
808.699885
817.295004
835.503703
830.930128
817.274896
825.441151
832.454853
843.795309
878.131793
885.293409
880.393381
887.366049
892.941086
895.958458
903.345038
922.218659
954.965939
980.069745
988.335094
994.827426
965.321775
842.446502
796.628351
740.178436
756.030060
786.349277
808.530879
812.721109
806.380758
809.517625
823.908096
834.298021
835.248377
845.478326
857.782644
866.527238
846.825617
829.982326
846.158490
861.001007
854.245137
855.228350
871.236532
874.504572
851.204727
838.481408
836.056443
842.108260
854.273623
846.922670
831.017012
819.520179
822.726792
817.019146
801.150856
797.888848
785.652563
773.629454
781.961088
789.655923
789.882917
797.760760
794.615377
791.062732
781.954564
777.556221
797.954311
807.692281
799.325947
790.879805
793.044556
811.996621
827.725174
827.862878
838.765488
843.286650
843.410370
877.332714
918.815494
913.256295
922.843003
928.569594
895.126286
877.442784
787.299948
737.354132
760.515009
777.628430
785.885559
792.235031
783.487432
780.591181
787.764639
786.883471
785.926847
787.835159
807.093140
824.966162
809.076245
813.074686
817.801065
809.601678
799.681164
788.683761
797.391387
810.215747
804.249870
802.087278
798.878953
789.744243
781.082736
780.036696
785.591936
779.440052
777.356701
779.679403
774.024995
782.274868
772.875699
764.410350
758.092903
764.528597
779.506025
777.405993
783.762766
794.950806
800.836561
804.579927
814.072135
821.727342
821.682531
838.053913
858.238026
860.484072
854.569463
843.074514
829.427018
843.423518
846.997669
847.493435
865.405782
877.396370
891.006405
898.182386
906.635530
939.907332
960.803811
945.124406
896.158376
862.163164
859.207801
853.586338
845.260443
840.685599
817.987714
773.030387
759.642192
771.761731
781.526261
775.131398
782.870464
819.010415
809.499432
770.736092
761.243002
774.550349
776.032025
777.419929
780.244842
782.439404
782.482056
769.808286
741.610328
741.753055
763.179597
758.673680
731.775488
731.594766
751.285503
754.991694
752.310533
758.229812
772.784873
777.808093
790.051922
816.484163
834.069710
844.780666
863.758044
864.690586
858.861148
855.810758
867.781040
831.657143
805.805379
677.875387
642.038045
655.030144
663.990875
678.265134
683.514904
703.911372
719.447192
712.388362
711.461120
725.777284
736.782529
733.636970
721.232286
710.741913
712.154866
701.652691
691.194367
706.777060
720.337515
725.627608
730.725756
730.999919
735.860225
753.624776
769.725218
786.236440
793.459883
812.212299
845.225408
877.302931
896.532081
902.770256
896.257070
888.208387
777.133520
673.640388
675.965430
701.713569
711.107071
700.404734
696.397567
703.570587
724.432390
753.794924
759.702054
733.715607
735.672720
742.087116
744.749031
743.123356
737.008407
735.458586
729.444415
717.314061
719.264877
743.909502
754.870750
754.521209
760.967123
769.494322
781.412149
797.824634
815.555650
826.114748
844.958558
864.405648
886.447647
883.479712
855.655356
835.817726
699.694525
666.854737
705.393189
709.776647
703.489259
730.036239
744.380235
715.500880
695.989064
716.348733
724.166783
719.817469
747.331914
760.814446
740.859023
741.357930
748.829037
746.563273
726.865342
721.989419
744.788063
767.394310
798.018051
802.711077
783.324843
796.864609
811.076532
824.400440
824.425485
812.815825
810.433174
822.100234
833.993085
846.859292
861.824796
878.245619
884.497918
886.185616
902.881175
926.827405
926.680003
880.928754
861.517730
739.176497
688.193657
714.003595
740.364432
753.295855
753.530250
770.548152
794.213542
805.575475
815.415257
812.797494
781.980168
769.466836
786.872060
797.076698
812.139369
816.877510
799.519365
779.235102
797.697477
819.264464
803.842616
794.121586
827.693428
841.644533
811.135281
782.673309
788.008480
816.271672
825.945052
798.059602
800.897479
823.303698
823.591024
827.714530
850.325632
850.760823
851.037569
867.477570
873.352667
873.390639
863.206082
858.447185
885.369035
912.880547
930.786963
931.248709
938.366347
945.723111
946.692084
956.615507
957.710154
901.483347
796.645335
792.002625
841.330440
833.253268
817.311045
820.486288
823.001136
815.546701
834.005369
863.135637
864.179534
848.399387
844.266107
855.690246
852.545310
864.347100
876.058355
869.072815
879.221941
880.734199
873.765454
865.935314
861.814031
859.226356
862.603658
846.862040
819.714248
833.840174
839.278593
830.342119
836.625455
852.944243
853.440065
862.277543
894.378882
898.286813
870.988068
850.699068
833.071372
824.949783
830.158959
851.786283
876.379821
870.596180
844.090679
846.551416
871.460051
892.505809
892.718660
885.215549
890.033339
919.738814
930.779871
918.789158
927.592643
950.821151
967.546756
947.329302
932.952475
908.907786
920.494005
860.439835
774.839160
751.435300
764.999913
798.044835
818.534307
829.816608
812.477292
797.726416
816.561292
826.960794
808.460282
825.182991
832.121325
808.206810
796.965122
797.238985
811.951265
833.663033
815.326279
802.211497
805.408995
802.146488
810.338641
812.469703
802.197786
786.075181
789.449532
796.572975
800.289032
809.811096
814.806818
826.839621
816.959128
823.704462
837.544828
852.030107
861.155438
866.711534
886.206628
898.303815
892.325479
903.764978
915.925139
907.375056
895.421217
788.434711
709.817805
703.073806
730.351040
733.798435
746.869244
790.502272
780.119827
774.411650
787.947863
796.007342
793.291893
797.413930
784.555720
789.502119
797.340611
808.770963
811.887339
795.852612
776.969521
787.691390
800.644396
793.881603
794.839492
814.987789
817.403679
822.009882
833.735236
828.662389
808.425989
814.366238
839.789382
844.017734
846.511079
865.001000
874.054342
879.911519
884.768235
884.354368
907.563021
890.085166
874.053509
753.456269
636.113853
640.815104
684.710727
715.528675
713.221875
699.090635
690.623089
720.710100
751.559073
766.165500
769.710735
793.714057
814.425302
823.057595
828.581614
814.521400
812.087241
822.786922
810.681568
803.029230
806.064126
816.336259
822.024704
820.712312
821.693169
830.600126
818.659085
822.216457
836.685253
842.166637
840.286428
849.158993
856.162175
866.544041
866.773605
875.394338
891.110548
906.436177
904.762302
914.369492
910.927667
900.581122
816.138326
695.382260
644.357782
677.061027
707.650662
694.499076
699.711608
730.082290
742.712799
751.577276
765.394349
771.324228
776.774263
788.664393
789.173562
794.166961
791.444622
785.297854
794.671596
816.092482
824.641298
820.601416
804.727402
789.454254
800.928900
808.269660
800.449583
791.852683
773.981872
774.532163
795.264367
809.913347
815.667511
812.736591
796.059832
800.592075
803.788748
795.076112
802.926838
798.870912
787.772212
784.762217
778.850140
780.967572
789.361534
797.273084
819.729682
833.737164
837.271081
852.260368
869.190998
877.778398
881.596843
882.569055
877.662311
843.093611
764.530032
696.421963
697.198713
735.738341
752.612482
743.529441
730.102307
740.654864
762.753713
782.855634
785.768130
781.853690
772.452479
775.488659
796.119669
788.969349
793.571826
824.881970
831.421607
839.439287
864.417054
893.878179
900.977025
893.607084
884.563302
878.288580
815.916107
747.605930
711.476518
691.229769
695.713210
713.095342
722.434521
728.028800
742.054927
759.777477
765.475553
764.937700
779.959289
802.787970
808.016845
802.046657
808.116764
810.714229
813.099797
817.322851
833.130577
836.422446
827.191966
818.436208
820.335130
835.986200
850.014190
862.451785
868.002321
876.571747
886.612728
908.298179
953.431620
968.411977
972.380367
983.175713
925.501645
895.725002
795.858954
794.652937
815.170882
811.863149
830.145377
862.630868
892.499655
916.202368
924.764173
907.630390
895.244804
892.826203
893.282245
896.236592
886.218268
890.332062
884.075688
878.906305
887.717001
878.014784
880.045568
881.005157
869.224735
878.278622
882.875161
876.717326
875.318354
893.048881
898.497535
901.120580
909.633409
933.981002
955.672134
963.629688
924.475632
848.831898
833.370600
762.009908
728.709741
746.638721
740.320850
760.471996
767.093766
757.101348
785.938866
826.825408
844.901209
844.449517
825.848382
819.850521
839.890994
841.911588
847.646226
866.238744
874.358510
882.216813
888.122668
882.366306
871.432583
882.071594
893.181494
891.095463
898.807340
918.323494
915.322281
893.924146
879.828066
789.445587
684.811604
695.586803
727.621605
733.047542
767.684347
811.263909
812.301115
819.850145
829.240556
832.769082
847.323911
846.715313
832.457202
807.327376
806.046856
841.672465
847.631338
852.844038
870.827085
879.635779
880.381619
876.925046
885.314017
896.374720
905.626199
888.798139
885.288286
911.214771
930.267428
935.121841
925.685696
923.016514
877.194609
755.279781
703.587297
731.835427
753.830700
773.274691
784.326900
776.425588
768.191354
772.314693
787.720276
820.112279
824.914604
823.122006
834.515343
845.568710
839.993481
829.070234
840.178646
864.637913
876.131972
870.818322
869.627218
876.816204
881.617665
895.157441
909.820545
915.885598
877.490967
841.287252
752.973981
795.993504
851.954954
863.624420
845.119736
747.894920
734.783044
758.884929
776.623003
765.989874
780.084400
806.099042
830.889699
864.733433
886.172924
896.187456
904.011003
903.264602
903.979614
889.349756
863.487276
795.507973
826.570906
836.231952
775.695746
747.063971
645.717811
622.454749
631.261817
643.232536
670.312266
700.419133
694.844048
688.056734
717.366443
748.369282
759.516906
756.506724
776.480429
812.373981
837.558290
793.629983
779.499097
825.711817
843.840496
831.841325
844.217674
837.175684
834.411938
835.583300
840.807304
850.376883
851.908862
851.399425
871.187219
879.380950
862.670774
693.868835
634.832745
683.330552
697.011406
692.875523
714.063640
711.367304
714.072906
723.745944
744.169558
763.663796
770.224169
771.001567
776.946222
796.280981
802.801969
800.799301
799.074486
807.800021
816.725645
828.222790
831.871785
840.055407
851.851011
864.282047
872.530825
880.707479
897.959786
910.209643
917.935831
896.989676
810.277101
792.992867
788.707285
836.248481
855.572414
887.389509
905.098909
877.777765
794.104212
771.179132
705.492505
726.558313
751.579307
772.219309
793.139289
813.453960
817.173755
812.014513
797.624921
790.509225
796.454422
804.287977
830.371631
867.547315
878.521525
868.824154
865.699238
871.866428
875.028651
880.200510
905.967282
933.101820
928.774638
872.528835
849.842511
696.833320
640.923084
667.302865
683.975909
695.395388
715.049862
722.019662
737.478356
741.960514
736.232776
754.609487
794.532586
825.041632
847.664073
866.177967
879.743063
896.449647
902.696034
897.072041
895.676072
913.175854
916.080983
816.943680
642.621761
646.114523
723.954423
736.234049
730.574344
732.696290
754.162197
774.427806
773.296784
766.641873
771.674007
788.202046
818.245221
829.329354
847.609531
867.761354
868.923737
882.975153
884.521254
878.040263
756.971703
638.351520
647.247191
699.509032
703.963362
703.324864
692.590469
685.123971
735.311044
759.214602
748.658634
725.632434
711.204246
739.064744
743.913543
729.444522
733.521472
745.230175
774.771289
793.955306
821.793995
831.310719
823.561357
840.474234
829.271868
788.291818
769.685621
770.308214
743.457715
651.583567
649.638120
691.484022
721.985629
760.226752
793.220416
802.341220
793.882002
788.694533
707.471696
695.470373
598.394460
622.502321
645.722689
654.456463
654.015304
640.973888
648.782968
672.049200
690.472221
687.823531
693.247001
690.087972
692.827955
711.355251
757.431502
813.216534
825.068796
777.135807
598.259432
583.111675
522.256098
549.896255
580.065698
614.117180
645.850290
648.043617
638.785802
639.769302
646.388490
650.391083
662.016251
672.196829
662.276328
656.853139
672.070339
693.760020
704.719083
707.554622
707.221424
700.611688
702.646283
726.609788
741.474472
740.609680
742.563550
741.854488
751.351714
770.470922
784.044990
787.431715
809.449151
837.614778
841.830453
836.628138
833.407177
723.156226
563.119509
549.615066
600.946233
627.546326
634.353525
653.249537
678.024698
691.769988
702.517344
680.522304
679.645374
689.111819
673.562339
695.320654
721.360545
726.303481
732.275700
742.223700
742.358583
743.907819
735.744171
742.460482
760.952716
786.771508
800.922484
811.011639
823.001739
839.296472
847.414126
880.129590
912.592338
913.599805
827.569901
810.336692
640.168539
646.100508
684.693104
685.586321
688.121746
701.128604
724.669745
737.984949
750.272483
779.122232
786.559405
791.830454
820.711435
849.747553
886.659640
911.608479
895.214128
843.888332
832.560293
681.751983
625.883511
668.799726
697.189796
735.323147
789.633948
802.244142
782.840530
683.150819
671.346520
609.076272
608.034282
633.254088
660.495206
660.212354
675.736823
680.713137
676.634450
674.250416
696.380471
722.794355
713.261470
703.252905
708.682848
746.134328
736.242839
730.153339
747.267615
775.787503
783.939496
776.667668
776.541193
777.712460
789.365292
819.498550
863.097451
887.141180
874.115034
822.775945
810.978343
647.521889
562.652552
600.603528
637.279027
649.106170
632.471656
645.449789
646.482143
652.537276
654.375673
667.226308
684.009075
684.004208
669.784598
691.073939
744.162014
768.186885
769.832095
781.115379
778.082177
786.045278
790.040596
792.929959
792.546983
802.515813
819.959841
826.461404
836.861047
857.208683
871.974107
865.859223
796.878979
782.993759
621.624220
596.773205
622.618125
631.813355
659.661948
674.523568
671.690552
676.036227
681.874496
703.377930
710.921480
732.232046
750.633190
734.758838
738.620391
750.645406
747.641739
757.779149
750.671435
733.314587
743.185092
765.524293
777.929501
777.071238
785.047408
785.627817
782.170039
789.844912
799.965005
804.240025
819.688426
829.940410
847.813651
845.133493
860.142071
893.767475
908.735597
919.982757
923.314285
894.189786
776.396373
760.898961
638.941165
658.900350
708.050061
720.142167
714.203211
703.041563
690.803686
714.201139
739.916639
742.060807
731.208594
729.814796
734.104570
755.409151
770.857511
773.554093
773.792666
750.175691
737.132539
751.460765
783.049228
780.787854
779.207417
778.090729
768.247369
779.211055
801.871242
806.322316
804.572574
802.982747
809.341904
817.362712
819.134622
827.666637
837.961979
855.941484
882.160066
901.770820
877.366098
808.070063
797.789846
693.046694
626.882268
626.881049
660.249926
657.450272
634.814189
647.740792
662.931363
668.604606
673.464909
709.534403
722.765971
699.192054
709.719906
725.546158
718.907579
716.423881
741.648722
751.777668
738.561236
755.616760
774.859605
764.431314
758.485498
770.350222
777.737180
795.802051
814.719760
832.662059
841.811571
869.618087
893.130425
887.682039
861.360165
772.181242
714.172020
713.621694
719.028819
713.074883
709.255781
720.781396
729.482303
735.704511
713.936134
723.194311
747.249148
765.386195
796.045118
807.623797
795.763156
803.637892
832.512328
861.882341
892.898258
911.799170
916.388865
912.130222
777.644013
629.236397
647.956357
672.701744
697.916342
726.800952
732.363975
722.364079
735.478799
776.916441
832.952268
872.851031
871.709361
858.219206
771.874604
760.143558
695.561689
694.463544
674.610825
656.649918
684.471862
708.290252
710.693182
723.754498
736.546896
746.221951
753.671905
755.047290
760.432424
771.877596
778.464349
780.879554
786.454525
777.498673
776.534627
797.828945
799.340587
782.166307
786.575621
800.790584
794.039202
786.783863
786.700270
800.903953
815.508066
813.062740
811.232070
823.125306
840.114135
850.569989
859.849992
869.926192
886.247119
859.362515
852.128001
735.470757
623.385630
644.374575
691.449830
689.779964
696.096306
737.430238
738.564511
765.264899
785.825933
793.344388
809.920165
824.776964
838.829412
834.395616
843.987321
879.508433
900.329051
902.355283
903.656629
869.457567
859.494726
757.550838
694.823595
703.532316
700.680525
734.626311
788.667790
822.621839
805.798496
812.001134
787.582007
693.781742
685.417671
693.647123
725.931769
720.051865
736.637027
747.952723
758.269728
754.758667
748.772006
761.570253
779.985963
788.076333
810.270200
831.652669
839.700689
848.754514
877.857400
892.869036
873.828421
869.969170
834.494065
799.441828
756.809248
735.097598
725.747995
733.351914
734.007332
729.088879
741.939293
780.495971
801.470735
794.170803
807.289708
796.909699
790.750704
812.708528
834.570352
858.682777
849.966023
845.306582
849.442991
857.492527
862.530131
880.745333
908.659331
914.789452
891.858144
886.830010
840.118240
777.511495
695.688156
687.650891
711.788398
708.499372
723.145356
733.640226
770.539617
786.946233
779.067861
778.036329
787.377044
795.858101
808.329599
837.853552
853.812842
871.138930
917.875417
932.873535
913.361278
908.748655
819.715225
690.247455
644.658008
660.482923
681.720834
718.792732
725.579770
733.415535
744.880269
755.599634
767.557810
772.565932
786.252831
800.327089
816.354221
830.951082
879.479706
923.656621
926.973699
874.066923
864.895900
761.160767
651.261843
606.729581
618.433269
670.360283
692.363916
681.716073
690.722861
717.260844
727.926158
725.279269
740.279893
772.519453
781.135318
768.416724
801.623764
833.487736
833.965465
820.924373
819.095434
838.486283
857.197211
871.485825
888.871847
919.924689
929.517255
927.502818
905.957448
897.672020
754.777420
660.646528
714.876670
723.015310
728.567132
727.663066
696.858228
674.155884
719.840776
770.128882
794.400804
796.698938
798.278302
799.669567
826.161002
848.795762
881.839808
920.598450
891.144060
876.765855
698.648867
597.928379
678.016025
735.280449
744.324977
751.961590
777.020727
819.058504
857.619898
880.430144
821.579170
800.182865
587.152048
546.903619
611.708863
638.341847
635.001359
648.675512
685.472840
710.877177
703.618130
692.732745
710.724240
723.794288
729.921626
750.163268
758.472581
785.490988
780.658949
795.480297
818.859395
839.711965
871.855454
904.794212
926.611046
954.249261
960.553473
885.649391
771.385234
766.696730
786.577378
809.286918
828.888536
810.344412
825.933395
859.111802
899.903406
936.486049
833.196240
629.408896
628.490343
675.483505
674.904170
678.286852
730.826870
783.102791
775.215528
731.837442
751.202019
774.933819
784.195413
780.589470
763.816944
792.594416
824.691357
812.567789
842.883794
880.408784
875.950942
882.595441
914.804908
945.373528
924.748867
910.471437
744.041592
688.693178
721.992873
712.747484
784.324333
852.898534
845.937294
811.449348
801.545945
831.578366
840.958420
866.778326
916.483091
882.005723
862.435492
686.370986
639.086901
686.844332
711.134106
735.974041
748.645484
733.427659
759.525450
784.585880
794.020659
836.860223
843.729285
824.919788
877.781355
916.424343
849.766480
828.030437
663.333765
628.104692
656.546670
666.881921
694.377826
746.271536
737.903223
699.388749
709.656640
735.601627
732.713016
747.597950
745.233780
733.153880
744.650273
771.826296
783.221644
777.297410
788.134842
791.591916
811.629877
840.384689
835.763364
853.229241
875.177727
876.833785
881.684974
837.902451
822.810004
732.495848
762.520714
740.937440
682.446099
693.583611
724.399585
786.295371
828.330910
834.391352
827.405050
837.914946
828.764337
822.280248
828.176847
843.107469
877.939096
905.015653
905.424242
871.154434
859.353481
684.987525
570.934962
638.301784
673.617635
701.559167
694.766552
706.210984
743.224190
762.892071
756.958971
751.597708
756.366932
795.320422
823.281980
824.039947
825.025635
853.239377
853.024140
862.702378
897.009796
913.976341
863.408287
848.177577
660.168668
545.435150
583.798991
612.396739
636.576894
651.798052
668.958662
698.885522
715.089181
744.065443
756.026688
764.388894
784.175564
785.991691
779.832276
786.740994
817.846505
833.391287
878.721314
901.646293
834.545746
802.833740
632.846113
635.917362
744.044983
776.670183
704.939776
681.084522
676.072113
801.796482
856.945652
865.803627
876.568913
898.880640
879.724471
869.819578
736.022518
626.494147
700.122975
763.321667
781.522198
793.637625
815.446831
822.957310
822.659363
800.758728
792.526678
840.567628
873.627832
889.247037
894.579530
830.458481
811.182755
604.803378
570.694292
614.880608
622.924658
626.380795
660.734507
686.902984
693.073823
716.306620
736.039695
778.346153
798.521355
803.847511
816.717721
867.838044
918.914080
897.926879
885.654000
761.942684
717.941561
726.609450
787.353427
832.043468
842.878642
841.996123
864.857207
874.818304
881.876695
914.123328
957.038655
965.718376
856.216069
820.473725
745.552576
827.783623
868.372228
731.413073
569.966694
566.247599
613.613902
604.387957
586.198914
586.493571
592.421473
618.767448
665.159278
679.345018
686.509833
726.696915
738.605582
733.625169
757.778565
783.349191
795.673826
818.753397
828.450178
833.085489
845.075863
846.605916
850.826630
860.542276
873.885550
896.256214
921.975879
942.645547
915.231592
895.055713
666.917084
581.264500
668.665764
726.455985
741.938821
779.814901
873.733581
920.908554
846.975791
822.218790
668.940497
660.756238
652.420489
662.228133
714.632597
770.413710
800.038874
811.857741
808.542889
802.991933
800.834268
795.520851
801.251066
812.651406
840.171161
847.578794
830.742836
844.495801
874.757741
919.371642
939.933717
858.735982
834.322740
610.075257
569.382573
624.387239
632.759587
585.236195
569.323070
603.857672
674.881007
742.648860
736.508369
720.459416
752.069721
786.708889
804.689793
809.078625
815.272462
833.150045
845.566442
881.324342
927.284287
942.234750
855.059625
830.561193
608.430423
606.596024
676.685426
686.817576
665.895865
656.150652
672.013292
712.954297
748.792717
736.949934
742.553176
753.156335
760.408519
773.664448
787.706613
780.952458
763.568691
777.603603
796.324227
786.079996
802.535954
808.299603
804.597822
800.171947
796.173089
798.419826
797.093203
783.071032
773.391644
795.142433
818.321765
838.468933
856.092911
805.728039
789.657047
618.267432
586.523073
642.095825
643.682960
655.938623
656.544437
663.629627
702.003714
741.307842
783.360817
801.054829
815.116520
851.242798
891.992273
906.621260
853.583552
842.159725
710.571899
613.283783
597.036490
616.215602
644.593274
654.110268
670.382145
691.287926
715.282111
749.965654
756.017452
753.669836
753.029965
767.851846
760.974553
742.438203
760.858079
765.213011
766.943704
796.619725
807.807704
792.102467
790.889157
800.980830
802.172402
782.833984
800.285428
830.628833
862.224277
884.783458
888.494882
888.395558
819.520992
802.871351
637.285534
591.552546
592.485873
589.910583
592.981681
599.614498
661.855986
705.242257
686.515401
658.507622
676.276059
679.529915
688.285988
722.567054
737.347331
765.504445
781.925176
779.759496
752.207963
747.227143
752.716337
755.620546
768.966767
780.667883
780.103423
780.858105
809.565113
824.523099
823.387620
845.990675
860.376698
871.055779
868.495392
788.657218
773.536275
620.283194
596.747977
616.274748
605.734483
617.106274
650.285149
674.288281
687.133367
707.983286
726.717569
737.873365
725.760896
700.360709
723.578293
775.680569
776.245892
744.699049
739.494745
746.262005
743.345296
773.784767
792.884401
787.782014
804.571015
802.451822
785.779422
776.747552
775.687707
800.695993
817.832461
816.283126
816.866336
813.088539
822.765959
827.420951
834.182690
853.182411
898.041430
921.302052
914.411749
887.274723
764.045311
748.740799
654.815163
653.058217
654.061382
686.521330
696.837251
687.510782
688.074373
698.851709
724.175255
710.774987
711.228010
737.451417
736.919822
747.484893
738.115268
721.558701
741.228981
753.318861
747.696592
739.436676
761.037443
779.705720
773.954793
776.475168
777.566182
778.083663
775.435862
788.672964
817.605996
832.799766
835.306193
843.388981
842.460729
846.403236
846.192261
862.227259
913.653531
949.169884
923.927347
858.744636
703.429435
686.841316
603.260402
591.582062
614.630904
624.562790
624.282207
639.910654
661.580156
663.583752
657.234066
657.294744
697.752787
732.443708
731.985914
739.557012
769.851418
798.967720
800.957777
793.243102
811.702754
831.519146
833.321683
848.186320
884.591850
927.520474
894.101746
885.501622
791.332637
700.668087
630.485295
611.252387
632.936456
644.403054
673.918155
677.044599
666.731300
681.253422
710.677749
722.644592
727.281310
757.472779
780.756883
778.275038
787.373630
796.002726
813.739025
837.165057
877.104307
916.402976
925.141646
916.423208
813.591588
792.944713
644.996572
633.280023
656.068800
664.091039
673.481764
689.970891
701.058044
700.816193
709.783408
694.950890
706.362554
721.974015
747.983398
761.741401
754.837506
739.376635
738.671367
750.543561
755.717221
750.872187
761.473009
773.800008
764.482527
752.441560
749.314070
772.810593
809.181635
823.440892
821.012131
820.254576
830.877034
851.897204
878.734771
901.493949
907.148615
891.729049
883.158547
731.951574
600.400114
607.807581
642.750569
645.272218
646.539898
650.775810
661.650695
669.913590
673.686487
696.430034
718.585601
719.693575
702.752773
702.780137
720.814943
731.308953
746.514438
757.703291
752.096593
758.365987
788.918139
809.387539
822.755760
820.220353
801.240673
785.137964
792.230054
809.258870
821.204225
827.075220
836.102384
856.276198
888.983042
904.112403
906.996592
885.306114
869.983492
698.206379
607.017315
624.669038
603.860059
599.665453
626.173061
671.492097
744.640581
815.497996
843.680238
794.528836
637.838163
615.774289
587.438765
617.943334
635.169406
650.986606
649.570227
637.976638
654.336096
670.361257
659.676843
657.668791
692.829603
728.281581
742.053792
755.137574
776.104200
797.433140
802.315565
797.197286
814.324776
843.499513
861.316623
875.490906
878.304525
884.787540
874.053838
771.003486
732.208602
615.243898
662.241297
727.225319
719.775260
630.721443
622.042489
667.507329
727.961062
752.812697
724.701257
616.769647
593.002492
538.002000
549.419832
552.189303
551.710909
570.800905
592.704660
604.210325
589.762843
588.708496
585.324657
580.597075
619.020436
646.617581
642.785541
653.721025
668.330682
673.388808
676.563574
698.477783
698.180040
667.994456
684.137176
722.642386
743.616387
750.646462
759.872521
773.019774
801.783447
860.223352
873.592683
821.993403
808.445749
676.178026
584.302920
568.568499
575.196662
573.142857
566.600242
565.963253
575.459326
599.690444
621.288122
638.687128
646.566538
658.392894
666.451429
671.772784
677.424718
674.148328
681.028159
707.568629
730.757086
721.861937
726.547649
733.514000
730.487558
757.016001
804.314185
827.565090
844.934935
854.986668
871.032736
822.844587
805.645252
630.621904
526.288181
537.284109
555.984876
555.183676
557.564474
550.563769
556.177612
582.288813
599.162142
591.308675
589.539227
605.229314
606.943370
618.170867
629.385490
637.418904
642.045791
658.779341
675.316983
677.845869
676.987111
689.992539
699.444804
686.595027
687.090056
705.660773
718.616135
731.114804
745.798529
734.101262
730.487639
763.489557
791.238618
810.174551
819.161481
835.546663
853.630713
872.600351
871.034963
813.483204
798.821092
632.415037
521.945356
513.870819
536.642612
550.623976
552.271210
553.101297
556.534814
562.036472
577.653002
589.228833
599.795061
614.217288
628.839892
642.560268
646.468089
647.519337
660.183751
679.367796
688.025536
684.008740
695.460905
724.913933
746.833832
741.015552
728.161847
720.123226
739.870981
758.315167
762.483011
758.938750
773.031577
789.364648
794.051683
798.333651
810.991848
841.633873
848.008937
823.217236
819.739182
724.199769
576.990926
534.845283
567.622442
601.600114
624.127648
684.020916
731.571880
736.998314
695.946234
609.151303
601.791495
607.868019
628.228868
630.111301
627.988644
640.432131
645.073654
656.740273
681.461178
705.268407
729.451707
709.596646
694.768634
706.268979
729.270706
755.003683
786.865946
802.335461
810.830351
827.091389
741.045627
723.988244
604.298450
575.081542
585.819935
583.085734
598.940396
624.326719
610.399460
615.976631
642.396430
669.203326
671.146952
673.491997
668.240370
689.681096
721.015275
726.998866
733.355159
732.809633
733.956901
736.854392
751.361919
784.148733
814.533261
814.667709
836.797552
821.122335
814.589255
710.941312
625.132129
647.928363
645.610353
628.623338
624.040788
635.735488
641.105160
646.837964
650.382300
642.108442
637.308915
660.093937
687.359911
700.452440
699.162951
713.496353
742.954742
767.604173
790.738753
822.737110
837.027549
860.738772
862.327960
787.844859
767.425714
642.608686
653.852551
668.690569
677.204324
725.991741
771.006869
805.467187
851.184126
819.356147
698.821089
687.195912
696.454517
722.139902
722.373913
739.954160
744.922838
752.181120
782.400170
810.100223
840.540913
865.618205
781.092722
761.468124
605.475325
602.136914
628.913172
634.229138
641.442994
643.079267
661.962236
669.349768
659.415582
649.483108
656.373071
678.725686
702.810402
693.086482
689.702435
716.427666
757.106705
766.710837
742.295401
768.594262
797.272659
771.671323
770.394578
781.748630
798.808923
824.840634
812.904588
798.588909
802.542432
822.770777
852.459418
907.955337
850.886322
839.656823
684.656882
617.328559
648.432940
680.172334
702.146454
729.278901
709.783310
678.124149
676.741628
703.645654
707.117086
703.106779
718.592192
740.709204
769.040030
775.919152
768.154670
759.475955
752.944259
764.170187
775.344284
761.786166
746.008222
741.000193
761.594393
793.778513
796.896526
807.823790
799.093795
799.898236
816.138323
833.575044
853.503169
849.428725
820.967431
810.070072
808.512523
833.424228
872.267629
888.819935
899.603945
840.014300
825.459729
629.346620
632.206017
700.746650
667.850905
631.779521
665.083771
677.420982
652.658015
658.012187
675.781943
684.381068
694.741680
719.676939
740.751466
727.856059
712.745585
733.533471
764.061237
788.087254
790.595462
785.132828
798.741289
805.373759
830.364800
812.672448
795.362074
815.603952
845.076823
835.776794
822.209805
847.138248
830.249609
812.798438
824.113210
836.908612
849.493901
843.954858
846.347058
874.495711
864.139505
861.878949
895.381612
927.001347
938.555675
876.368918
861.635552
649.424612
599.445101
652.221124
688.391996
701.054036
691.496740
668.475360
664.204268
655.761058
654.812445
686.301058
684.383739
685.494457
718.297660
749.434538
759.868303
756.809125
755.506028
759.282693
756.399577
742.087949
751.704205
774.774472
790.296477
784.156257
770.364785
793.017781
806.202770
797.892232
799.187869
808.875148
798.079088
807.650494
819.756345
842.716075
849.321394
841.738127
848.849784
856.492217
856.475864
882.084895
875.400032
853.917046
854.484911
886.421305
933.946915
937.940966
908.410875
900.685016
742.118173
636.161371
653.844081
662.583976
648.437609
612.474039
621.369197
640.476057
657.925645
674.440592
676.958695
682.064537
700.833450
725.901855
723.254862
714.335497
749.592705
787.601392
790.701471
776.188740
763.838824
776.031403
808.831441
838.998831
835.335737
818.001988
812.237110
833.479749
845.890629
850.429844
867.183503
862.627723
855.419195
854.065754
868.273017
888.782125
893.704468
896.504421
912.754816
898.573011
894.740921
810.650204
708.512169
684.250637
734.221706
747.874851
730.384475
729.894072
755.276387
799.635151
815.205111
784.200428
728.447957
731.017575
759.643020
762.249524
773.109667
783.732071
772.557720
775.997681
796.004209
809.618331
800.258926
812.551573
821.977349
813.254830
824.851167
838.451262
842.496891
843.186068
841.943911
860.978492
880.504700
876.230750
873.972682
892.945835
885.115431
861.112460
853.677371
861.439514
869.620841
894.986761
905.433720
894.622725
907.973996
935.353346
946.287253
930.850444
903.126111
897.581122
790.461697
718.856627
710.101739
683.285092
643.228658
643.913895
679.740347
716.536508
738.199514
787.639026
799.410895
778.262155
755.830743
758.274587
780.675795
791.599606
798.588806
814.675275
825.486423
840.518338
849.561092
836.083287
823.623837
827.360880
847.682058
859.506841
866.778295
860.537618
873.996700
896.674952
891.335147
888.498725
892.720643
908.655804
912.959592
911.413988
919.771986
921.537792
866.600363
855.614406
692.137885
685.848720
732.090270
713.768935
704.571113
694.188376
696.240203
738.765864
753.335333
750.080913
740.699790
738.307922
745.682014
751.289088
764.433529
780.520464
801.999772
821.685098
820.010382
795.944313
813.774377
813.898251
817.903659
822.735928
812.426148
851.358027
852.229305
859.563505
879.600146
856.783671
863.300231
881.609880
898.780601
884.292787
877.032076
873.077675
858.000363
859.490275
874.900107
886.896693
883.429528
745.544571
595.079136
638.115491
649.694355
648.828745
644.429709
645.645239
668.231501
676.817059
691.384243
704.231212
730.599748
760.464409
773.475215
774.890411
772.826869
821.375134
853.659348
836.715117
821.956172
818.068686
825.129827
851.441183
854.038629
840.535101
848.758895
874.206134
887.752120
865.686388
870.300516
863.255662
843.947897
847.262722
844.984457
751.121452
653.292275
704.138264
716.686052
715.341756
746.509936
748.168746
750.741568
784.346490
789.506089
778.688105
796.016327
819.444344
860.355350
862.599668
821.649187
814.479065
840.162329
858.543777
864.482270
875.886082
863.393619
862.927457
860.685956
862.568822
878.730495
874.410878
882.239196
876.006934
874.849109
886.572949
892.913303
914.253305
912.449026
797.737783
687.935115
712.270626
716.887082
696.881622
679.748362
724.008989
796.454996
797.971257
782.053649
773.323500
745.973209
776.263294
829.773341
836.594011
824.631409
839.815709
856.636769
863.787894
867.001814
871.489027
870.814314
880.521616
883.029651
880.598520
743.259153
591.730211
599.148833
623.587602
642.369882
705.667600
732.235257
715.598037
706.930358
728.297624
729.323673
730.657085
731.529479
750.694688
777.299875
777.371247
798.683415
809.255557
804.396947
804.030470
801.690727
806.916510
784.627622
799.276608
830.920750
821.382635
818.708200
841.793356
850.978082
842.081108
845.836486
852.499599
841.382701
838.059138
731.319357
692.752709
703.842974
712.495700
707.766250
718.183327
749.702630
773.904703
792.357063
781.975123
765.338627
772.197079
789.926439
800.729287
824.189198
840.537008
845.251780
860.489561
876.576690
887.050721
889.339451
866.022149
861.213909
687.444872
658.755830
695.767077
744.743200
781.341318
750.303656
738.675627
749.631621
754.981347
725.642707
730.132057
767.725889
775.773020
796.716235
791.600867
778.365039
793.635450
805.169520
810.998183
826.367321
828.536221
821.427981
808.273981
829.303289
853.376201
868.427913
863.477099
850.417104
792.691902
787.241536
634.484645
611.992472
640.390017
660.700768
672.570243
685.035616
733.324891
761.471633
736.566723
725.536159
738.406372
744.064942
766.244264
790.732676
775.532682
784.968153
827.102368
840.380118
815.856044
831.588223
850.534053
870.843546
890.680412
871.235372
837.530182
835.799824
776.478320
656.261666
648.580009
676.047995
671.207155
637.588504
634.878137
677.193129
722.942877
724.801404
715.018668
714.293851
702.602111
693.698516
715.881194
737.944836
742.697378
738.326046
752.570343
770.699320
783.765433
784.037236
773.034972
783.089835
810.853815
838.416947
842.671486
870.458264
877.936273
874.923485
870.382921
868.746518
790.445474
691.940154
715.948880
712.042545
662.885187
656.822882
697.692342
701.520947
703.065544
724.016325
720.636063
742.476651
758.696889
752.641176
742.037797
746.580545
765.777876
762.083183
767.732240
780.837857
773.637781
779.762980
822.725888
856.625186
856.746461
856.725257
816.953851
814.838061
770.639642
736.839011
678.660481
685.879747
706.236115
704.814033
709.508075
706.712990
711.288412
715.910402
754.547158
774.412263
767.830558
777.043448
794.951036
787.269129
791.247930
821.766810
823.728229
821.890660
821.829692
843.703324
863.323188
864.871814
842.285348
840.967235
807.240059
725.147792
617.176597
623.695123
674.123418
691.176715
692.185021
720.318887
746.421150
766.733095
794.814600
822.859564
838.946992
826.233286
782.459914
775.550081
665.625805
635.904722
645.866284
671.963838
701.140780
712.303280
726.540884
731.997318
718.861566
697.357639
703.484859
740.659409
741.848171
733.661325
759.662754
775.501491
766.893628
768.898408
788.489602
819.551389
811.655403
790.575772
812.193612
846.210768
841.487040
775.963840
760.964496
611.250313
622.308606
717.495230
757.917435
776.511257
811.144210
781.422269
774.627741
670.503972
637.163553
659.641897
679.824332
659.298354
666.126333
681.751555
681.278001
689.862521
692.827730
694.807282
701.208071
706.079878
717.958417
738.056300
731.684818
732.524285
745.968449
771.155464
781.450692
783.407513
801.564820
802.855862
772.756674
767.858707
643.797700
600.098465
612.617706
616.034169
600.676319
607.908240
612.399653
623.490391
646.765493
675.783806
701.244542
724.835408
751.532752
760.493764
777.390050
811.009588
817.284805
823.068570
811.056626
805.999566
685.691858
616.660330
637.779368
666.018622
678.905763
675.453575
693.454404
724.501660
706.540176
688.108695
699.210830
727.722724
737.836191
727.996995
724.474426
727.690986
743.133587
763.829506
770.751761
785.318261
797.306267
807.038887
804.671735
797.509790
820.958851
823.381650
818.482761
777.496364
657.027219
645.709442
651.231956
703.645141
642.879239
627.473610
610.385764
665.528771
695.891723
710.460924
741.380922
768.204854
759.282323
671.795515
664.237864
589.483152
629.487302
642.275361
629.546001
627.093923
650.038029
679.324025
659.412807
640.096466
660.181045
674.687397
665.560382
665.313256
668.738660
664.085686
666.063593
672.763233
686.852732
698.882329
706.771695
718.151610
718.290025
716.372836
728.353196
746.551483
753.008260
758.179031
743.144757
743.737467
768.671351
796.184187
777.635546
767.977356
784.507964
792.086732
778.642643
764.644107
781.282123
806.554075
819.587789
815.939411
802.823500
723.119677
718.911778
623.428851
682.719290
686.945947
626.069668
616.817557
629.966280
640.539105
651.650115
654.909743
670.819636
682.065708
675.592644
648.572755
631.264507
672.469256
691.213238
688.253194
708.395820
710.431683
696.843370
698.104246
715.800697
742.837234
743.671119
744.740916
771.808121
780.031284
748.154789
740.043281
767.298807
777.258149
796.437242
789.186619
782.231148
805.693921
802.016239
794.170590
804.510533
822.957329
818.205360
793.091289
797.728190
806.214902
801.787669
802.441864
808.693201
819.974481
819.565910
817.031897
846.085067
865.159247
808.252799
803.362344
679.219855
626.674060
654.117466
677.201717
674.316520
655.899766
635.302920
630.742473
636.884212
645.716427
641.865992
640.974447
662.901586
688.355106
699.914491
690.283597
707.678045
728.624689
707.134544
699.872561
708.060143
726.050534
739.253951
739.485233
733.700427
735.745515
755.781866
751.455030
739.835513
745.588387
752.523289
769.629498
777.603289
781.190163
782.009493
769.554029
760.501432
777.587598
786.498540
801.370621
818.157001
815.501703
798.896513
800.670481
799.625923
800.684395
815.287462
832.114767
830.372984
828.966994
760.379025
632.825045
632.609434
690.022426
724.769973
707.969638
684.326012
671.175069
658.748033
660.040173
668.194684
658.597793
666.013924
681.602730
690.122741
707.512529
707.137926
669.794294
678.239399
719.780116
726.630367
735.695445
748.071868
744.893558
743.990635
750.438304
753.890373
734.843795
727.933224
736.356353
740.896990
732.716745
730.794428
740.526936
748.728185
757.387947
744.232457
737.948746
754.355824
757.316073
758.829887
779.075422
804.367808
821.885269
825.868035
745.729382
739.632493
616.536447
608.270733
626.115379
609.833939
592.770555
609.364498
628.125293
617.077124
623.988241
649.207113
669.389847
664.998112
646.360239
659.972071
682.836978
672.876482
680.144613
695.713751
681.538537
659.831383
687.928491
723.302270
702.994523
710.718714
729.037341
739.729728
726.034662
725.952618
737.214551
741.346643
743.914388
760.270464
764.213314
775.048959
780.880609
787.397752
797.485911
791.604128
794.369410
801.441261
787.972861
775.397886
772.912586
797.700981
808.622881
828.423461
813.213906
809.873057
685.421810
583.571468
608.511235
619.027601
619.120691
651.793333
652.404710
656.964128
657.918948
634.203933
602.450896
606.705389
645.429365
670.663150
676.731406
685.979243
692.485477
695.063861
708.641426
704.799633
708.399978
738.359800
752.068905
739.939056
742.856137
727.665788
723.781451
757.108739
772.318785
754.047774
760.180138
761.423768
760.958418
754.787323
746.220774
753.562478
783.422487
800.032122
781.695007
770.162128
784.621893
797.681272
786.237153
768.399496
780.962546
797.521847
788.862293
783.119810
790.752829
791.094298
794.860092
813.372904
830.816928
830.989632
828.542829
715.156571
576.336815
607.541995
639.749073
615.572341
584.738646
583.343275
581.945220
585.710793
594.278586
586.879172
589.862474
605.176217
631.138442
659.837176
666.854001
678.448510
702.134762
712.096623
712.091434
732.233633
774.184947
820.211604
822.301156
704.545878
695.600962
572.386929
623.043829
666.570889
688.331477
697.818260
695.357269
699.484600
690.770943
683.999572
704.279233
714.757448
704.558068
718.297990
758.230951
782.055072
714.885648
707.787912
591.827382
567.400817
586.481013
559.928536
552.499731
596.206566
614.210452
605.188005
614.024320
616.072161
621.125855
632.930565
665.415603
686.991556
702.433094
731.412426
731.764360
648.818030
640.188314
558.179173
569.970132
574.035582
594.701053
631.103299
661.904364
696.676546
732.010632
757.982678
674.473064
662.997996
578.816711
588.958582
603.724662
632.183143
631.842642
624.447361
663.921706
754.380283
771.086388
650.044364
632.825013
581.190806
693.345124
741.590535
726.968468
683.634066
677.931970
702.925390
706.334888
716.374687
725.114920
755.228463
789.001397
817.334335
803.082926
795.810427
665.068405
611.774498
625.787968
628.419735
623.409369
622.719969
638.108283
660.376654
663.133243
668.921935
689.213070
692.198853
700.467922
689.687120
718.281679
711.950206
691.462960
705.318164
713.947447
717.527955
733.638087
736.214366
750.912784
781.410842
775.269131
757.671159
766.702650
781.438404
780.126340
787.932717
808.411371
797.339799
789.825432
629.660783
568.864014
621.163389
614.467784
586.426982
581.122691
606.322316
648.833113
641.358181
637.045968
628.038602
645.584558
670.550693
716.766930
731.497257
730.652427
746.880373
766.094575
760.676642
780.757138
793.363286
783.039161
778.218116
780.355620
792.132511
818.898523
816.508416
812.135031
685.698041
580.072226
633.335240
658.338812
619.593971
589.672182
585.408930
614.029478
632.641576
643.412589
677.134424
687.554527
657.052109
653.357168
673.728357
693.907827
717.955138
733.022183
740.006466
756.577475
772.541107
763.471550
768.509878
753.838682
748.174533
761.767883
788.370813
810.297653
816.507001
805.831493
800.359700
781.947004
712.614991
547.038288
538.511123
496.944463
543.838800
600.997641
586.292929
589.740532
578.850214
578.545037
610.605139
669.562460
678.044904
643.886039
652.846909
680.958675
676.983222
688.427577
690.908298
705.634948
707.256722
704.351811
699.148503
704.948077
696.008078
685.614824
690.831125
727.732363
734.544755
734.952106
715.867133
711.581319
593.610422
543.897333
578.226811
598.381151
575.097715
554.458434
602.568208
617.571985
609.701026
632.746237
664.344468
662.863843
652.280583
659.747517
682.611288
698.751736
728.610282
712.707594
709.758009
705.045517
709.310409
646.344558
635.785799
514.930806
525.661773
502.578343
504.375404
544.681821
566.717917
589.899730
595.345591
601.697901
641.188626
621.772230
639.280163
629.465841
620.779721
625.991385
612.596401
611.706748
637.417072
578.469597
430.221875
422.336277
438.972253
490.527470
529.932223
561.872927
573.167860
583.723782
558.557179
564.060528
453.472454
449.257524
424.491893
448.541785
479.125321
508.986079
526.410225
529.664600
534.163730
568.173371
603.689182
595.381538
598.672573
568.221978
562.842406
499.182238
436.956400
481.225761
525.591383
594.752006
617.203581
575.299958
427.533431
420.117342
477.821086
523.490039
568.839046
579.322960
579.325017
620.784192
637.761409
636.721711
652.578293
633.771902
631.817772
575.098665
561.975082
484.498598
513.700099
546.220304
571.541014
601.723725
626.318176
602.674328
600.005878
629.475096
636.493881
631.782350
571.068944
562.676623
524.587422
568.679547
612.068932
618.287795
625.682589
621.013135
629.824240
643.078254
636.095516
632.732618
660.559015
667.388213
613.277422
598.384511
521.239692
541.525429
563.952127
586.055424
603.043538
623.679852
621.177588
550.934351
538.739889
511.742707
548.539076
569.601850
575.426567
566.133407
574.640882
589.302145
576.126607
575.557479
558.071312
578.959043
572.153574
514.116420
506.607971
430.843409
407.049453
NaN
NaN
NaN
NaN
NaN
NaN
NaN
NaN
NaN
NaN
NaN
NaN
NaN
NaN
NaN
NaN
NaN
NaN
NaN
NaN
NaN
NaN
NaN
NaN
NaN
NaN
NaN
NaN
NaN
NaN
NaN
NaN
NaN
NaN
NaN
NaN
NaN
NaN
NaN
NaN
NaN
NaN
NaN
NaN
NaN
NaN
NaN
NaN
NaN
NaN
NaN
NaN
NaN
NaN
NaN
NaN
NaN
NaN
NaN
NaN
NaN
NaN
NaN
NaN
NaN
NaN
NaN
NaN
NaN
NaN
NaN
NaN
NaN
NaN
NaN
NaN
NaN
NaN
NaN
NaN
NaN
NaN
NaN
NaN
NaN
NaN
NaN
NaN
NaN
NaN
NaN
NaN
NaN
NaN
NaN
NaN
NaN
NaN
NaN
NaN
NaN
NaN
NaN
NaN
NaN
NaN
NaN
NaN
NaN
NaN
NaN
NaN
NaN
NaN
NaN
NaN
NaN
NaN
NaN
NaN
NaN
NaN
NaN
NaN
NaN
NaN
NaN
NaN
NaN
NaN
NaN
NaN
NaN
NaN
NaN
NaN
NaN
NaN
NaN
NaN
NaN
NaN
NaN
NaN
NaN
NaN
NaN
NaN
NaN
NaN
NaN
NaN
NaN
NaN
NaN
NaN
NaN
NaN
NaN
NaN
NaN
NaN
NaN
NaN
NaN
NaN
NaN
NaN
NaN
NaN
NaN
NaN
NaN
NaN
NaN
NaN
NaN
NaN
NaN
NaN
NaN
NaN
NaN
NaN
NaN
NaN
NaN
NaN
NaN
NaN
NaN
NaN
NaN
NaN
NaN
NaN
NaN
NaN
NaN
NaN
NaN
NaN
NaN
NaN
NaN
NaN
NaN
NaN
NaN
NaN
NaN
NaN
NaN
NaN
NaN
NaN
NaN
NaN
NaN
NaN
NaN
NaN
NaN
NaN
NaN
NaN
NaN
NaN
NaN
NaN
NaN
NaN
NaN
NaN
NaN
NaN
NaN
NaN
NaN
NaN
NaN
NaN
NaN
NaN
NaN
NaN
NaN
NaN
NaN
NaN
NaN
NaN
NaN
NaN
NaN
NaN
NaN
NaN
NaN
NaN
NaN
NaN
NaN
NaN
NaN
NaN
NaN
NaN
NaN
NaN
NaN
NaN
NaN
NaN
NaN
NaN
NaN
NaN
NaN
NaN
NaN
NaN
NaN
NaN
NaN
NaN
NaN
NaN
NaN
NaN
NaN
NaN
NaN
NaN
NaN
NaN
NaN
NaN
NaN
NaN
NaN
NaN
NaN
NaN
NaN
NaN
NaN
NaN
NaN
NaN
NaN
NaN
NaN
NaN
NaN
NaN
398.746004
462.495713
487.793646
465.966637
467.983728
515.710163
601.926563
666.656583
704.546523
733.881107
745.724603
764.068753
770.964714
758.223019
703.507663
686.928606
655.899886
661.697860
679.175212
661.439254
594.047008
613.818375
631.833961
644.500727
644.752224
740.864602
899.518225
1082.063705
1116.344421
1272.740684
1297.764446
1297.737339
1296.472675
1325.061883
1335.068235
1333.682525
1326.013999
NaN
NaN
NaN
NaN
NaN
NaN
NaN
NaN
NaN
NaN
NaN
NaN
NaN
NaN
NaN
NaN
NaN
NaN
NaN
NaN
NaN
NaN
NaN
NaN
NaN
NaN
NaN
NaN
NaN
NaN
NaN
NaN
NaN
NaN
NaN
NaN
NaN
NaN
NaN
NaN
NaN
NaN
NaN
NaN
NaN
NaN
NaN
NaN
NaN
NaN
NaN
772.287330
749.726892
746.336018
581.516354
537.381994
603.780461
702.636883
779.868929
894.424217
995.800618
1023.672177
1013.748987
965.246645
892.844782
883.683495
841.964665
775.543888
845.874514
902.604294
892.771891
873.753733
858.716704
867.113813
982.585619
1001.958669
941.579321
811.785350
755.803216
726.806064
566.071598
348.393942
464.464001
NaN
NaN
NaN
NaN
NaN
NaN
NaN
NaN
NaN
NaN
NaN
NaN
NaN
NaN
NaN
NaN
NaN
NaN
NaN
NaN
NaN
NaN
NaN
NaN
NaN
NaN
NaN
NaN
NaN
NaN
NaN
NaN
NaN
NaN
NaN
NaN
NaN
NaN
NaN
NaN
NaN
NaN
NaN
NaN
NaN
NaN
NaN
NaN
NaN
NaN
NaN
NaN
NaN
NaN
NaN
NaN
NaN
NaN
NaN
NaN
NaN
NaN
NaN
NaN
NaN
NaN
NaN
NaN
NaN
NaN
NaN
NaN
NaN
NaN
NaN
NaN
NaN
NaN
NaN
NaN
NaN
NaN
NaN
NaN
NaN
NaN
NaN
NaN
NaN
NaN
NaN
NaN
NaN
NaN
NaN
NaN
NaN
NaN
NaN
NaN
NaN
NaN
NaN
NaN
NaN
NaN
NaN
NaN
NaN
NaN
NaN
NaN
NaN
NaN
NaN
NaN
NaN
NaN
NaN
NaN
NaN
NaN
NaN
NaN
NaN
NaN
NaN
NaN
NaN
NaN
NaN
NaN
NaN
NaN
NaN
NaN
NaN
NaN
NaN
NaN
NaN
NaN
NaN
NaN
NaN
NaN
NaN
NaN
NaN
NaN
NaN
NaN
NaN
NaN
NaN
NaN
NaN
NaN
NaN
NaN
NaN
NaN
NaN
NaN
NaN
NaN
NaN
NaN
NaN
NaN
NaN
NaN
NaN
NaN
NaN
NaN
NaN
NaN
NaN
NaN
NaN
NaN
NaN
NaN
NaN
NaN
NaN
NaN
NaN
NaN
NaN
NaN
NaN
NaN
NaN
NaN
NaN
NaN
NaN
NaN
NaN
NaN
NaN
NaN
NaN
NaN
NaN
NaN
NaN
NaN
NaN
NaN
NaN
NaN
NaN
NaN
NaN
NaN
NaN
NaN
NaN
NaN
NaN
NaN
NaN
NaN
NaN
NaN
NaN
NaN
NaN
NaN
NaN
NaN
NaN
NaN
NaN
NaN
NaN
NaN
NaN
NaN
NaN
NaN
NaN
NaN
NaN
NaN
NaN
NaN
NaN
NaN
NaN
NaN
NaN
NaN
NaN
NaN
NaN
NaN
NaN
NaN
NaN
NaN
NaN
NaN
NaN
NaN
NaN
NaN
NaN
NaN
NaN
NaN
NaN
NaN
NaN
NaN
NaN
NaN
NaN
NaN
NaN
NaN
NaN
NaN
NaN
NaN
NaN
NaN
NaN
NaN
NaN
NaN
NaN
NaN
NaN
NaN
NaN
NaN
NaN
NaN
NaN
NaN
NaN
NaN
NaN
NaN
NaN
NaN
NaN
NaN
NaN
NaN
NaN
NaN
NaN
NaN
NaN
NaN
NaN
NaN
NaN
NaN
NaN
NaN
NaN
NaN
NaN
NaN
NaN
NaN
NaN
NaN
NaN
NaN
NaN
NaN
NaN
NaN
NaN
NaN
NaN
NaN
NaN
NaN
NaN
NaN
NaN
NaN
NaN
NaN
NaN
NaN
NaN
NaN
NaN
NaN
NaN
NaN
NaN
NaN
NaN
NaN
NaN
NaN
NaN
NaN
NaN
NaN
NaN
NaN
NaN
NaN
NaN
NaN
NaN
NaN
NaN
NaN
NaN
NaN
NaN
NaN
NaN
NaN
NaN
NaN
NaN
NaN
NaN
NaN
NaN
NaN
NaN
NaN
NaN
NaN
